"lon"	"lat"	"201610140000"	"201610140100"	"201610140200"	"201610140300"	"201610140400"	"201610140500"	"201610140600"	"201610140700"	"201610140800"	"201610140900"	"201610141000"	"201610141100"	"201610141200"	"201610141300"	"201610141400"	"201610141500"	"201610141600"	"201610141700"	"201610141800"	"201610141900"	"201610142000"	"201610142100"	"201610142200"	"201610142300"
9.75	44	0	0	0	0	0.145666316151619	0.253993570804596	0	0.26023867726326	0	0	0	0	0.892890334129333	0.187648445367813	0	0	0	0	0	0	0	0	0	0
9.75	44.1	0	0.199999943375587	0	0	0	0	0	0	0	0	0	0	0.200000017881393	0.399999767541885	0.400000035762787	0.399999976158142	0	0	0	0	0.200000002980232	0	0	0
9.75	44.2	0.19999985396862	0	0.399999976158142	0	0.999999821186066	0.799999475479126	0.600000083446503	4.00000429153442	0.799998462200165	0	0	0	12.3999996185303	1.60000002384186	2.40000152587891	3.20000028610229	0.599999904632568	0.199999898672104	0	0	0	0	0	0
9.75	44.3	0.477387666702271	0.217649310827255	0.144356444478035	0.0993299186229706	2.23422265052795	3.09456205368042	1.44207727909088	5.97237968444824	5.23822069168091	1.20427095890045	0.121125236153603	0.114853672683239	8.15260982513428	4.04856157302856	4.50866937637329	3.68074631690979	0.998075246810913	0.108587354421616	0	0	0	0.158579751849174	1.03421247005463	0.706948935985565
9.75	44.4	2.28618383407593	1.56880915164948	0.99102783203125	0.3272365629673	1.50283765792847	4.23174905776978	7.55307579040527	4.75656461715698	16.2218799591064	4.4192943572998	0.39751198887825	0	10.2765817642212	5.86663103103638	5.40853595733643	3.94789719581604	1.12528967857361	0	0.0547906011343002	0	0	0.223753452301025	1.54000198841095	1.39517164230347
9.75	44.5	2.87993764877319	1.97336292266846	2.08360934257507	0.184375211596489	1.22550630569458	4.85990190505981	6.75754117965698	1.05121386051178	11.229024887085	5.99682903289795	1.48371815681458	0.0681154802441597	11.9703807830811	5.56215381622314	6.48728609085083	4.73504018783569	1.84527111053467	0.072534441947937	0	0	0	0	0.761251866817474	0.691787481307983
9.75	44.6	1.40000021457672	0.600000083446503	1.40000009536743	0	0	1.20000016689301	5.59999895095825	0.600000381469727	3.59999942779541	2.80000066757202	2.19999980926514	0.200000017881393	6.19999980926514	4.99999904632568	6.59999847412109	5.60000038146973	1.79999959468842	0	0	0	0	0	0.600000262260437	0.200000032782555
9.75	44.7	0.753973186016083	1.65230166912079	1.00384378433228	0.540556192398071	0.108754016458988	0.793164849281311	3.32920789718628	0.911271154880524	2.42464900016785	2.74280190467834	2.48448920249939	0.338610529899597	4.79581451416016	4.40754461288452	7.16599178314209	4.74044036865234	1.41629421710968	0	0	0.128015473484993	0	0.0949742197990417	0.784558534622192	0.227224960923195
9.75	44.8	0.399115949869156	1.38638174533844	0.693076312541962	0.440463185310364	0.460273921489716	0.920595943927765	2.59963417053223	1.22347581386566	1.72254252433777	2.81632447242737	3.40330505371094	0.209485098719597	2.03677034378052	4.37653207778931	5.72694253921509	4.78869152069092	1.89006996154785	0.142979547381401	0	0	0	0.372760355472565	0.481504589319229	0.14121600985527
9.75	44.9	0.287367433309555	0.744656205177307	0.301576316356659	0.501692414283752	0.338333278894424	0.305792391300201	1.22216141223907	0.798741817474365	0.999552726745605	1.27805030345917	2.97200131416321	0.0536944419145584	0.751315891742706	2.53549933433533	3.868079662323	2.84391975402832	1.18398201465607	0.0778801590204239	0	0	0	0.182851329445839	0.170956432819366	0
9.75	45	0.296134233474731	0.318975925445557	0.397114545106888	0.769512414932251	0.0797583162784576	0.294794678688049	0.560999751091003	0.684593081474304	0.510660469532013	0.584349870681763	1.86611711978912	0.171679526567459	0.116308495402336	0.593573987483978	2.07506585121155	1.15440380573273	0.576904058456421	0.0793894305825233	0	0.0948755145072937	0	0.235013753175735	0.0657033324241638	0
9.85	44	0	0	0.0949329063296318	0	0.379195988178253	0.632384121417999	0	1.32412981987	0.145799949765205	0	0	0	1.51242661476135	0.622832059860229	0.654339909553528	0.612809062004089	0.0718503147363663	0	0	0	0	0	0	0
9.85	44.1	0	0	0	0	0.39999982714653	0.999999165534973	0	3.20000004768372	0.399999976158142	0.20000022649765	0	0	7.20000076293945	2.39999890327454	1.80000042915344	1.99999928474426	0.199999749660492	0	0	0	0	0	0	0
9.85	44.2	0.208382681012154	0.574644207954407	0.833846211433411	0.140086457133293	1.4462251663208	0.0683832839131355	0.717535257339478	1.68113815784454	1.1457085609436	0.106046617031097	0	0	6.29556083679199	4.35088777542114	2.87792372703552	3.09224271774292	0.959490180015564	0	0.174711763858795	0	0	0	0	0
9.85	44.3	0.599999725818634	1.20000004768372	2	0	3.20000004768372	0.400000005960464	0.600000143051147	2.59999918937683	4.20000028610229	0.599999189376831	0	0	5.80000162124634	5.79999971389771	3.80000066757202	5	1.39999985694885	0	0	0.200000002980232	0	0	0	0
9.85	44.4	1.80000007152557	1.59999990463257	2.20000004768372	0.200000047683716	1.39999961853027	1.20000004768372	1.79999971389771	0.999999523162842	7.79999732971191	6.80000114440918	0.200000613927841	0.199999943375587	8.60000133514404	7.20000076293945	5.79999780654907	5	2.00000023841858	0	0	0	0	0	0	0.199999958276749
9.85	44.5	3.03909254074097	1.63356268405914	2.66458559036255	0	1.46115839481354	3.53832197189331	4.58548402786255	0.0910811200737953	9.45298480987549	8.01566982269287	1.45595288276672	0.109513722360134	13.6225318908691	6.87172269821167	6.72001123428345	5.10365009307861	2.29647469520569	0.294270396232605	0	0	0	0	0.344958990812302	0.409552335739136
9.85	44.6	1.60000026226044	2	0.799999952316284	0.399999976158142	0.400000125169754	2.59999990463257	2.99999976158142	0.199999913573265	4.59999942779541	6.40000057220459	4.19999933242798	0	7.20000028610229	4.60000038146973	7.19999933242798	5.79999876022339	2.59999966621399	0.199999958276749	0	0	0	0.200000017881393	0.200000137090683	0.200000047683716
9.85	44.7	0.962629079818726	1.21567511558533	0.717599093914032	0.287900239229202	0.550639152526855	1.83708703517914	3.45349621772766	0.769119620323181	2.92147374153137	5.24479198455811	3.19266963005066	0.37952733039856	3.26030850410461	4.9968638420105	5.49352645874023	6.56191253662109	2.6855685710907	0.20254322886467	0	0.0688711553812027	0	0.426982313394547	0.602507591247559	0.247602507472038
9.85	44.8	2.40000009536743	1.79999983310699	2.20000004768372	0.200000032782555	2.00000023841858	4.00000095367432	5.00000143051147	0	10.1999988555908	7.40000009536743	1.79999983310699	0	15.9999961853027	7.79999923706055	7.59999990463257	6	2.40000009536743	0.199999883770943	0	0	0	0	0.400000154972076	0.600000262260437
9.85	44.9	0.216126471757889	0.568989753723145	0.329146534204483	0.299620598554611	0.340384989976883	0.40725514292717	1.39605736732483	0.435922622680664	0.905892133712769	1.38332605361938	2.42362356185913	0.100334979593754	0.0972700119018555	2.26169991493225	3.19946312904358	2.69265985488892	1.8665144443512	0.203062310814857	0	0.0503173135221004	0	0.20995469391346	0.147079095244408	0
9.85	45	0.538826882839203	0.309434950351715	0.181028887629509	0.302815139293671	0.0794326737523079	0.476113647222519	0.481731593608856	0.760670602321625	0.359775841236115	0.624239861965179	2.07131385803223	0.785923063755035	0.543823480606079	0.987291753292084	1.63414680957794	1.19340765476227	0.920247912406921	0.668935894966125	0.581008791923523	0.398922979831696	0.155761659145355	0.312210857868195	0.150896966457367	0.190213277935982
9.95	44	0	0	0.0864975899457932	0	0.615389406681061	0	0	1.82548093795776	0.327264130115509	0	0	0	4.83632373809814	2.3228862285614	1.39606630802155	1.14963412284851	0.174802631139755	0	0.178458124399185	0	0	0	0	0.0565452873706818
9.95	44.1	1.20000028610229	0.200000122189522	0	0	0.599999725818634	0.5999995470047	0.199999868869781	3.60000014305115	4.20000171661377	0	0	0	6.19999885559082	5.80000066757202	2.19999980926514	3.00000095367432	0.599999666213989	0	0.599999606609344	0	0	0	0	0
9.95	44.2	0.398495495319366	0.960324287414551	1.09004998207092	0.0875079333782196	1.93047440052032	0.667134702205658	1.22474658489227	2.04373598098755	2.49134659767151	0.385075151920319	0	0	9.8141508102417	5.64220809936523	2.65534043312073	3.13110971450806	1.23336052894592	0	0.298439204692841	0	0	0.0695017948746681	0	0.0539394691586494
9.95	44.3	0.976490676403046	1.48551666736603	1.75746321678162	0.209556698799133	2.09898829460144	0.516512155532837	0.847435295581818	1.16604137420654	2.68072772026062	2.93497920036316	0.168464571237564	0.0525179132819176	5.94771480560303	5.42471742630005	3.81736898422241	3.92532539367676	1.47860980033875	0	0	0	0	0	0	0
9.95	44.4	1.5080885887146	1.49760115146637	2.58115363121033	0.701265931129456	2.82573461532593	0.783089280128479	2.09121894836426	0	4.40817022323608	8.37728118896484	0.0923994779586792	0.260114103555679	10.528076171875	9.34946155548096	4.63199520111084	4.67981958389282	2.63377451896667	0.510038018226624	0.170079737901688	0.109326869249344	0.107503265142441	0	0	0.0996439456939697
9.95	44.5	2.56835699081421	1.40194320678711	2.80389857292175	0.764196991920471	1.6231130361557	0.553689181804657	1.63439047336578	0	4.56800842285156	8.31929683685303	0.30186927318573	0.23446524143219	12.6727666854858	9.67367744445801	5.46720933914185	5.53746366500854	3.63615322113037	0.754505157470703	0.0589962601661682	0.129833370447159	0	0	0.0605183355510235	0.206410393118858
9.95	44.6	1.27931201457977	1.1256810426712	0.349976480007172	0	0.249212667346001	1.60459589958191	1.62012493610382	0.256061106920242	3.49463891983032	5.5628080368042	2.77162504196167	0	4.97850513458252	4.8269681930542	5.24842977523804	5.64696407318115	2.94571828842163	0.224746719002724	0	0	0.150966316461563	0.345800280570984	0.134465619921684	0.175692334771156
9.95	44.7	1.20000004768372	0.999999821186066	0.600000143051147	0.200000002980232	0.400000005960464	2	1.20000076293945	0.600000023841858	2.40000033378601	6.80000066757202	2.40000081062317	0.400000125169754	0.799999535083771	6.1999979019165	4.40000057220459	7	4.19999885559082	0.399999976158142	0	0	0	0.599999904632568	0.400000125169754	0.400000274181366
9.95	44.8	0.599999964237213	0.599999964237213	0.600000023841858	0.400000005960464	0.400000035762787	0.800000131130219	1.60000050067902	0.400000095367432	1.40000009536743	3.39999961853027	1.39999973773956	0.200000047683716	0.39999982714653	6.19999980926514	4.99999952316284	5.39999914169312	5.60000085830688	0.599999964237213	0	0.199999988079071	0	0.200000032782555	0.400000035762787	0
9.95	44.9	-9999	-9999	-9999	-9999	-9999	-9999	-9999	-9999	-9999	-9999	-9999	-9999	-9999	-9999	-9999	-9999	-9999	-9999	-9999	-9999	-9999	-9999	-9999	-9999
9.95	45	0.675041675567627	0.288768529891968	0.370527893304825	0.235842853784561	0.115063808858395	0.679397404193878	0.585554003715515	0.844168424606323	0.880743682384491	0.949620425701141	1.16485834121704	0.833527624607086	0.763305246829987	1.0218141078949	1.6606947183609	2.16336107254028	1.31492841243744	0.734447658061981	0.687374532222748	0.478093236684799	0.840880811214447	0.481609016656876	0.0581146292388439	0.252254486083984
10.05	44	-9999	-9999	-9999	-9999	-9999	-9999	-9999	-9999	-9999	-9999	-9999	-9999	-9999	-9999	-9999	-9999	-9999	-9999	-9999	-9999	-9999	-9999	-9999	-9999
10.05	44.1	0.600000143051147	0.200000047683716	0	0	0.599999368190765	0	0.199999079108238	3.59999990463257	0.800000309944153	0	0	0	8.19999980926514	5.19999980926514	1.79999995231628	2.59999942779541	0.600000381469727	0.200000017881393	0.800000846385956	0	0	0	0	0
10.05	44.2	-9999	-9999	-9999	-9999	-9999	-9999	-9999	-9999	-9999	-9999	-9999	-9999	-9999	-9999	-9999	-9999	-9999	-9999	-9999	-9999	-9999	-9999	-9999	-9999
10.05	44.3	-9999	-9999	-9999	-9999	-9999	-9999	-9999	-9999	-9999	-9999	-9999	-9999	-9999	-9999	-9999	-9999	-9999	-9999	-9999	-9999	-9999	-9999	-9999	-9999
10.05	44.4	1.59999978542328	2.00000023841858	2.99999976158142	1.20000064373016	4.00000047683716	0.599998295307159	0.599999666213989	0	3.59999942779541	5.79999876022339	0.200000137090683	0.400000005960464	10.2000007629395	12.4000053405762	4.19999837875366	4.80000066757202	3.19999980926514	0.199999958276749	0.199999988079071	0	0.199999988079071	0	0	0
10.05	44.5	-9999	-9999	-9999	-9999	-9999	-9999	-9999	-9999	-9999	-9999	-9999	-9999	-9999	-9999	-9999	-9999	-9999	-9999	-9999	-9999	-9999	-9999	-9999	-9999
10.05	44.6	-9999	-9999	-9999	-9999	-9999	-9999	-9999	-9999	-9999	-9999	-9999	-9999	-9999	-9999	-9999	-9999	-9999	-9999	-9999	-9999	-9999	-9999	-9999	-9999
10.05	44.7	1.01712357997894	0.633597791194916	0.235920459032059	0.391018837690353	0.386247187852859	0.603970527648926	0	0.89295506477356	0.880837500095367	2.18328928947449	0.72012597322464	0.0848321542143822	1.58113443851471	4.62170791625977	3.26780700683594	4.46453428268433	4.6733078956604	0.443302631378174	0.247365832328796	0.0559057407081127	0	0.106718793511391	0.283589601516724	0.352757334709167
10.05	44.8	0.799999713897705	0.400000035762787	0.600000023841858	0.599999725818634	0.199999913573265	0.600000023841858	0.400000244379044	0	1.79999959468842	1.80000030994415	0.600000202655792	0.200000032782555	0.199999421834946	4.19999885559082	4.80000066757202	4.20000076293945	5.19999980926514	0.399999976158142	0	0.200000017881393	0	0	0.399999916553497	0.200000151991844
10.05	44.9	-9999	-9999	-9999	-9999	-9999	-9999	-9999	-9999	-9999	-9999	-9999	-9999	-9999	-9999	-9999	-9999	-9999	-9999	-9999	-9999	-9999	-9999	-9999	-9999
10.05	45	0.627788901329041	0.348313480615616	0.415823638439178	0.346085727214813	0.114325061440468	0.338881820440292	0.781591594219208	1.22886967658997	0.59821355342865	0.843928396701813	1.42732501029968	0.891193807125092	0.6380415558815	1.18765723705292	1.66471326351166	1.4178729057312	1.59133732318878	1.12688195705414	0.740589022636414	0.52672666311264	0.553174197673798	0.424019545316696	0.428321897983551	0.272328853607178
10.15	44	0.199999660253525	0	0	0	0.199999496340752	0.600001335144043	0.599999725818634	0	0	0	0	0	5.19000101089478	14.9899978637695	3.20000076293945	2.20000028610229	0.999999761581421	1.00000047683716	1.79999971389771	0.199999868869781	0.199999883770943	0	0	0
10.15	44.1	-9999	-9999	-9999	-9999	-9999	-9999	-9999	-9999	-9999	-9999	-9999	-9999	-9999	-9999	-9999	-9999	-9999	-9999	-9999	-9999	-9999	-9999	-9999	-9999
10.15	44.2	0.600000023841858	0.600000083446503	0.199999988079071	0.79999965429306	0.800000369548798	0.199998706579208	0.399999588727951	0.999999761581421	2.20000004768372	0.199999794363976	0	0	11.8000020980835	11.3999977111816	5.40000009536743	5.3999981880188	3.00000023841858	1.20000076293945	1.59999990463257	0	0	0	0	0
10.15	44.3	-9999	-9999	-9999	-9999	-9999	-9999	-9999	-9999	-9999	-9999	-9999	-9999	-9999	-9999	-9999	-9999	-9999	-9999	-9999	-9999	-9999	-9999	-9999	-9999
10.15	44.4	-9999	-9999	-9999	-9999	-9999	-9999	-9999	-9999	-9999	-9999	-9999	-9999	-9999	-9999	-9999	-9999	-9999	-9999	-9999	-9999	-9999	-9999	-9999	-9999
10.15	44.5	-9999	-9999	-9999	-9999	-9999	-9999	-9999	-9999	-9999	-9999	-9999	-9999	-9999	-9999	-9999	-9999	-9999	-9999	-9999	-9999	-9999	-9999	-9999	-9999
10.15	44.6	0.801779448986053	0.667928457260132	0.652375936508179	0.370602339506149	1.0066123008728	1.38525950908661	0	0.108363203704357	0.150282099843025	1.53513133525848	0.154437974095345	0	0.968168556690216	5.43088579177856	3.39215064048767	4.89378976821899	5.89288139343262	0.538786113262177	0	0.210932120680809	0.165390253067017	0.430687338113785	0.211469486355782	0.283083438873291
10.15	44.7	0	0	0	0	2.09211039543152	0	0.551413536071777	0	0	0	0	0	1.2755172252655	4.85980749130249	5.12597513198853	1.58065664768219	0.561796724796295	1.02158284187317	0.540579676628113	0.508069097995758	0	0	0	0
10.15	44.8	0.310521304607391	0	0	0	3.86088442802429	0.751739084720612	0.686344683170319	0	0	0	0	0	1.96350431442261	4.72738313674927	6.01148700714111	1.76656568050385	0.870254158973694	1.63687515258789	0.957418441772461	0.68583470582962	0	0	0	0
10.15	44.9	0.566327691078186	0.700482606887817	0.711841464042664	0	0.768029451370239	0.804966151714325	0	0.815082013607025	2.79642057418823	1.12192094326019	0	0.11742889136076	4.56293964385986	4.12834548950195	4.82273483276367	7.1248459815979	1.65967869758606	0.277224838733673	0.368370145559311	0	1.53489303588867	0.973240494728088	0.187349736690521	0.0965024828910828
10.15	45	-9999	-9999	-9999	-9999	-9999	-9999	-9999	-9999	-9999	-9999	-9999	-9999	-9999	-9999	-9999	-9999	-9999	-9999	-9999	-9999	-9999	-9999	-9999	-9999
10.25	44	1.4000004529953	0	0	0	0	1.39999961853027	0.79999965429306	1.00000011920929	0	0	0	0	1.60000205039978	27.3999938964844	4.40000057220459	5.80000019073486	2.00000023841858	3.20000028610229	3.20000004768372	1.40000009536743	0.200000062584877	0	0	0
10.25	44.1	0	0.492183715105057	0	0	0.514162421226501	0.124995805323124	0.0505136027932167	0	0	0	0	0	0	0	0.852215647697449	2.74773788452148	0.152981609106064	0.360676825046539	0.276743531227112	0.195865601301193	0	0	0	0
10.25	44.2	0.464061498641968	0.10951191931963	0.22315539419651	0.60609644651413	0.568831086158752	5.3034930229187	0.649862766265869	1.35821926593781	1.0079357624054	0.421099245548248	0	0	1.74305737018585	14.7746391296387	3.25273036956787	6.80040073394775	3.54212093353271	2.57236504554749	3.57789373397827	0.570231795310974	0.409988403320312	0	0	0
10.25	44.3	5.19999980926514	0.999999940395355	0.400000810623169	0.999999344348907	0.600000500679016	0.599999129772186	0.799999356269836	0.200000286102295	1.20000016689301	0.400000274181366	0	0	6.99999809265137	22.5899982452393	2.99999976158142	6.40000200271606	4.00000047683716	1.99999988079071	2.20000004768372	0	0.200000032782555	0	0	0
10.25	44.4	2.21900629997253	2.619384765625	2.73947405815125	1.39232921600342	1.18718719482422	1.32778942584991	0.237123101949692	0	0.932474195957184	1.0130877494812	0	0.0828952118754387	0.924450814723969	15.1341714859009	3.08820581436157	6.52026319503784	5.86245775222778	1.80596470832825	1.4897712469101	0.0830614566802979	0.127890169620514	0	0	0
10.25	44.5	1.03781032562256	2.78661060333252	1.98851251602173	1.3940178155899	0	1.88975846767426	0.690935075283051	0	0.0844639614224434	1.04311180114746	0	0	0	7.17205238342285	1.60181105136871	4.73619318008423	6.89956140518188	2.00883030891418	0.56572026014328	0.660482227802277	0.12480753660202	0	0	0
10.25	44.6	0.99999988079071	2.59999942779541	1.80000066757202	3.20000076293945	0.599999606609344	3.99999952316284	0.200000062584877	0.200000137090683	0	0.800000309944153	0	0	0	7.40000295639038	2.39999985694885	4.39999914169312	6.80000066757202	1.59999978542328	0.400000005960464	0.800000250339508	0	0.200000107288361	0	0.199999958276749
10.25	44.7	1.48000717163086	0.866645336151123	2.72681975364685	1.38903379440308	2.88433885574341	3.86728453636169	0.618327617645264	0	0.398106068372726	0.449702560901642	0	0.0963122770190239	3.00481557846069	3.09121179580688	2.91611528396606	5.04573583602905	3.95583868026733	1.04524374008179	0.507078647613525	0.341404557228088	0	0.113946616649628	0.0501956529915333	0.0848475620150566
10.25	44.8	-9999	-9999	-9999	-9999	-9999	-9999	-9999	-9999	-9999	-9999	-9999	-9999	-9999	-9999	-9999	-9999	-9999	-9999	-9999	-9999	-9999	-9999	-9999	-9999
10.25	44.9	0.588254034519196	1.25836312770844	0.895769834518433	0.807879090309143	0.56807267665863	2.33183526992798	1.6244523525238	0.52463698387146	1.87426972389221	0.544819474220276	0.133296102285385	0	4.09537076950073	4.4631667137146	3.17591857910156	5.99332427978516	3.32689881324768	1.27912545204163	0.781872749328613	0.161063179373741	0.183933243155479	0.429590821266174	0.14191946387291	0
10.25	45	-9999	-9999	-9999	-9999	-9999	-9999	-9999	-9999	-9999	-9999	-9999	-9999	-9999	-9999	-9999	-9999	-9999	-9999	-9999	-9999	-9999	-9999	-9999	-9999
10.35	44	3.80000114440918	0.0999998524785042	0	0	0	1.50000166893005	1.30000030994415	0.0999996811151505	0.0999998673796654	0	0	0	0.100000411272049	32.0000038146973	8.60000038146973	6.39999961853027	4	2.90000104904175	4.79999876022339	2.40000009536743	0.899999916553497	0	0	0
10.35	44.1	3.08604454994202	0.12947678565979	0.431202441453934	0.448572605848312	1.78279209136963	2.64143347740173	1.04932081699371	1.6727888584137	0.392180234193802	0.218149498105049	0	0.0726001560688019	0.290088266134262	28.3502559661865	5.01535892486572	7.97205972671509	4.41956329345703	4.34739875793457	5.5618953704834	2.16293859481812	0.852452397346497	0	0	0
10.35	44.2	1.40000128746033	0.600000500679016	0.600000143051147	1.79999995231628	1.19999933242798	4.99999666213989	1.39999961853027	1.59999966621399	1.99999928474426	0.999999582767487	0.200000196695328	0	0.199999809265137	17.4000072479248	3.80000138282776	7.20000028610229	4.80000019073486	3.59999966621399	4.59999990463257	1.80000042915344	0.99999988079071	0	0	0
10.35	44.3	-9999	-9999	-9999	-9999	-9999	-9999	-9999	-9999	-9999	-9999	-9999	-9999	-9999	-9999	-9999	-9999	-9999	-9999	-9999	-9999	-9999	-9999	-9999	-9999
10.35	44.4	0.146985024213791	0	0	0	2.55265784263611	2.05551171302795	0.254348993301392	0.122015275061131	0	0	0	0	1.36058700084686	19.3930168151855	16.9561080932617	6.61324262619019	2.8062858581543	3.01099038124084	3.59707617759705	2.954829454422	0.0924426913261414	0	0	0
10.35	44.5	0.402169913053513	0	0	0	2.37623333930969	1.44721329212189	0.132993057370186	0.11194521933794	0	0	0	0	1.79357826709747	20.7190780639648	11.9519147872925	5.67151689529419	2.69135785102844	2.65978169441223	3.62756729125977	2.34418535232544	0.0690060555934906	0	0	0
10.35	44.6	1.120396733284	0	0	0	0.652882218360901	4.84630155563354	0.709393203258514	0.129907920956612	0	0	0	0	1.53091549873352	29.6173362731934	9.20125293731689	5.78624820709229	3.61678218841553	2.5860583782196	4.52203226089478	2.9456467628479	0.474547743797302	0	0	0
10.35	44.7	0.568642854690552	1.36691689491272	1.28690910339355	2.51599407196045	1.05386137962341	4.60938596725464	1.91112112998962	0.41513979434967	0.198170244693756	0.805432438850403	0.115752130746841	0	0.177774101495743	2.56941342353821	3.17147088050842	3.98137092590332	4.52631950378418	1.65613543987274	1.06929981708527	0.873812317848206	0.0587506964802742	0.180726185441017	0	0
10.35	44.8	-9999	-9999	-9999	-9999	-9999	-9999	-9999	-9999	-9999	-9999	-9999	-9999	-9999	-9999	-9999	-9999	-9999	-9999	-9999	-9999	-9999	-9999	-9999	-9999
10.35	44.9	0.648327171802521	1.00442743301392	1.25376164913177	1.74556767940521	0.700518846511841	2.48442792892456	3.37692284584045	0.685163199901581	1.19179809093475	0.645314872264862	0.331714272499084	0	2.44340872764587	3.87536144256592	3.16865539550781	4.42356061935425	4.90606117248535	1.85197269916534	0.949034929275513	0.406034737825394	0.0854699909687042	0.382787466049194	0.0658007115125656	0
10.35	45	0	0	0.399999856948853	0	2.99999928474426	2.39999914169312	0	0	0	0	0.199999958276749	0	0	6.20000219345093	14.8000020980835	9.8000020980835	2	2.60000014305115	3.39999961853027	2.39999938011169	0	0.199999943375587	0	0
10.45	44	-9999	-9999	-9999	-9999	-9999	-9999	-9999	-9999	-9999	-9999	-9999	-9999	-9999	-9999	-9999	-9999	-9999	-9999	-9999	-9999	-9999	-9999	-9999	-9999
10.45	44.1	-9999	-9999	-9999	-9999	-9999	-9999	-9999	-9999	-9999	-9999	-9999	-9999	-9999	-9999	-9999	-9999	-9999	-9999	-9999	-9999	-9999	-9999	-9999	-9999
10.45	44.2	-9999	-9999	-9999	-9999	-9999	-9999	-9999	-9999	-9999	-9999	-9999	-9999	-9999	-9999	-9999	-9999	-9999	-9999	-9999	-9999	-9999	-9999	-9999	-9999
10.45	44.3	2.00000047683716	0.800000488758087	0.599999785423279	1.39999985694885	0.600000143051147	10.7999973297119	1.20000183582306	0.800000727176666	0.399999648332596	1.20000112056732	2.40000081062317	0.200000181794167	0	12.3999996185303	3.80000019073486	10.1999998092651	6.40000009536743	3.80000019073486	4.19999885559082	3.00000023841858	1.80000030994415	0	0	0
10.45	44.4	1.47991061210632	0.537014484405518	0.255399495363235	0.473115205764771	0.460296124219894	4.05647897720337	3.37607359886169	1.788334608078	0.54829615354538	1.31307768821716	2.03460144996643	0	0.138594940304756	3.82418155670166	1.58065712451935	4.20217514038086	5.07266664505005	3.66512703895569	2.15701174736023	2.58085417747498	1.37389349937439	0.377725005149841	0.398407250642776	0
10.45	44.5	1.00000023841858	0.400000214576721	0.400000244379044	0.199999943375587	0.600000441074371	1.20000004768372	3.19999957084656	0.399999588727951	0.599999964237213	0	0.599999845027924	0	0	6	0.999999940395355	4.80000114440918	6.19999837875366	3.20000076293945	1.79999983310699	2	0.799999952316284	0	0.200000137090683	0
10.45	44.6	0.720739543437958	1.05319666862488	0.29911670088768	0.89074981212616	1.02076923847198	1.38124406337738	2.38126850128174	1.02639520168304	0.303068488836288	0.139320597052574	0.488204538822174	0	0.619248926639557	2.65839242935181	2.67917323112488	3.94330954551697	5.02547788619995	2.08980798721313	1.39201712608337	1.75499558448792	0.584766805171967	0.104886472225189	0	0
10.45	44.7	0.579275727272034	1.07078146934509	0.742154240608215	1.98333442211151	0.977011978626251	2.2544276714325	3.08149266242981	1.11277866363525	0.310799956321716	0.486387491226196	0.397704035043716	0	0.077276200056076	1.37273001670837	3.29714226722717	3.06731390953064	4.80469131469727	1.86794209480286	1.32243466377258	1.69257414340973	0.185896128416061	0.320453107357025	0	0
10.45	44.8	0.371273219585419	0.594162583351135	0.690752983093262	2.79553008079529	0.300086200237274	0.781738579273224	4.55436515808105	1.67864000797272	0.16575713455677	0.694720208644867	1.04694962501526	0	0	0.768162071704865	3.56382203102112	1.18708968162537	6.33030652999878	2.5476450920105	1.17795205116272	1.98841595649719	0.417309582233429	0.798030257225037	0	0
10.45	44.9	0.389992088079453	0.51970511674881	1.11228096485138	2.36951899528503	1.081667304039	0.68979412317276	4.7963433265686	1.61602854728699	0.61715692281723	0.768702447414398	0.66726940870285	0.208986967802048	0	1.69521999359131	4.13207578659058	2.04520010948181	5.94903945922852	2.94455099105835	1.0991063117981	1.56045520305634	0.276184111833572	0.869318842887878	0	0
10.45	45	-9999	-9999	-9999	-9999	-9999	-9999	-9999	-9999	-9999	-9999	-9999	-9999	-9999	-9999	-9999	-9999	-9999	-9999	-9999	-9999	-9999	-9999	-9999	-9999
10.55	44	-9999	-9999	-9999	-9999	-9999	-9999	-9999	-9999	-9999	-9999	-9999	-9999	-9999	-9999	-9999	-9999	-9999	-9999	-9999	-9999	-9999	-9999	-9999	-9999
10.55	44.1	3.34283328056335	1.0912971496582	0.162215679883957	0	0	5.40341758728027	2.53350472450256	0.0893347263336182	1.86100625991821	2.37261295318604	0	0	0.0511133559048176	13.902153968811	5.65884399414062	10.0549430847168	6.35962533950806	5.25361108779907	4.92532587051392	4.73879909515381	1.89446520805359	0.115920856595039	0	0.0588550865650177
10.55	44.2	5.39999961853027	3.99999928474426	0.399999648332596	0	0.599999487400055	5.20000028610229	3.79999971389771	0.200000122189522	3.39999866485596	7.59999704360962	0.800001084804535	0	0	13.399998664856	6.60000324249268	13.9999980926514	5.99999809265137	7.79999780654907	4.99999856948853	5.60000133514404	3.59999942779541	0	0	0
10.55	44.3	5.40000009536743	9.19999885559082	1.39999997615814	0.39999994635582	0.400000303983688	2.59999918937683	2.99999928474426	0.39999908208847	0.59999942779541	7	1.60000038146973	0	0	8.39999961853027	2.40000033378601	9.00000286102295	8.59999942779541	7.00000095367432	5.39999723434448	5.99999856948853	3.80000019073486	0	0	0
10.55	44.4	-9999	-9999	-9999	-9999	-9999	-9999	-9999	-9999	-9999	-9999	-9999	-9999	-9999	-9999	-9999	-9999	-9999	-9999	-9999	-9999	-9999	-9999	-9999	-9999
10.55	44.5	1.19999980926514	1.00000035762787	0.39999982714653	0	0.800000309944153	1.00000047683716	2.39999961853027	0.800000190734863	0.199999913573265	0.799999892711639	1.99999964237213	0	0	3.59999847412109	1.19999945163727	5	6.79999876022339	4.40000057220459	2.80000042915344	2.59999966621399	1.39999997615814	0	0	0
10.55	44.6	-9999	-9999	-9999	-9999	-9999	-9999	-9999	-9999	-9999	-9999	-9999	-9999	-9999	-9999	-9999	-9999	-9999	-9999	-9999	-9999	-9999	-9999	-9999	-9999
10.55	44.7	0.677357137203217	0.33845317363739	0.310787111520767	0.683430254459381	0.579938948154449	0.408030897378922	3.34848618507385	2.16161513328552	0.319955676794052	0.54871791601181	2.17261552810669	0	0	0.419248223304749	3.37847495079041	2.44513940811157	5.08266019821167	2.61839079856873	1.88461363315582	2.46021771430969	1.2423849105835	0.933572769165039	0.351228803396225	0
10.55	44.8	0.496838957071304	0.410619467496872	0.589133679866791	1.76190316677094	0.616290092468262	0	3.74961423873901	2.10383605957031	0.342315405607224	0.638072967529297	1.75937914848328	0.0740237683057785	0	0.111086264252663	4.00226449966431	1.68459510803223	5.48495769500732	2.6821026802063	1.44769763946533	2.3329610824585	0.836391270160675	1.08128380775452	0.142439618706703	0
10.55	44.9	0.201782673597336	0.41190966963768	0.542131066322327	1.98090600967407	0.937037229537964	0.479636609554291	3.77469635009766	1.9743458032608	0.415802359580994	0.591726958751678	0.87260776758194	0.332440346479416	0	0.809524416923523	4.29162931442261	1.80073666572571	5.44163942337036	3.13694357872009	1.14394927024841	2.07631015777588	0.439020752906799	1.08536243438721	0	0
10.55	45	-9999	-9999	-9999	-9999	-9999	-9999	-9999	-9999	-9999	-9999	-9999	-9999	-9999	-9999	-9999	-9999	-9999	-9999	-9999	-9999	-9999	-9999	-9999	-9999
10.65	44	0	0.143330380320549	0	0.0901066213846207	0.102290168404579	4.38168096542358	2.68437767028809	0.361231058835983	2.62870407104492	0.429303050041199	0.153559222817421	0	0	15.6482925415039	7.27295064926147	10.9575157165527	3.79655694961548	3.93765807151794	5.15936183929443	6.6084189414978	2.84641170501709	0.0949420630931854	0.0523287020623684	0
10.65	44.1	-9999	-9999	-9999	-9999	-9999	-9999	-9999	-9999	-9999	-9999	-9999	-9999	-9999	-9999	-9999	-9999	-9999	-9999	-9999	-9999	-9999	-9999	-9999	-9999
10.65	44.2	3.94675350189209	4.35895919799805	0.555275201797485	0	0.657560706138611	4.87595558166504	3.89250588417053	0.211635008454323	2.40135288238525	4.81359481811523	2.69060659408569	0	0.218720525503159	12.8658647537231	5.87142896652222	13.7533721923828	7.47540092468262	8.44656848907471	5.43894624710083	6.57059574127197	4.37466430664062	0.0883117243647575	0	0
10.65	44.3	-9999	-9999	-9999	-9999	-9999	-9999	-9999	-9999	-9999	-9999	-9999	-9999	-9999	-9999	-9999	-9999	-9999	-9999	-9999	-9999	-9999	-9999	-9999	-9999
10.65	44.4	1.75601482391357	4.62924146652222	0.484537154436111	0.429503291845322	0	1.3292418718338	2.95710444450378	0.969607830047607	0.1134999319911	2.35834383964539	1.66805696487427	0	0.0590710081160069	6.39999008178711	1.50299048423767	5.35686349868774	6.01588582992554	7.03423738479614	4.96025371551514	4.44762897491455	2.79559421539307	0.521685600280762	0	0
10.65	44.5	1.55360293388367	2.41866517066956	0.428995698690414	0.337664693593979	0.136315658688545	0.362808763980865	2.42036557197571	1.31140053272247	0	1.77998721599579	2.0764045715332	0	0	5.3001823425293	1.74163687229156	6.48100185394287	5.61479139328003	5.13272762298584	3.65701794624329	4.24900436401367	2.06090641021729	0.585003733634949	0	0
10.65	44.6	0.936581373214722	1.10083758831024	0.365143656730652	0.536308884620667	0.693066775798798	0.726383328437805	2.99680089950562	2.12067365646362	0.0785804614424706	1.25034773349762	1.53726291656494	0	0	1.01394534111023	2.82383298873901	3.67797422409058	5.29585886001587	4.03025388717651	2.95921778678894	3.48241758346558	1.41317474842072	0.83892023563385	0.244090959429741	0
10.65	44.7	-9999	-9999	-9999	-9999	-9999	-9999	-9999	-9999	-9999	-9999	-9999	-9999	-9999	-9999	-9999	-9999	-9999	-9999	-9999	-9999	-9999	-9999	-9999	-9999
10.65	44.8	0.311311423778534	0	0.305056005716324	0.346236199140549	0.149305194616318	0.789617002010345	1.60586833953857	2.08100342750549	0.143612861633301	0.541339099407196	2.15669846534729	0.0794340744614601	0.174517303705215	0.17704813182354	5.30368137359619	2.70418691635132	4.2778787612915	3.09029841423035	2.59291386604309	2.47516822814941	1.07552623748779	1.26682031154633	0.201296642422676	0
10.65	44.9	-9999	-9999	-9999	-9999	-9999	-9999	-9999	-9999	-9999	-9999	-9999	-9999	-9999	-9999	-9999	-9999	-9999	-9999	-9999	-9999	-9999	-9999	-9999	-9999
10.65	45	-9999	-9999	-9999	-9999	-9999	-9999	-9999	-9999	-9999	-9999	-9999	-9999	-9999	-9999	-9999	-9999	-9999	-9999	-9999	-9999	-9999	-9999	-9999	-9999
10.75	44	0.30000051856041	0.400000125169754	0	0	0	2.69999814033508	2.20000100135803	0.20000034570694	3.30000162124634	0.600000262260437	0.100000113248825	0	0	15.0999956130981	9.09999942779541	11.2999992370605	5.29999876022339	5.59999847412109	7.19999837875366	8.89999866485596	3.79999971389771	0.199999913573265	0	0
10.75	44.1	2.10000085830688	1.30000030994415	0.199999898672104	0.199999988079071	0.100000225007534	8.50000095367432	3.10000038146973	0.100000090897083	8.49999904632568	2.09999966621399	2.49500107765198	0.0999999716877937	0	10.8000011444092	6.10000276565552	6.69999837875366	3.89999890327454	5.09999990463257	5.99999904632568	6.59999990463257	3.90000057220459	0.500000238418579	0	0
10.75	44.2	-9999	-9999	-9999	-9999	-9999	-9999	-9999	-9999	-9999	-9999	-9999	-9999	-9999	-9999	-9999	-9999	-9999	-9999	-9999	-9999	-9999	-9999	-9999	-9999
10.75	44.3	-9999	-9999	-9999	-9999	-9999	-9999	-9999	-9999	-9999	-9999	-9999	-9999	-9999	-9999	-9999	-9999	-9999	-9999	-9999	-9999	-9999	-9999	-9999	-9999
10.75	44.4	1.54387485980988	4.29065704345703	0.515313625335693	0.296712756156921	0	2.66491031646729	3.19442248344421	1.03852140903473	0.0977518633008003	1.41390693187714	1.86041104793549	0	0	6.70024585723877	2.99606800079346	5.75533962249756	5.65111398696899	7.15724420547485	5.5930700302124	4.73319721221924	3.27515745162964	1.03587913513184	0	0
10.75	44.5	0.978537619113922	3.34092950820923	0.229433313012123	0	0.159094199538231	1.07883477210999	4.01889085769653	2.08852314949036	0	0.934050023555756	1.70493829250336	0	0	3.09104514122009	4.66519832611084	6.86538553237915	5.27869939804077	5.36573600769043	4.92202758789062	4.24875164031982	2.54394769668579	1.29470074176788	0	0
10.75	44.6	0.878781616687775	3.3613452911377	0.300173431634903	0.146613582968712	0.551885008811951	0.595670163631439	2.30038380622864	2.88031625747681	0	1.72500920295715	1.66784739494324	0	0	0.313792109489441	5.16714382171631	4.50462961196899	4.84230041503906	4.94987058639526	4.81081295013428	4.78203773498535	2.0457329750061	1.69607400894165	0.364701300859451	0.0936624929308891
10.75	44.7	-9999	-9999	-9999	-9999	-9999	-9999	-9999	-9999	-9999	-9999	-9999	-9999	-9999	-9999	-9999	-9999	-9999	-9999	-9999	-9999	-9999	-9999	-9999	-9999
10.75	44.8	-9999	-9999	-9999	-9999	-9999	-9999	-9999	-9999	-9999	-9999	-9999	-9999	-9999	-9999	-9999	-9999	-9999	-9999	-9999	-9999	-9999	-9999	-9999	-9999
10.75	44.9	-9999	-9999	-9999	-9999	-9999	-9999	-9999	-9999	-9999	-9999	-9999	-9999	-9999	-9999	-9999	-9999	-9999	-9999	-9999	-9999	-9999	-9999	-9999	-9999
10.75	45	0.111577153205872	0.0510669052600861	0.203243896365166	0.265559166669846	0.742298305034637	0.331227779388428	2.41030120849609	2.35312867164612	0.614654362201691	0.167841672897339	0.790402114391327	0.894097983837128	0	0.241619557142258	12.0041561126709	2.6384916305542	5.34417915344238	5.36633634567261	1.39677131175995	3.07165575027466	0.796911418437958	2.92211365699768	0.570808351039886	0.0621188655495644
10.85	44	0	0	0	0	2.96943235397339	2.27642297744751	0.572612762451172	0.184252813458443	0.143585875630379	0.727529227733612	0	0	0	0.244972884654999	0.666252255439758	13.0050191879272	2.389568567276	8.20719051361084	5.18747234344482	3.77777910232544	3.60865354537964	0.548459410667419	0	0
10.85	44.1	-9999	-9999	-9999	-9999	-9999	-9999	-9999	-9999	-9999	-9999	-9999	-9999	-9999	-9999	-9999	-9999	-9999	-9999	-9999	-9999	-9999	-9999	-9999	-9999
10.85	44.2	0	0	0.200000002980232	0	0.400000303983688	8.20000171661377	4.79999971389771	0.599999845027924	0.599999845027924	0.800000309944153	0.199999883770943	0	0	0	0.600001156330109	12.4000024795532	5.59999942779541	4.80000066757202	5.20000076293945	4.39999914169312	3.40000009536743	0.600000023841858	0	0
10.85	44.3	0	0	0	0	3.02898836135864	0	0	0.0936587080359459	0	0.328640997409821	0	0	0	0.413915455341339	0.463878989219666	10.9409942626953	2.39941763877869	9.09793472290039	3.31941318511963	5.33622360229492	3.95451641082764	0.55921459197998	0.108595818281174	0
10.85	44.4	1.73938202857971	2.37971305847168	0.124060429632664	0.170110315084457	0.228555142879486	2.38442158699036	4.45858573913574	1.30545139312744	0.549926400184631	1.70403385162354	1.23580574989319	0.0619334802031517	0	2.1682231426239	6.97054624557495	7.00118780136108	3.6131010055542	4.32859802246094	5.31253099441528	4.75014066696167	4.53922414779663	2.45489096641541	0.157802879810333	0
10.85	44.5	1.11135458946228	2.65114283561707	0.168066933751106	0.0791061818599701	0.323872953653336	0.763723194599152	4.64559078216553	2.15201497077942	0	0.626887023448944	1.15743863582611	0	0	1.93641102313995	5.87030172348022	5.78865623474121	5.00039196014404	4.35402774810791	5.09972333908081	3.95448470115662	2.95326614379883	1.86344194412231	0.164670765399933	0.0912001356482506
10.85	44.6	-9999	-9999	-9999	-9999	-9999	-9999	-9999	-9999	-9999	-9999	-9999	-9999	-9999	-9999	-9999	-9999	-9999	-9999	-9999	-9999	-9999	-9999	-9999	-9999
10.85	44.7	0.99999988079071	2.79999995231628	1.20000028610229	0.200000166893005	0.400000005960464	0.799999952316284	3.80000066757202	4.00000047683716	0.199999794363976	0.399999976158142	1.59999990463257	0	0	0	7.99999666213989	2.60000038146973	4.99999952316284	4.20000028610229	5.1999979019165	5.00000047683716	2.80000019073486	3.59999966621399	0.600000023841858	0
10.85	44.8	0	0.0638920590281487	0	0.314016163349152	5.37619733810425	0.0579989030957222	0	0	0	0	0.0638727098703384	0	0	0	0.13473841547966	10.7079973220825	14.4687366485596	19.3338871002197	7.14749765396118	11.3647832870483	2.79946756362915	0.183052971959114	0	0
10.85	44.9	0	0	0	0	0	0	0	0	0	0	0	0	0	0	0	1.0328813791275	2.53146123886108	10.5608777999878	4.39765357971191	4.77514362335205	1.03966128826141	0	0	0
10.85	45	-9999	-9999	-9999	-9999	-9999	-9999	-9999	-9999	-9999	-9999	-9999	-9999	-9999	-9999	-9999	-9999	-9999	-9999	-9999	-9999	-9999	-9999	-9999	-9999
10.95	44	-9999	-9999	-9999	-9999	-9999	-9999	-9999	-9999	-9999	-9999	-9999	-9999	-9999	-9999	-9999	-9999	-9999	-9999	-9999	-9999	-9999	-9999	-9999	-9999
10.95	44.1	2.87233853340149	1.12703037261963	0.180931061506271	0	0	1.59526872634888	6.52474069595337	1.18421363830566	5.245041847229	1.32539558410645	3.68700003623962	0.0790701806545258	0	0	6.56458759307861	5.18359756469727	6.64119815826416	5.67580986022949	7.19724750518799	8.32713222503662	6.36703634262085	4.3739595413208	0.467120558023453	0
10.95	44.2	-9999	-9999	-9999	-9999	-9999	-9999	-9999	-9999	-9999	-9999	-9999	-9999	-9999	-9999	-9999	-9999	-9999	-9999	-9999	-9999	-9999	-9999	-9999	-9999
10.95	44.3	3.57683920860291	2.73881959915161	0.376077860593796	0.239506080746651	0.690375626087189	2.51800441741943	5.0691442489624	0.714294970035553	0.762356102466583	6.28386545181274	2.29242968559265	0	0	0	8.979905128479	7.54442977905273	2.68164730072021	3.31250500679016	5.79880666732788	6.0417537689209	5.82733583450317	4.20104789733887	0.421675682067871	0
10.95	44.4	3.04775381088257	2.80370402336121	0.327674955129623	0.201080441474915	0.258833587169647	1.14630877971649	4.68871259689331	1.41560125350952	0.257061183452606	3.15309262275696	1.41275322437286	0.0788303017616272	0	0	7.50753355026245	5.66501379013062	4.80555391311646	3.38732719421387	5.6273980140686	5.72460460662842	5.68453741073608	4.00221347808838	0.759827256202698	0.0859978646039963
10.95	44.5	1.53764498233795	1.55409455299377	0.396947473287582	0.176411285996437	0.251675814390182	0.709807932376862	4.09553241729736	2.0161190032959	0	2.22234225273132	0.746838271617889	0.05226881057024	0	0.0557130388915539	6.99104690551758	2.90818452835083	5.84151124954224	3.37061762809753	5.30433750152588	4.2597713470459	4.38329982757568	3.44287896156311	0.623230338096619	0.0517369359731674
10.95	44.6	-9999	-9999	-9999	-9999	-9999	-9999	-9999	-9999	-9999	-9999	-9999	-9999	-9999	-9999	-9999	-9999	-9999	-9999	-9999	-9999	-9999	-9999	-9999	-9999
10.95	44.7	3.57683920860291	2.73881959915161	0.376077860593796	0.239506080746651	0.690375626087189	2.51800441741943	5.0691442489624	0.714294970035553	0.762356102466583	6.28386545181274	2.29242968559265	0	0	0	8.979905128479	7.54442977905273	2.68164730072021	3.31250500679016	5.79880666732788	6.0417537689209	5.82733583450317	4.20104789733887	0.421675682067871	0
10.95	44.8	3.04775381088257	2.80370402336121	0.327674955129623	0.201080441474915	0.258833587169647	1.14630877971649	4.68871259689331	1.41560125350952	0.257061183452606	3.15309262275696	1.41275322437286	0.0788303017616272	0	0	7.50753355026245	5.66501379013062	4.80555391311646	3.38732719421387	5.6273980140686	5.72460460662842	5.68453741073608	4.00221347808838	0.759827256202698	0.0859978646039963
10.95	44.9	1.53764498233795	1.55409455299377	0.396947473287582	0.176411285996437	0.251675814390182	0.709807932376862	4.09553241729736	2.0161190032959	0	2.22234225273132	0.746838271617889	0.05226881057024	0	0.0557130388915539	6.99104690551758	2.90818452835083	5.84151124954224	3.37061762809753	5.30433750152588	4.2597713470459	4.38329982757568	3.44287896156311	0.623230338096619	0.0517369359731674
10.95	45	4.20000028610229	1.19999992847443	0.200000002980232	0.200000032782555	0	2.80000019073486	6.00000238418579	1.20000028610229	4.19999980926514	0.400001525878906	3.19999980926514	0.199999988079071	0	0	7.39999866485596	5.19999933242798	5.99999856948853	4.60000133514404	7.20000076293945	8.80000114440918	6.40000057220459	5.19999885559082	0.599999964237213	0
11.05	44	0	0	0	0	0	5.10159873962402	15.1718435287476	1.6105592250824	2.15836834907532	2.22403860092163	0.175479516386986	0	0	0	0.959579586982727	9.12032032012939	6.41745376586914	7.14750814437866	6.48820352554321	4.68543148040771	5.0832052230835	3.71804618835449	0	0
11.05	44.1	1.00000023841858	0.400000005960464	0.200000032782555	0	0	2.1999990940094	10.7999992370605	1.19999969005585	3.40000033378601	0	5.60000038146973	0	0	0	0.200000077486038	4.80000019073486	8	6.80000114440918	7.19999885559082	6.80000114440918	5.60000133514404	5.20000076293945	0.600000202655792	0
11.05	44.2	3.14017295837402	2.2738344669342	0.872436225414276	0	0.660062909126282	2.66333723068237	7.35448551177979	1.50469660758972	3.19079756736755	2.42187929153442	3.16307377815247	0	0	0	3.28367614746094	2.58404898643494	6.08427476882935	4.544762134552	5.58825063705444	6.59701633453369	5.22482442855835	5.87145519256592	1.06922340393066	0
11.05	44.3	4.84076642990112	4.42744016647339	1.05605912208557	0.0587867423892021	0.769569754600525	1.53250765800476	5.30461645126343	1.27555119991302	0.83733856678009	4.23278141021729	3.57646536827087	0	0	0	5.43861627578735	3.90172481536865	4.99713516235352	3.68295407295227	5.57088232040405	6.72128343582153	5.98073053359985	5.35693264007568	1.38572335243225	0.0820985212922096
11.05	44.4	0	0	0	0	1.89787077903748	0.124513365328312	0	0	0	0	0	0	0	0	0	0.749071002006531	1.02059555053711	3.23832035064697	4.53969049453735	29.289737701416	3.11693000793457	0.37778577208519	0	0
11.05	44.5	1.61108565330505	1.93776714801788	0.865229487419128	0.331965923309326	0.319882780313492	1.17752945423126	3.80063724517822	1.74485146999359	0	3.00798511505127	1.23848283290863	0.0645260810852051	0	0	6.87890291213989	1.63218808174133	6.15351819992065	3.51543688774109	5.21088314056396	4.30263471603394	4.15831422805786	3.75482392311096	1.03396284580231	0.0538874045014381
11.05	44.6	0.733417749404907	0.965048313140869	3.38345050811768	0.134854316711426	0.792963624000549	1.45830321311951	3.58533668518066	3.06528258323669	0.233012095093727	2.47853660583496	3.38080096244812	0.0608169659972191	0.074708566069603	0.0574890784919262	3.71954655647278	1.27701592445374	4.39006614685059	3.18237447738647	4.75363492965698	3.99711894989014	5.51833534240723	5.24355554580688	2.17176294326782	0.0868809968233109
11.05	44.7	0.367976903915405	0.820222496986389	2.89278221130371	0	0.655329406261444	0.821823477745056	6.25003099441528	4.78892469406128	0.0940369144082069	0.478167593479156	3.58790588378906	0.13334983587265	0	0.0692730396986008	4.51562070846558	1.52580118179321	5.35050773620605	3.71693754196167	4.74172210693359	3.78527188301086	5.10639572143555	5.74670553207397	2.16852688789368	0.0993190407752991
11.05	44.8	0.232002288103104	0.963726699352264	1.1838983297348	0	0.486011862754822	0.567835927009583	6.48671674728394	5.60611629486084	0.258690714836121	0	2.11079716682434	0.1600072234869	0	0.172898441553116	6.85695552825928	1.27815473079681	6.37249088287354	4.26047277450562	4.29610347747803	3.82436037063599	3.59486436843872	5.46234130859375	2.26900863647461	0.153580814599991
11.05	44.9	0.400000005960464	0.999999701976776	1	0	0.399999976158142	0.399999916553497	5.19999885559082	6	1.20000016689301	0	1.40000021457672	0.399999916553497	0	0.199999958276749	9.40000057220459	1.40000009536743	5.40000104904175	5.19999885559082	3.99999976158142	5.20000076293945	3.19999980926514	5.59999895095825	2	0
11.05	45	-9999	-9999	-9999	-9999	-9999	-9999	-9999	-9999	-9999	-9999	-9999	-9999	-9999	-9999	-9999	-9999	-9999	-9999	-9999	-9999	-9999	-9999	-9999	-9999
11.15	44	0	0.121812351047993	0	0	0.0781004875898361	4.05509042739868	13.1855745315552	2.62457680702209	1.67423629760742	0.163415461778641	0.132389888167381	0.0517644584178925	0	0.519254982471466	0	9.87528705596924	8.91109848022461	6.3304328918457	7.48317384719849	4.01093339920044	4.73336124420166	4.85051345825195	0.719997465610504	0.0587978735566139
11.15	44.1	0	0	0	0	0	6	15.2000007629395	4.40000009536743	6	0.400000691413879	0.199999794363976	0	0	0	0.200000628829002	2.60000061988831	13.9999990463257	6.99999952316284	6.40000009536743	5.39999914169312	4.60000038146973	6.80000019073486	1.80000019073486	0
11.15	44.2	2.67120409011841	1.71952104568481	0.563460290431976	0	0.568647682666779	2.58296370506287	9.03906536102295	2.5212516784668	3.50707721710205	2.42488813400269	2.0802583694458	0	0	0.0845626294612885	3.00403118133545	1.72293508052826	8.09553146362305	4.78121328353882	5.5623083114624	5.95697355270386	4.70422220230103	6.39478206634521	1.84003067016602	0
11.15	44.3	6.60000038146973	4.59999942779541	0.599999964237213	0	0.39999994635582	1.39999973773956	8.60000228881836	2.60000038146973	1.80000019073486	1.80000042915344	3.99999976158142	0	0	0	3.60000038146973	1.79999947547913	6.80000019073486	4	5.79999971389771	6.60000085830688	5.79999971389771	6.60000133514404	2.39999985694885	0.200000017881393
11.15	44.4	3.42214584350586	3.16264033317566	1.05257141590118	0.0557656213641167	0.108033858239651	1.82750558853149	4.18962097167969	1.79911601543427	0.306464850902557	4.86431550979614	2.4243528842926	0	0	0	2.8846869468689	0.30850476026535	6.87894630432129	2.75100827217102	3.93938231468201	4.6632513999939	3.3855767250061	4.26609945297241	2.19457745552063	0
11.15	44.5	2.12044310569763	3.02555537223816	2.8600447177887	0.983639538288116	1.22214150428772	2.6749701499939	3.89607357978821	2.6151397228241	0.391444444656372	4.48869371414185	2.44093036651611	0.505561888217926	0.367660164833069	0.38438007235527	3.34118294715881	1.13897526264191	5.16177034378052	3.09034633636475	4.2607684135437	4.26242780685425	3.27879858016968	4.19459676742554	2.46721386909485	0.512297809123993
11.15	44.6	1.48743188381195	1.14943194389343	4.47742605209351	0.134872794151306	0.871363043785095	2.22878050804138	3.17699456214905	3.24961948394775	0.10078340023756	2.8593225479126	3.93988347053528	0.0668763294816017	0.149040281772614	0.102273613214493	2.40321946144104	2.14922499656677	3.7247588634491	2.91771984100342	4.23130464553833	3.6010422706604	4.90246725082397	5.9236011505127	2.6779477596283	0.227939739823341
11.15	44.7	0.599999964237213	0.79999965429306	4.40000057220459	0	0.600000083446503	1.00000023841858	5.00000047683716	4.59999990463257	0	0.999999463558197	5.3999981880188	0.199999958276749	0	0	2.40000081062317	2.20000004768372	4.40000009536743	3.59999966621399	4.20000123977661	4.00000095367432	5.20000123977661	7.00000095367432	2.59999942779541	0.200000047683716
11.15	44.8	-9999	-9999	-9999	-9999	-9999	-9999	-9999	-9999	-9999	-9999	-9999	-9999	-9999	-9999	-9999	-9999	-9999	-9999	-9999	-9999	-9999	-9999	-9999	-9999
11.15	44.9	1.12726449966431	0.585909008979797	2.32850742340088	0	0.271030068397522	0.213665515184402	4.98333549499512	4.8222508430481	0.717993378639221	0.096443235874176	3.16032981872559	1.55671525001526	0	0.0781599134206772	3.68621182441711	1.97452902793884	3.60678458213806	3.5743420124054	2.56117820739746	3.38699150085449	3.37783718109131	4.91930198669434	2.90865540504456	0.349296867847443
11.15	45	-9999	-9999	-9999	-9999	-9999	-9999	-9999	-9999	-9999	-9999	-9999	-9999	-9999	-9999	-9999	-9999	-9999	-9999	-9999	-9999	-9999	-9999	-9999	-9999
11.25	44	0	0	0	0	0	0.400001227855682	4.39999961853027	1.19999957084656	0.199999794363976	0	0	0	0	0	0	5.99999952316284	13.5999994277954	3.79999995231628	6.20000076293945	2.79999923706055	2.99999952316284	2.60000109672546	0.800000071525574	0
11.25	44.1	0	0.405058622360229	0	0	0	2.57318186759949	7.87324523925781	7.00161647796631	2.20500183105469	0.722866415977478	0	0	0	0.0707961916923523	0.71747624874115	0.127375021576881	15.2217407226562	5.43701839447021	5.65511751174927	4.2519416809082	4.09598970413208	6.62660646438599	2.93235921859741	0
11.25	44.2	1.60000085830688	0.79999965429306	0	0	0.19999997317791	2.8000009059906	7.00000047683716	7.00000095367432	1.80000019073486	2.79999923706055	1.19999957084656	0	0	0	0	0.600000202655792	14.4000005722046	4.20000028610229	5.80000066757202	4.60000038146973	3.40000009536743	6.59999942779541	2.99999976158142	0
11.25	44.3	3.46630239486694	1.85498058795929	0.0727676823735237	0	0	1.15129435062408	4.44837760925293	4.89149332046509	1.70512068271637	2.6704432964325	1.86883461475372	0	0	0	1.27986001968384	0.239022463560104	7.76392889022827	2.85797929763794	4.29865741729736	4.5062894821167	3.69992208480835	5.73346090316772	2.92650938034058	0
11.25	44.4	-9999	-9999	-9999	-9999	-9999	-9999	-9999	-9999	-9999	-9999	-9999	-9999	-9999	-9999	-9999	-9999	-9999	-9999	-9999	-9999	-9999	-9999	-9999	-9999
11.25	44.5	5.26666784286499	1.79999947547913	0.733331859111786	0	0.466666489839554	1.46666646003723	3.40000033378601	8.39999961853027	0.066666804254055	3.1999990940094	1.26666700839996	0.200000062584877	0	0	0.0666668266057968	2.00000023841858	11.0666646957397	1.73333334922791	3.26666688919067	3.99999952316284	4.59999942779541	5.60000133514404	4.20000028610229	0.400000274181366
11.25	44.6	3.60000061988831	2.19999957084656	6.20000028610229	0	0.800000250339508	3.60000014305115	2.20000028610229	4.60000038146973	0.39999982714653	6	3.60000061988831	0	0	0	0.200000032782555	3.59999966621399	4.40000057220459	2.20000028610229	3.40000057220459	3.40000057220459	5.80000066757202	8.19999980926514	4	0.399999976158142
11.25	44.7	1.51749897003174	1.36629867553711	4.13941383361816	0	0.325719505548477	1.30128967761993	1.60661470890045	2.93322324752808	0.373562574386597	2.80557513237	4.023606300354	0.982202410697937	0	0	0.223710164427757	2.33288621902466	2.21549201011658	2.23763155937195	2.25299215316772	2.63529801368713	4.33017110824585	5.96527671813965	3.21009635925293	0.449383914470673
11.25	44.8	1.72424900531769	0.760606348514557	3.60493731498718	0	0.249207690358162	0.370569467544556	5.09734773635864	4.79646778106689	0.647712707519531	0.470535337924957	5.02201175689697	2.55315971374512	0	0	1.11087381839752	2.02416324615479	3.09708261489868	3.02254962921143	2.1086893081665	3.25483584403992	4.65371751785278	6.04032850265503	4.31331062316895	0.758868157863617
11.25	44.9	2.10445833206177	0.508544385433197	3.16109943389893	0	0.213334083557129	0.137554362416267	6.24601411819458	4.57585573196411	0.782596409320831	0.146296843886375	4.26367616653442	2.59231901168823	0	0	2.22240114212036	2.62561082839966	3.15393829345703	3.82239127159119	2.18477177619934	3.10734415054321	4.06631278991699	5.07041263580322	3.85714840888977	0.692707240581512
11.25	45	0	0	0.100000016391277	0	0	2.80000066757202	0.100000269711018	0.200000077486038	0	0	0	0	0	0	0	0.899999678134918	9.59999656677246	6.30000066757202	10.9950008392334	4.70000028610229	6.30000114440918	3.30000019073486	0.199999809265137	0.0999999940395355
11.35	44	0	0	0	0	0	1.40000033378601	4.00000143051147	2.59999966621399	0.199999928474426	0.199999943375587	0	0	0	0	0	0	8.99999809265137	6.99999904632568	7.38999938964844	3.99999952316284	5.60000038146973	5.40000152587891	1.60000002384186	0.200000032782555
11.35	44.1	0	0.747488081455231	0	0	0	2.07309770584106	4.78610038757324	8.94239807128906	1.36748838424683	0.564366698265076	0.278833985328674	0	0	0.0648981481790543	0.231939151883125	0	14.9641046524048	4.72070693969727	6.89114904403687	4.5292592048645	4.33757972717285	6.33543300628662	3.48888516426086	0
11.35	44.2	-9999	-9999	-9999	-9999	-9999	-9999	-9999	-9999	-9999	-9999	-9999	-9999	-9999	-9999	-9999	-9999	-9999	-9999	-9999	-9999	-9999	-9999	-9999	-9999
11.35	44.3	2.00335836410522	0.524435579776764	0.313848674297333	0	0	0.904402494430542	2.66820669174194	6.86785650253296	1.46898126602173	1.87212514877319	1.03557693958282	0	0	0	0	0.205018132925034	8.24387454986572	2.72286748886108	4.30624866485596	3.89034366607666	3.05038404464722	5.84295701980591	4.03369283676147	0.13629774749279
11.35	44.4	-9999	-9999	-9999	-9999	-9999	-9999	-9999	-9999	-9999	-9999	-9999	-9999	-9999	-9999	-9999	-9999	-9999	-9999	-9999	-9999	-9999	-9999	-9999	-9999
11.35	44.5	0	0	0	0.161069229245186	0.118073143064976	7.01350879669189	0	0.0902410373091698	0.0877214670181274	0	0	0	0	0	0	0.39241886138916	4.10296058654785	3.57361483573914	9.90273857116699	9.87355804443359	11.4147052764893	3.02501344680786	0.18623748421669	0
11.35	44.6	3.1426146030426	2.95424389839172	4.14606475830078	0.133179873228073	0.523037374019623	2.38658809661865	1.52173089981079	4.649582862854	0.715003907680511	5.47603511810303	2.15167117118835	0.270556211471558	0	0	0	2.19798231124878	5.02358102798462	2.05175566673279	2.7112078666687	2.76110935211182	5.17079830169678	6.71877002716064	3.74864554405212	0.593144118785858
11.35	44.7	1.29584002494812	2.66170263290405	2.18432188034058	0.478631615638733	0.210594102740288	0.754193365573883	1.67026317119598	2.86821031570435	0.970130324363708	3.79137659072876	2.49592328071594	1.58827519416809	0	0	0.120126500725746	1.0332453250885	2.92343711853027	2.18620538711548	1.7680675983429	1.95258498191833	4.048903465271	4.64555072784424	3.8213357925415	0.942504703998566
11.35	44.8	1.60000061988831	1.40000021457672	3	0.799999892711639	0.200000047683716	0.400000035762787	4.40000057220459	4.80000162124634	1.20000076293945	0.799999892711639	5.19999980926514	3.19999957084656	0	0	0.599999964237213	1.20000004768372	4.80000019073486	3.40000081062317	1.79999971389771	3.00000047683716	5.20000123977661	5.59999990463257	5.80000114440918	1.60000061988831
11.35	44.9	2.76776242256165	0.307732820510864	3.70331311225891	1.21041333675385	0.105491906404495	0.0947192311286926	7.78512001037598	4.28233432769775	1.28271913528442	0.280841827392578	6.29263639450073	3.19393277168274	0	0	0.805333912372589	2.54069209098816	4.46641445159912	4.30450963973999	1.91233789920807	3.10749864578247	5.25381374359131	5.09532880783081	4.98262882232666	1.63714849948883
11.35	45	-9999	-9999	-9999	-9999	-9999	-9999	-9999	-9999	-9999	-9999	-9999	-9999	-9999	-9999	-9999	-9999	-9999	-9999	-9999	-9999	-9999	-9999	-9999	-9999
11.45	44	0.0691038593649864	0.302507638931274	0	0	0	3.38772535324097	3.27211594581604	1.5797073841095	0.305631756782532	0	0	0	0	0	0	0.157203927636147	8.02408790588379	2.95702385902405	7.42493438720703	2.81718039512634	8.99222087860107	6.55593633651733	3.92307901382446	0.0634851604700089
11.45	44.1	0.342659890651703	1.22853469848633	0.0801266580820084	0	0.0785704553127289	2.00201392173767	2.85193514823914	6.79059600830078	0.722247540950775	0	0.562875032424927	0	0	0	0	0.496478021144867	11.5661792755127	3.38586640357971	8.28430557250977	4.44259214401245	5.10271167755127	6.30695295333862	4.35818243026733	0.163215562701225
11.45	44.2	0.39999994635582	1	0	0	0.200000062584877	1.20000064373016	2.20000028610229	9.20000076293945	0.800000071525574	0.400000095367432	2.39999961853027	0	0	0	0	0.200000137090683	15.1999998092651	3.79999947547913	6.79999971389771	4.79999828338623	3.59999942779541	6.59999990463257	5.19999885559082	0.19999997317791
11.45	44.3	1.67078161239624	0.38532418012619	0.89241760969162	0.0585142970085144	0.229436039924622	0.753364264965057	3.30997252464294	5.74162626266479	1.03266608715057	1.31394183635712	0.904591917991638	0.321869969367981	0	0	0	0	10.0086479187012	2.97874069213867	4.80994749069214	4.0535740852356	3.1828784942627	5.86797046661377	4.75884485244751	0.332501173019409
11.45	44.4	1.79458653926849	0.202634245157242	0.935874760150909	0	0.356074303388596	1.36532115936279	2.94807171821594	4.96190023422241	1.1188108921051	2.94531488418579	0.371253401041031	0.11500196903944	0	0	0	0.103159964084625	7.56900405883789	2.52474284172058	3.56269192695618	3.91464257240295	3.44959163665771	5.65807771682739	4.77724695205688	0.354105770587921
11.45	44.5	-9999	-9999	-9999	-9999	-9999	-9999	-9999	-9999	-9999	-9999	-9999	-9999	-9999	-9999	-9999	-9999	-9999	-9999	-9999	-9999	-9999	-9999	-9999	-9999
11.45	44.6	3	5.19999980926514	2	0.599999964237213	0.200000002980232	0.600000023841858	2.80000042915344	4.00000095367432	1.19999992847443	6.19999885559082	1.00000011920929	0.799999892711639	0	0	0	0	5.59999990463257	3.00000047683716	3.20000004768372	2.39999985694885	4.59999990463257	5.60000133514404	4.59999990463257	1.20000052452087
11.45	44.7	0.942007005214691	2.56034159660339	1.31298720836639	0.852171182632446	0.145747005939484	0.478133648633957	2.35689306259155	2.62687230110168	0.935976088047028	3.34383106231689	1.75019884109497	1.25360071659088	0.687153816223145	0	0.110741943120956	0.345134526491165	2.96215653419495	1.69287478923798	1.56291925907135	1.49837529659271	3.35387372970581	3.65579462051392	3.40910220146179	0.935788929462433
11.45	44.8	1.21888601779938	1.28674459457397	2.82291316986084	2.02355885505676	0.112396456301212	0.298574000597	6.58495140075684	4.09986591339111	1.08351099491119	0.948105275630951	4.38763189315796	1.76570725440979	0.122419878840446	0	0.655459225177765	0.710076510906219	5.2015233039856	2.96902561187744	1.65266692638397	2.61667418479919	4.51675701141357	4.65498542785645	4.95060634613037	1.51900863647461
11.45	44.9	1.93789970874786	1.05290246009827	4.16481065750122	3.6372184753418	0	0.0999535247683525	7.82444858551025	4.94509506225586	2.49508762359619	0.608363807201385	7.05706882476807	1.16402316093445	0	0	0.368141561746597	1.16939079761505	5.99171829223633	4.66294097900391	2.08160901069641	2.97711634635925	5.46304082870483	4.57560443878174	5.41928768157959	2.55248069763184
11.45	45	0	0	0	0.150546923279762	0	0	0	0	0	0	0	0	0	0	0.102292031049728	0	0	0	0	0	6.58398818969727	5.79378318786621	0.141720175743103	0
11.55	44	0.147436484694481	0.264751076698303	0	0	0	3.26655769348145	5.2381763458252	1.39388000965118	0.239475563168526	0.0841846391558647	0	0	0	0	0	0	5.07013320922852	1.72255527973175	6.76311445236206	2.03226184844971	9.46526622772217	7.0178599357605	5.25123119354248	0
11.55	44.1	0.354792058467865	0.666124880313873	0	0	0.073275625705719	1.82738089561462	3.1199107170105	1.76861608028412	0.415216714143753	0	0	0	0	0	0.0675457566976547	0.227460980415344	6.57507228851318	1.94482564926147	7.56268167495728	3.19026494026184	6.017662525177	5.61977624893188	3.83850073814392	0.16893059015274
11.55	44.2	1.43262755870819	0.340306311845779	0.420637995004654	0	0	0	1.75280094146729	2.95963931083679	0.43720480799675	0.185026928782463	0.0910713076591492	0	0	0	0.0798285901546478	0	9.89345550537109	1.71936964988708	4.12070655822754	4.68242311477661	3.85632658004761	4.76297569274902	5.71610546112061	0.493275940418243
11.55	44.3	2.16463303565979	0.203542128205299	0.818823277950287	0	0.331475585699081	0.0658299177885056	3.68740630149841	3.44032049179077	0.807807922363281	0	0.126115366816521	0.356926202774048	0	0	0	0	11.7760848999023	2.12753415107727	4.35504007339478	4.89664506912231	3.50841665267944	4.85398960113525	6.00454092025757	0.501957654953003
11.55	44.4	1.25737702846527	0.18217208981514	1.32358109951019	0.0830671563744545	0.450453698635101	0.446163773536682	2.99256801605225	4.26627445220947	0.951120555400848	0.24369241297245	0	0.177680566906929	0	0	0	0	11.8514204025269	1.88304376602173	3.88622951507568	4.42644929885864	2.85577726364136	4.33561849594116	5.49212694168091	0.593685686588287
11.55	44.5	2.76518774032593	0.708329379558563	1.59506368637085	0	0.153861477971077	0.404210865497589	1.70912301540375	4.56845808029175	0.519005835056305	0.380157589912415	0	0	0	0	0	0	8.25070762634277	1.89151322841644	3.2650408744812	3.41433095932007	2.93539047241211	4.5459098815918	4.76685619354248	0.741212785243988
11.55	44.6	3.62911343574524	1.4550256729126	1.95275568962097	0.240339681506157	0	0.378686368465424	3.07941889762878	2.13128137588501	0.990615367889404	1.30306649208069	0.0720396488904953	0.293466567993164	1.98003077507019	0.0762260109186172	0	0	3.0735821723938	3.24291396141052	2.36206340789795	2.2320511341095	2.58058643341064	3.49680972099304	3.94897866249084	0.890788376331329
11.55	44.7	1.00343155860901	1.7635155916214	1.56608188152313	0.40144094824791	0	0.519629955291748	3.1967568397522	1.89715898036957	0.867433965206146	1.55071115493774	0.686458826065063	0.340424627065659	2.69414043426514	0.094733715057373	0	0	1.48785054683685	2.10709691047668	1.10214495658875	1.30422711372375	2.09787082672119	2.17573356628418	2.78695273399353	0.846600651741028
11.55	44.8	-9999	-9999	-9999	-9999	-9999	-9999	-9999	-9999	-9999	-9999	-9999	-9999	-9999	-9999	-9999	-9999	-9999	-9999	-9999	-9999	-9999	-9999	-9999	-9999
11.55	44.9	-9999	-9999	-9999	-9999	-9999	-9999	-9999	-9999	-9999	-9999	-9999	-9999	-9999	-9999	-9999	-9999	-9999	-9999	-9999	-9999	-9999	-9999	-9999	-9999
11.55	45	2.40000009536743	0.399999916553497	2.59999871253967	2.60000014305115	0	0	4.39999866485596	9.59999942779541	5.79999971389771	0.199999988079071	9.1999979019165	3.60000061988831	0	0	0	2.40000033378601	3.59999990463257	10.0000009536743	2.19999957084656	3.19999933242798	6.60000085830688	4.39999914169312	6.19999933242798	3.79999995231628
11.65	44	0	0	0	0	0.200000002980232	1.00000011920929	9.79999828338623	0	0	0	0	0	0	0	0	0	3.59999942779541	0.599999964237213	10.1999969482422	3.40000009536743	9.40000247955322	5.80000019073486	4.39999961853027	0
11.65	44.1	0	0	0	0	0	0	0	0	0	0	0	0	0	0	0	0	0	0	0	0	0	0	0.199998930096626	0.199999839067459
11.65	44.2	-9999	-9999	-9999	-9999	-9999	-9999	-9999	-9999	-9999	-9999	-9999	-9999	-9999	-9999	-9999	-9999	-9999	-9999	-9999	-9999	-9999	-9999	-9999	-9999
11.65	44.3	2.07406711578369	0.24623142182827	0.585425853729248	0	0.295309603214264	0	2.96905755996704	3.00499653816223	0.625856757164001	0	0	0.132916405797005	0	0	0	0	12.3834714889526	1.22118449211121	3.50391316413879	5.36097526550293	3.93436670303345	4.31422281265259	6.24884557723999	0.544661104679108
11.65	44.4	0	0	0	0.0684931501746178	0	0	0	0	0	0	0	0	0	0	0	0	0	0	0	0	0	5.28028774261475	0	0
11.65	44.5	4.51455593109131	0.43719407916069	1.13568031787872	0.0514509603381157	0	0.0552420765161514	1.4195305109024	2.11580038070679	0.373938173055649	0	0	0	0	0	0	0	4.19419050216675	3.84674286842346	1.995689868927	4.31320238113403	2.41734409332275	4.65359210968018	5.70361137390137	1.09829699993134
11.65	44.6	3.92888498306274	0.8398477435112	1.49210250377655	0.191906243562698	0	0.506269752979279	3.04572486877441	2.06953763961792	1.12222850322723	0.575725376605988	0	0.204539805650711	2.41568422317505	0.0818249434232712	0	0	2.71173167228699	4.91851139068604	1.83997321128845	2.55646419525146	2.14039087295532	3.12896943092346	4.23945426940918	1.01329433917999
11.65	44.7	1.48453092575073	1.95564246177673	1.66095161437988	0	0	0.608756840229034	3.2994658946991	1.67554759979248	0.946845293045044	0.850676238536835	0.366601705551147	0.148657664656639	3.10210514068604	0.0989168584346771	0.0527247749269009	0	0.615258753299713	3.57833218574524	1.02964627742767	1.68469429016113	1.83835387229919	2.01273322105408	3.14429807662964	1.12771618366241
11.65	44.8	-9999	-9999	-9999	-9999	-9999	-9999	-9999	-9999	-9999	-9999	-9999	-9999	-9999	-9999	-9999	-9999	-9999	-9999	-9999	-9999	-9999	-9999	-9999	-9999
11.65	44.9	0.785591781139374	3.67806720733643	7.50871276855469	2.64158320426941	0	0	0.594672024250031	3.49143505096436	3.65456223487854	0.971152365207672	3.89260530471802	0.319814026355743	0	0	0	0.544431865215302	1.70481300354004	4.27308940887451	2.0197651386261	2.86224746704102	4.17445182800293	3.24957799911499	5.63324403762817	3.83556723594666
11.65	45	0.599999785423279	0.599999666213989	1.99999988079071	4.59999942779541	0.200000017881393	0	0.199999928474426	3.39999985694885	4	0	8.60000038146973	0.800000071525574	0	0	0	0.200000047683716	0.400000214576721	4.60000038146973	1.99999976158142	2.60000014305115	4.19999980926514	2.19999933242798	5.40000200271606	4.80000066757202
11.75	44	0	0	0	0	0.0859312191605568	0.761046767234802	8.09623622894287	0.439552545547485	0.0785279795527458	0.0552024617791176	0	0	0	0	0	0.107522398233414	1.46325957775116	0.687277495861053	5.62172222137451	5.12152004241943	5.40538740158081	6.22865581512451	4.07735347747803	0.29616767168045
11.75	44.1	0.17011234164238	0	0	0	0.197049111127853	0.0608737021684647	4.64241790771484	0.480457276105881	0	0	0.0991138815879822	0	0	0	0.0936983525753021	0	2.7673921585083	0.929401934146881	0.223485559225082	5.80231475830078	2.51326704025269	4.3280782699585	3.34013962745667	0.28246283531189
11.75	44.2	-9999	-9999	-9999	-9999	-9999	-9999	-9999	-9999	-9999	-9999	-9999	-9999	-9999	-9999	-9999	-9999	-9999	-9999	-9999	-9999	-9999	-9999	-9999	-9999
11.75	44.3	-9999	-9999	-9999	-9999	-9999	-9999	-9999	-9999	-9999	-9999	-9999	-9999	-9999	-9999	-9999	-9999	-9999	-9999	-9999	-9999	-9999	-9999	-9999	-9999
11.75	44.4	0	0	0	0.114373810589314	0.440924078226089	1.94902074337006	0	0	0	0	0	0	0	0	0	0.112996384501457	0	0.157917618751526	0.252236515283585	0.532135903835297	15.5104398727417	20.151912689209	1.29790067672729	0
11.75	44.5	0	0	0.099632166326046	0.180316552519798	1.59827482700348	0	0	0	0	0	0	0	0	0	0.542956233024597	0	0	0.158173844218254	0.264457881450653	0.629267990589142	0	28.1676940917969	1.81453049182892	0
11.75	44.6	0	0	0	0.109147191047668	0.993626415729523	2.59703183174133	0	0.0895788595080376	0	0	0	0	0	0	0	0.20165129005909	0.299186289310455	0.121816918253899	0.195457875728607	0.184316426515579	14.718316078186	18.6416530609131	2.09589719772339	0.100665554404259
11.75	44.7	-9999	-9999	-9999	-9999	-9999	-9999	-9999	-9999	-9999	-9999	-9999	-9999	-9999	-9999	-9999	-9999	-9999	-9999	-9999	-9999	-9999	-9999	-9999	-9999
11.75	44.8	1.65722501277924	5.1752142906189	5.17419004440308	0	0	0.0733515694737434	1.59886002540588	2.63468885421753	2.08707904815674	0.590001463890076	0.238024979829788	0.147832319140434	0	0	0	0.179813459515572	0.587674975395203	6.62411212921143	1.77713167667389	3.16228675842285	2.74245738983154	2.9192943572998	5.03940343856812	2.98956561088562
11.75	44.9	0.555951952934265	3.24110960960388	6.89962291717529	1.59988081455231	0.068783238530159	0	0.0828702002763748	3.18793177604675	3.32469582557678	0.734613060951233	2.51937413215637	0.312611907720566	0	0	0	0.301213294267654	0.577047884464264	4.53980541229248	1.58375823497772	2.78493571281433	3.21118354797363	2.47990322113037	4.94475364685059	3.95370554924011
11.75	45	0.580753862857819	0.323808223009109	2.4730339050293	4.33180284500122	0	0	0.356721520423889	1.73004817962646	4.03269672393799	0.196483865380287	6.62931537628174	0	0.127949684858322	0	0	0	0	4.86146068572998	1.12620973587036	2.04943871498108	3.36799240112305	1.28441512584686	4.68478059768677	4.83279323577881
11.85	44	0	0	0	0	0.990330994129181	0.646124839782715	5.34596014022827	0.256108492612839	0.116515316069126	0.0952327325940132	0	0	0	0	0	0	0.659833371639252	0.926825046539307	0.973653554916382	7.22249221801758	1.04855799674988	8.68316650390625	3.33600497245789	0.531120240688324
11.85	44.1	0	0	0	0	0.200000241398811	0.100000023841858	6.90000009536743	0.100000500679016	0.0999999716877937	0	0	0	0	0	0	0	1.79999935626984	1.50000023841858	0.499999344348907	8.50000095367432	3.09999942779541	8.00000286102295	4.69999980926514	0.299999833106995
11.85	44.2	-9999	-9999	-9999	-9999	-9999	-9999	-9999	-9999	-9999	-9999	-9999	-9999	-9999	-9999	-9999	-9999	-9999	-9999	-9999	-9999	-9999	-9999	-9999	-9999
11.85	44.3	1.09768044948578	0	0.14746356010437	0	0.0966944843530655	0.270266115665436	3.94052481651306	2.17774224281311	0	0	0	0	0	0	0	0	2.33502411842346	2.17614388465881	0.466905355453491	7.22888135910034	1.8995703458786	5.67667531967163	4.97862100601196	0.787123203277588
11.85	44.4	3.02790999412537	0	0.142363354563713	0.080757699906826	0.10245456546545	0.112305216491222	1.73764562606812	2.03976392745972	0	0	0	0	0.0845301449298859	0	0	0	0.824511229991913	4.19729661941528	0.460968434810638	5.70851850509644	2.13692235946655	4.86418676376343	5.23336839675903	1.04720890522003
11.85	44.5	5.36972332000732	0.565731883049011	0.315219163894653	0	0	0	1.02071285247803	1.69529473781586	0.527938723564148	0	0	0	0	0	0	0	0	6.3861026763916	0.404508113861084	4.77145481109619	1.38070869445801	5.13853359222412	4.74157094955444	1.42544519901276
11.85	44.6	0.242493286728859	0	0	0	0.409258365631104	0.128173068165779	6.78762435913086	0.535785794258118	0	0	0.0668059289455414	0	0	0	0	0	3.5467963218689	1.99458205699921	0.459485203027725	9.7091760635376	2.72363519668579	7.89912128448486	5.36911916732788	0.479507267475128
11.85	44.7	2.51698923110962	2.17034888267517	0	0.377444624900818	0	0	1.69964981079102	0.938541531562805	0.359489858150482	0	0	0	0	0	0	0	0	3.26810932159424	0.78181779384613	2.20501852035522	0.86910206079483	2.1643648147583	2.92339992523193	1.51628518104553
11.85	44.8	1.87843918800354	0	0.185311764478683	0.0876275226473808	0.146622061729431	0.175480529665947	2.39948415756226	2.19279861450195	0	0	0	0	0	0	0	0	1.66790068149567	2.88620662689209	0.420737713575363	5.64355325698853	1.98677694797516	4.5956883430481	4.79613876342773	0.839613080024719
11.85	44.9	0	0	0	0	0.990330994129181	0.646124839782715	5.34596014022827	0.256108492612839	0.116515316069126	0.0952327325940132	0	0	0	0	0	0	0.659833371639252	0.926825046539307	0.973653554916382	7.22249221801758	1.04855799674988	8.68316650390625	3.33600497245789	0.531120240688324
11.85	45	0.396663039922714	0.890421569347382	4.02058172225952	2.73766613006592	0	0	1.24115633964539	2.98056554794312	3.80915546417236	0.446792364120483	3.31362509727478	0	0.051052238792181	0	0	0.180904686450958	0	5.81720590591431	0.869445621967316	2.47689771652222	3.22390031814575	1.5367226600647	4.87019824981689	5.28158283233643
11.95	44	-9999	-9999	-9999	-9999	-9999	-9999	-9999	-9999	-9999	-9999	-9999	-9999	-9999	-9999	-9999	-9999	-9999	-9999	-9999	-9999	-9999	-9999	-9999	-9999
11.95	44.1	0	0	0	0	0	0.140438735485077	5.37604856491089	0.32806995511055	0	0	0	0	0	0	0	0	0.770477890968323	1.14265406131744	0.389909982681274	8.63831520080566	1.48174476623535	8.49763774871826	5.1912899017334	0.826775729656219
11.95	44.2	0.0764447748661041	0	0	0	0.195524245500565	0.210024103522301	5.61179351806641	0.717678785324097	0	0	0	0	0	0	0	0	0.156196564435959	1.78035247325897	0.384732156991959	11.2248992919922	0.652571976184845	8.0868501663208	4.86561489105225	0.916212558746338
11.95	44.3	0.835720598697662	0	0.0850832164287567	0.0618990436196327	0	0.48964661359787	2.74426460266113	1.92979896068573	0	0	0	0	0	0	0	0	0.793921113014221	2.11182427406311	0.442775994539261	7.45969581604004	0.998093008995056	5.61235189437866	4.5853590965271	1.07873952388763
11.95	44.4	2.22402858734131	0	0.0898619741201401	0.0780057236552238	0.0726235508918762	0.188460692763329	1.27520382404327	2.03158211708069	0.0691718533635139	0	0	0	0	0	0	0	0.325948238372803	3.6516261100769	0.407350271940231	5.50071144104004	1.33515381813049	4.3857479095459	4.73874521255493	1.0518684387207
11.95	44.5	3.01565289497375	0.389069318771362	0	0	0	0	0.686986744403839	1.10778856277466	0.442371338605881	0	0	0	0.0551783256232738	0	0	0	0	2.5458984375	0.173766434192657	3.76696038246155	0.439768612384796	2.95482039451599	3.106858253479	0.981141209602356
11.95	44.6	4.7248363494873	1.61103904247284	0	0.207109868526459	0	0	0.561354279518127	2.1835515499115	0.983024716377258	0.0935480818152428	0.050601664930582	0	0	0	0	0	0	1.2389885187149	0.328600972890854	3.51780223846436	0.566569924354553	3.12523412704468	3.7787880897522	1.8594217300415
11.95	44.7	0	0	0	0.249525293707848	0	0	0	0	0	0	0.0548531226813793	0	0	0	0	0	0	0	0	0	0	0	0.932394504547119	0.583741188049316
11.95	44.8	0.74596118927002	1.1491014957428	0.445580512285233	0.144385650753975	0	0	1.13135814666748	1.39853644371033	0.759750306606293	0	0	0	0	0	0	0	0.125123679637909	2.79154992103577	0.460353463888168	1.15982294082642	0.83317095041275	0.907193779945374	1.75914371013641	1.35746514797211
11.95	44.9	0.330434441566467	0.625569105148315	1.85564196109772	0.511368572711945	0	0	1.17706251144409	2.57852554321289	1.48328900337219	0.284129619598389	0	0	0	0	0	0.184687241911888	0.0571796223521233	2.87233400344849	0.394361317157745	1.1777400970459	1.27196872234344	0.792876243591309	2.12881803512573	2.20594263076782
11.95	45	0.478060126304626	1.02327048778534	3.8521831035614	4.06791877746582	0	0	1.44512975215912	3.62154102325439	3.76009726524353	1.32754635810852	1.46265137195587	0.403388023376465	0.127206549048424	0	0.1815065741539	0.588983058929443	0.465283125638962	7.68403577804565	0.578376352787018	1.51848566532135	4.0484619140625	1.29143869876862	4.5584921836853	5.63399267196655
12.05	44	0	0	0	0	2.44725608825684	0.853336155414581	3.68325042724609	0	0	0	0	0	0	0	0	0.0939985364675522	0.831822097301483	0.934616029262543	0.398816913366318	6.05547046661377	0.527298092842102	8.35544204711914	3.56578540802002	1.15740764141083
12.05	44.1	0	0	0	0	0.428855210542679	0.161637544631958	3.74887228012085	0.202259913086891	0	0	0	0	0	0	0	0	0.751835823059082	1.05792486667633	0.349265068769455	5.33142900466919	1.26719462871552	6.86752223968506	4.09778070449829	0.78698605298996
12.05	44.2	0	0	0	0	0	0.400000035762787	4.20000028610229	0.600000083446503	0	0	0	0	0	0	0	0	0.200000315904617	0.79999965429306	0.39999994635582	8.39999771118164	1.00000011920929	6.60000038146973	4.79999923706055	1.20000004768372
12.05	44.3	0	0	0	0	0	0	1.70858895778656	2.1255099773407	0.32621157169342	0	0	0	0	0	0	0	0	0.72741311788559	0.288127988576889	7.96458387374878	0.868984997272491	6.74460411071777	4.02969360351562	1.87903988361359
12.05	44.4	0.353063941001892	0	0	0	0	0.117953114211559	0.961229979991913	1.30893504619598	0.427598804235458	0	0	0	0	0	0	0	0	0.972558975219727	0.248299032449722	6.30582284927368	0.657635986804962	3.8055477142334	3.79685378074646	1.10987830162048
12.05	44.5	1.93257546424866	0.403943121433258	0	0.0650643706321716	0	0	0.534686982631683	0.870100557804108	0.424410909414291	0	0	0	0	0	0	0	0	1.16835033893585	0.109220556914806	3.08082747459412	0.252021908760071	1.81296730041504	2.29907774925232	0.779564797878265
12.05	44.6	6.80000066757202	2.80000042915344	0	0.599999845027924	0	0	0.39999994635582	4.60000038146973	1.79999995231628	0.399999916553497	0.200000017881393	0	0	0	0	0	0	0.999999761581421	0.400000035762787	5.59999942779541	1.40000021457672	3.59999966621399	6.19999980926514	3.79999971389771
12.05	44.7	4.77924633026123	2.13640832901001	0.0783098042011261	0.485431790351868	0	0	0.401070147752762	2.91502618789673	1.16823267936707	0.134766563773155	0.132878884673119	0	0	0	0	0	0	0.813343405723572	0.198482245206833	2.4327986240387	1.52414870262146	1.96747386455536	3.93896818161011	3.04232096672058
12.05	44.8	1.75312781333923	0.850341856479645	0.165553823113441	0.180479824542999	0	0	0.251681625843048	1.09288787841797	0.477901339530945	0	0	0	0	0	0	0	0	0.559323251247406	0	0.39276248216629	0.777445673942566	0.559321761131287	1.36978185176849	1.32390010356903
12.05	44.9	0.254831463098526	0.510958671569824	1.10701298713684	0.640821695327759	0	0	0.825808644294739	1.43386518955231	0.768357634544373	0.0811191573739052	0	0	0	0	0	0.173880472779274	0.0714826136827469	1.35696828365326	0.211142122745514	0.620230376720428	0.866637170314789	0.474833279848099	1.42745554447174	1.55449652671814
12.05	45	0.335270196199417	1.15299487113953	2.72909235954285	2.95131802558899	0	0	1.64724040031433	2.34739065170288	1.96443426609039	0.271962285041809	0.304630398750305	0	0	0	0.0930560827255249	0.549428105354309	0.356791794300079	3.35655236244202	0.365309834480286	1.0713312625885	2.57821989059448	0.933126330375671	3.53419518470764	4.19000768661499
12.15	44	-9999	-9999	-9999	-9999	-9999	-9999	-9999	-9999	-9999	-9999	-9999	-9999	-9999	-9999	-9999	-9999	-9999	-9999	-9999	-9999	-9999	-9999	-9999	-9999
12.15	44.1	0	0	0	0	0	1.07776689529419	2.11449670791626	0	0.185139358043671	0.107755437493324	0.201723039150238	0.0998729541897774	0.0915502160787582	0.194374606013298	0.100050136446953	0.0933277010917664	0.504033982753754	0.257477998733521	0.0561531037092209	1.15438055992126	0.373190879821777	2.23912525177002	1.59217488765717	0.63453334569931
12.15	44.2	0	0	0	0	0	0.414327561855316	2.28375864028931	1.18026578426361	0.132529765367508	0.0551740527153015	0.113853290677071	0.0577803701162338	0.0620785690844059	0.114404559135437	0.0557111389935017	0.0554768107831478	0.222401946783066	0.467710912227631	0.207221925258636	4.0563268661499	0.727430880069733	4.68902969360352	3.01304173469543	1.55305218696594
12.15	44.3	-9999	-9999	-9999	-9999	-9999	-9999	-9999	-9999	-9999	-9999	-9999	-9999	-9999	-9999	-9999	-9999	-9999	-9999	-9999	-9999	-9999	-9999	-9999	-9999
12.15	44.4	0	0	0	0	0.0579332038760185	0	0.143393814563751	0.909118950366974	0.0832530558109283	0	0	0	0	0	0	0	0	0	0.0734196752309799	1.81412053108215	0.424037605524063	2.0216007232666	1.47636592388153	0.60733026266098
12.15	44.5	0.746648073196411	0.293758571147919	0	0.0575766935944557	0	0	0.117056839168072	0.251508563756943	0.174618571996689	0.0523241013288498	0	0	0	0	0	0	0	0.0744772627949715	0	0.393000394105911	0	0	0.149207577109337	0.21751680970192
12.15	44.6	5.81524896621704	2.51941919326782	0.0624084994196892	0.563939273357391	0	0	0.402727723121643	3.77056932449341	1.48543930053711	0.263000011444092	0.171469271183014	0	0	0	0	0	0.058769091963768	0.940669596195221	0.292384445667267	3.8074643611908	1.5388993024826	2.65447020530701	5.02215337753296	3.49953460693359
12.15	44.7	6.10653781890869	2.80894660949707	0.136114984750748	0.650486350059509	0	0	0.59881329536438	3.46788096427917	1.42435526847839	0.0852159708738327	0.171018972992897	0	0	0	0	0	0	1.11729073524475	0.212378233671188	2.12383079528809	2.25565147399902	2.18298816680908	4.71452760696411	4.06989908218384
12.15	44.8	2.44726085662842	1.17074334621429	0.0716791599988937	0.274453550577164	0	0	0.277087867259979	1.22375226020813	0.511858522891998	0	0.0516269020736217	0	0	0	0	0	0	0.467909932136536	0	0.236347571015358	1.06613850593567	0.651771664619446	1.68061745166779	1.72461557388306
12.15	44.9	0	0	0.0604862421751022	0.19902004301548	0	2.95737338066101	0	0	0	0	0	0	0	0	0	0	0	0	0.235217809677124	0.244265094399452	0	8.02980041503906	10.9074583053589	0.585729837417603
12.15	45	0.806470811367035	1.6509782075882	1.57950234413147	3.5631377696991	0.14643694460392	0.248534083366394	2.49955892562866	2.63847184181213	2.29671287536621	1.21434497833252	1.49068105220795	0.104909159243107	0	0	0	0.232799798250198	0.410408824682236	4.5948657989502	0.481018304824829	0.471129387617111	2.44919872283936	0.640154719352722	4.21161079406738	4.75691080093384
12.25	44	0	0	0	0	0	1.3328583240509	1.0417732000351	0.0960470661520958	0	0	0	0	0	0	0	0	0	0.0549899339675903	0	1.23097860813141	0.19813483953476	2.36648750305176	3.61834478378296	2.03183484077454
12.25	44.1	0	0	0	0	0	0	0	0	0	0	0	0	0	0	0	0	0	0	0	0	0	0	0	0
12.25	44.2	0.0881728902459145	0	0	0	0	2.05046224594116	2.41235041618347	1.84735000133514	0	0	0	0	0	0	0	0	0	0.485227644443512	0	0.96637237071991	0.316375553607941	4.74390316009521	3.93122935295105	3.70897579193115
12.25	44.3	0	0	0	0	0	0.80265474319458	1.04174375534058	2.46861052513123	0	0	0	0	0.116940796375275	0	0	0	0	0.490538060665131	0.209123432636261	1.72070717811584	0.905984342098236	4.95665788650513	3.73636841773987	2.7090790271759
12.25	44.4	0	0	0	0.106502577662468	0.262094467878342	2.23808264732361	0	0	0	0	0	0	0	0	0	0	0	0	0.172647565603256	0.137132793664932	0	4.31298971176147	8.64385795593262	0.713584005832672
12.25	44.5	-9999	-9999	-9999	-9999	-9999	-9999	-9999	-9999	-9999	-9999	-9999	-9999	-9999	-9999	-9999	-9999	-9999	-9999	-9999	-9999	-9999	-9999	-9999	-9999
12.25	44.6	-9999	-9999	-9999	-9999	-9999	-9999	-9999	-9999	-9999	-9999	-9999	-9999	-9999	-9999	-9999	-9999	-9999	-9999	-9999	-9999	-9999	-9999	-9999	-9999
12.25	44.7	-9999	-9999	-9999	-9999	-9999	-9999	-9999	-9999	-9999	-9999	-9999	-9999	-9999	-9999	-9999	-9999	-9999	-9999	-9999	-9999	-9999	-9999	-9999	-9999
12.25	44.8	2.225337266922	1.08168995380402	0.0722984597086906	0.255416452884674	0	0	0.268231987953186	1.05331993103027	0.446676403284073	0	0	0	0	0	0	0	0	0.437520563602448	0	0	1.03344690799713	0.514220952987671	1.45390367507935	1.60563933849335
12.25	44.9	-9999	-9999	-9999	-9999	-9999	-9999	-9999	-9999	-9999	-9999	-9999	-9999	-9999	-9999	-9999	-9999	-9999	-9999	-9999	-9999	-9999	-9999	-9999	-9999
12.25	45	0	0	0	0.0726727098226547	0	0	0	0	0	0	0	0	0	0	0	0	0	0	0	0	0	0	0	0
