"lon" "lat" "0" "1" "2" "3" "4" "5" "6" "7" "8" "9" "10" "11" "12" "13" "14" "15" "16" "17" "18" "19" "20" "21" "22" "23"
"1" 9.75 44 0.0119905 0 0.5421365 0.8549365 0.763041 0.151254 5.445 1.366745 0.54044 0 0.09605185 8.682535 20.18 23.4975 13.98755 6.968435 4.21871 8.06 1.10659 0.84909 0 0.12344745 0.00192524 0
"2" 9.75 44.1 0 0 0.06050015 0.1087055 0.215978 0.09238355 1.7388025 1.697945 0.488533 0 0.9114235 7.81955 11.62062 10.387265 12.63585 2.39303 4.305955 3.68772 0.4894905 0.3229555 0.1456435 0.201186 0.12844535 0.0342253
"3" 9.75 44.2 0 0 0.0790497 0.17877 0.43638 0.372839 1.8391085 1.769695 0.509175 0.00784273 0.002562555 8.487275 16.1514 12.43465 8.791895 2.424085 4.99863 4.09963 0.0680814 0.06723165 0 0.10770655 0.088735 0
"4" 9.75 44.3 0 0 0.0790497 0.17877 0.43638 0.372839 1.8391085 1.769695 0.509175 0.00784273 0.002562555 8.487275 16.1514 12.43465 8.791895 2.424085 4.99863 4.09963 0.0680814 0.06723165 0 0.10770655 0.088735 0
"5" 9.75 44.4 0 0 0.681096 1.25972 1.31886 1.286685 3.621115 4.111315 1.6855155 0.1707465 0 7.692325 14.03405 12.95415 7.35066 2.76749 1.678345 1.82954 0 0.03344775 0 0.10229175 0.087469 0
"6" 9.75 44.5 0 0 0.0582028 0.707318 2.406855 4.225735 1.7209635 1.828615 3.04013 0.859625 0.4152285 9.43506 14.36005 7.5507 6.47976 2.47523 2.388975 2.006165 0.7017785 0.337576 0 0.0943942 0.073935662 0
"7" 9.75 44.6 0 0 0.0582028 0.707318 2.406855 4.225735 1.7209635 1.828615 3.04013 0.859625 0.4152285 9.43506 14.36005 7.5507 6.47976 2.47523 2.388975 2.006165 0.7017785 0.337576 0 0.0943942 0.073935662 0
"8" 9.75 44.7 0 1.007493 0.6113275 0.568675 2.150425 3.903055 0.9642885 1.823085 3.072505 0.883065 0.0223061 6.71017 14.40765 8.65157 7.36757 5.361525 2.614485 1.371215 1.2607495 2.010475 0 0.115383 0.10424935 0
"9" 9.75 44.8 0 1.007493 0.6113275 0.568675 2.150425 3.903055 0.9642885 1.823085 3.072505 0.883065 0.0223061 6.71017 14.40765 8.65157 7.36757 5.361525 2.614485 1.371215 1.2607495 2.010475 0 0.115383 0.10424935 0
"10" 9.75 44.9 0 0.4624645 0.722299 0.415235 1.56745 2.849935 2.625337 2.228685 3.824655 3.678885 0.84247 7.424795 15.7466 13.1468 8.18738 4.381835 1.1179935 0.437104 0.9264785 1.851205 0 0.127511 0.1072507 0
"11" 9.75 45 0 1.2869895 1.0904365 0.050222 0.2129715 0.3446945 1.790401 2.200925 3.184495 3.557875 0.86282 8.327325 16.6248 12.894 7.92123 4.132485 2.222455 0.99467 1.069541 1.934 0.01656075 0.1293605 0.1014492 0.00389167
"12" 9.85 44 0 0 0.8397795 1.324315 1.14655 0.234295 0.43 0.127938 0.0442982 0 0.1571755 9.17245 21.655 24.2283 13.61265 6.35162 10.9143 19.31 2.546055 1.86718 0 0.201528 0.0240174 0
"13" 9.85 44.1 0 0 0.2400795 0.4524065 0.708821 0.5109805 1.784095 1.878865 0.540585 0 1.736165 8.533165 12.3131 5.78981 11.253855 6.43376 4.819955 4.08995 0.5410785 0.3546095 0.163334 0.2495775 0.17219555 0.0383824
"14" 9.85 44.2 0 0 0.797387 1.27864 0.8904955 0.160006 1.938739 1.865205 0.536655 0 0 8.875895 16.03785 9.715265 10.742875 3.1799 2.44221 2.578465 0.5620625 0.281791 0 0.14361145 0.1091445 0
"15" 9.85 44.3 0 0 0.797387 1.27864 0.8904955 0.160006 1.938739 1.865205 0.536655 0 0 8.875895 16.03785 9.715265 10.742875 3.1799 2.44221 2.578465 0.5620625 0.281791 0 0.14361145 0.1091445 0
"16" 9.85 44.4 0 0 0.962431 1.648615 1.370445 0.915996 1.02786 1.37033 0.8800415 0.165026 0 7.42657 14.95685 12.3235 12.02185 3.236095 1.70491 1.768525 0.5802475 0.445783 0.312067 0.366607 0.2572755 0.0733338
"17" 9.85 44.5 0 0.867414 0.526331 0.294781 1.1774685 2.02321 1.530985 1.59147 3.084105 0.89511 0.914514 9.29162 11.425075 7.858025 4.259215 4.07244 2.24093 1.890295 1.4551735 2.732005 0.02601035 0.1338315 0.1229742 0.006112265
"18" 9.85 44.6 0 0.867414 0.526331 0.294781 1.1774685 2.02321 1.530985 1.59147 3.084105 0.89511 0.914514 9.29162 11.425075 7.858025 4.259215 4.07244 2.24093 1.890295 1.4551735 2.732005 0.02601035 0.1338315 0.1229742 0.006112265
"19" 9.85 44.7 0 0 0 0.551665 2.097245 3.786325 1.8768615 1.983075 3.24237 0.919265 0 7.382745 9.68932 10.68384 6.67243 5.62484 3.08486 1.62661 1.1737695 2.05587 0 0.121478 0.1654725 0
"20" 9.85 44.8 0 0 0 0.551665 2.097245 3.786325 1.8768615 1.983075 3.24237 0.919265 0 7.382745 9.68932 10.68384 6.67243 5.62484 3.08486 1.62661 1.1737695 2.05587 0 0.121478 0.1654725 0
"21" 9.85 44.9 0 0 0 0.4073285 1.53831 2.79567 3.0404 2.62812 3.771715 1.048615 0 7.01451 12.1747 12.14415 8.986075 5.035785 2.112895 1.30415 1.1948965 2.081065 0 0.1171855 0.1686225 0
"22" 9.85 45 0 0 0.542124 0.1276745 0.4884635 0.876284 3.56268 2.658885 3.2048 3.247995 0.77286 7.955295 15.10245 12.3062 9.05838 4.68003 2.1826 0.959181 1.1568465 1.896115 2.431725 1.996685 1.393675 0.5714395
"23" 9.95 44 0 0 1.13211 1.872695 1.67547 0.77578 0.115 0.2618375 0.067924 0 0 8.389715 19.82 21.04685 12.4824 8.838425 6.2244 12.845 1.64639 1.21225 0 0.200793 0.0670465 0
"24" 9.95 44.1 0 0 0.384042 0.7458245 1.124423 0.969312 2.636875 2.776945 0.79898 0 0 7.984955 10.180535 5.980305 5.882175 10.404065 2.067075 2.419315 0.7712415 0.9714095 1.173065 1.024442 0.676095 0.275663
"25" 9.95 44.2 0 0 0.6672885 1.093517 0.8782005 0.295183 0.697345 0.73439 0.2112985 0 0 7.46331 16.24395 9.08031 5.65268 6.463185 2.29078 3.004985 2.0845385 5.140905 0.3137495 0.358307 0.244289 0.07372915
"26" 9.95 44.3 0 0 0.6672885 1.093517 0.8782005 0.295183 0.697345 0.73439 0.2112985 0 0 7.46331 16.24395 9.08031 5.65268 6.463185 2.29078 3.004985 2.0845385 5.140905 0.3137495 0.358307 0.244289 0.07372915
"27" 9.95 44.4 0 0 0.237863 0.5107 0.9299725 0.9350235 0.72514 0.7636605 0.21972 0 0 5.17218 14.98177 9.472585 12.27825 6.68676 2.31297 3.655475 2.11519 4.558795 0.3243565 0.36433 0.252819 0.0762218
"28" 9.95 44.5 0.0864076 0.513823 0.298183 0.2198285 0.888828 1.50878 1.453075 0.5001645 0.904864 0.2626215 0 8.10575 9.94407 5.24992 3.553725 3.646565 1.587455 2.10506 1.517565 2.627845 0.621024 0.5710055 0.4163545 0.145937
"29" 9.95 44.6 0.0864076 0.513823 0.298183 0.2198285 0.888828 1.50878 1.453075 0.5001645 0.904864 0.2626215 0 8.10575 9.94407 5.24992 3.553725 3.646565 1.587455 2.10506 1.517565 2.627845 0.621024 0.5710055 0.4163545 0.145937
"30" 9.95 44.7 0 0 0 0.42573 1.621395 2.921965 2.605288 1.85492 3.113255 0.88825 0 7.075125 9.188935 10.20156 6.9426 4.96406 2.98743 1.570345 1.79242 2.16474 1.381915 1.16508 0.847819 0.3247415
"31" 9.95 44.8 0 0 0 0.42573 1.621395 2.921965 2.605288 1.85492 3.113255 0.88825 0 7.075125 9.188935 10.20156 6.9426 4.96406 2.98743 1.570345 1.79242 2.16474 1.381915 1.16508 0.847819 0.3247415
"32" 9.95 44.9 0 0.3284755 0.199313 0.396727 1.49946 2.72291 3.0356 2.773125 3.60988 0.989335 0 6.557015 11.45365 11.39195 11.24765 4.62246 2.957365 1.377545 1.738365 2.1274 1.366115 1.14634 0.830287 0.321029
"33" 9.95 45 0 0 0 0.256365 0.9697205 1.75954 3.585375 2.67582 3.223335 2.672785 0.583275 8.36385 14.31965 12.33095 12.16975 4.83973 2.803735 0.872414 1.57795 2.020945 2.44791 1.98501 1.38996 0.580329
"34" 10.05 44 0 0 1.0505 1.88519 1.77104 1.496105 0.057397 0.1106895 0.03390125 0 0 4.985765 11.135035 10.54406 5.98632 4.041845 3.256125 5.4153 2.27272 1.71906 0.3316555 0.244012 0.136644 0.0553996
"35" 10.05 44.1 0 0 0.148177 0.4362755 1.213418 1.39328 3.624485 3.817015 1.09823 0 0 7.014295 10.953325 4.627085 6.9202 6.20823 6.015695 3.1608 1.62462 2.416305 1.13744 0.903887 0.581273 0.2672905
"36" 10.05 44.2 0 1.576755 1.0953995 0.3626295 0.9596425 0.990737 3.774045 3.97452 1.143545 0 0 7.2989 16.4961 4.36624 8.264135 4.88285 3.084175 3.29497 2.049074 5.06103 1.19646 0.9499035 0.610537 0.2811595
"37" 10.05 44.3 0 1.576755 1.0953995 0.3626295 0.9596425 0.990737 3.774045 3.97452 1.143545 0 0 7.2989 16.4961 4.36624 8.264135 4.88285 3.084175 3.29497 2.049074 5.06103 1.19646 0.9499035 0.610537 0.2811595
"38" 10.05 44.4 0 1.54985 1.15438 0.476577 0.962438 0.959109 0 0 0 0 1.98997 5.87161 11.835955 4.502995 9.40372 7.847655 2.898685 3.93284 2.118595 4.823565 3.09617 2.42144 1.56067 0.72758
"39" 10.05 44.5 0.0902563 1.4320115 0.8547165 0.2049445 0.8695565 1.406625 0.1451805 0.488366 0.9182885 0.266518 0 8.10698 10.107195 11.22016 3.198005 2.45655 3.08527 2.14075 2.20447 4.60887 1.98297 1.55121 1.007673 0.4659855
"40" 10.05 44.6 0.0902563 1.4320115 0.8547165 0.2049445 0.8695565 1.406625 0.1451805 0.488366 0.9182885 0.266518 0 8.10698 10.107195 11.22016 3.198005 2.45655 3.08527 2.14075 2.20447 4.60887 1.98297 1.55121 1.007673 0.4659855
"41" 10.05 44.7 0.0974432 0.02526655 0 0.2730645 1.032564 1.874155 1.0772335 1.121741 1.716655 0.4814385 0 8.333235 10.52728 11.8706 7.63363 5.190715 3.74843 2.12597 2.170385 3.06518 1.503165 1.18015 0.776087 0.3532335
"42" 10.05 44.8 0.0974432 0.02526655 0 0.2730645 1.032564 1.874155 1.0772335 1.121741 1.716655 0.4814385 0 8.333235 10.52728 11.8706 7.63363 5.190715 3.74843 2.12597 2.170385 3.06518 1.503165 1.18015 0.776087 0.3532335
"43" 10.05 44.9 0 0.1416147 0.0859293 0.259276 0.9781995 1.77952 3.202135 1.712155 1.80649 0.462695 0 6.478095 11.94965 11.9121 11.8956 7.180995 3.260755 1.55946 1.83479 2.248725 1.442565 1.131735 0.743197 0.338993
"44" 10.05 45 0 0 0 0.26441 0.9973055 1.81476 4.186775 3.489995 4.057145 2.818345 0.57091 6.512665 13.52175 11.88395 11.87635 7.337995 2.995195 1.49218 1.532975 1.95362 1.747675 1.367805 0.8991115 0.4182465
"45" 10.15 44 0.005508 0 2.759305 4.74234 3.59725 2.734245 0.054855 0.386456 0.652053 0.1844235 0 8.927155 12.929085 3.802045 5.978865 3.86416 3.147155 4.94649 2.858295 2.294675 0.343087 0.2978325 0.1717035 0.0806232
"46" 10.15 44.1 0 0 0.07496295 0.5764855 2.14763 3.146675 3.82651 4.07012 1.23914795 0.02313285 0 10.027535 11.91327 3.00747 5.189315 5.148635 5.80219 3.50878 2.02713 2.643255 2.91454 2.30815 1.45863 0.6848985
"47" 10.15 44.2 0 0.528685 0.462779 0.6888075 2.213485 3.193435 0.896275 0.943881 0.2715735 0 0 7.47369 13.3105 4.31252 6.87307 4.55936 5.473405 3.390255 2.516035 5.32319 2.952995 2.33517 1.47787 0.6939345
"48" 10.15 44.3 0 0.528685 0.462779 0.6888075 2.213485 3.193435 0.896275 0.943881 0.2715735 0 0 7.47369 13.3105 4.31252 6.87307 4.55936 5.473405 3.390255 2.516035 5.32319 2.952995 2.33517 1.47787 0.6939345
"49" 10.15 44.4 0.06319375 0.4214295 0.2457725 0.1162865 0.784111 0.798123 0.07677 0.08084805 0.02326155 0 0.879525 3.868805 7.487645 3.94138 7.14862 7.65973 4.654715 3.631225 3.42357 5.19804 3.103435 2.43949 1.553165 0.7292875
"50" 10.15 44.5 0.08410285 1.67463 1.0679105 0.472139 1.65359 2.538045 0.1406355 0.456442 0.8795015 0.25526 0.14525965 7.89271 9.96952 7.832055 10.784515 2.29157 2.096295 2.268405 1.9741125 4.375275 1.88362 1.461765 0.9426905 0.442639
"51" 10.15 44.6 0.08410285 1.67463 1.0679105 0.472139 1.65359 2.538045 0.1406355 0.456442 0.8795015 0.25526 0.14525965 7.89271 9.96952 7.832055 10.784515 2.29157 2.096295 2.268405 1.9741125 4.375275 1.88362 1.461765 0.9426905 0.442639
"52" 10.15 44.7 0.0934334 0.02422685 0 0.259699 0.994148 1.782425 0.8634907 0.8630935 1.568015 0.4522065 0 7.765665 9.68421 16.15795 7.948535 5.881665 3.986025 3.24355 2.939295 3.12423 1.583255 1.22867 0.7923655 0.372055
"53" 10.15 44.8 0.0934334 0.02422685 0 0.259699 0.994148 1.782425 0.8634907 0.8630935 1.568015 0.4522065 0 7.765665 9.68421 16.15795 7.948535 5.881665 3.986025 3.24355 2.939295 3.12423 1.583255 1.22867 0.7923655 0.372055
"54" 10.15 44.9 0 0 0 0.2594985 0.983331 1.78105 0.85277435 0.8558585 1.56667 0.4528255 0 6.276115 11.58175 16.7566 11.6468 9.408625 3.91296 2.86212 2.24724 2.510385 1.61328 1.251975 0.807392 0.3791105
"55" 10.15 45 0 0 0 0.247279 0.9338915 1.69718 1.26786755 2.105955 3.73622 1.160497 0.02590705 6.51953 13.00815 10.81175 11.99385 9.1943 3.95893 2.9233 3.267255 2.434925 1.76436 1.369615 0.885636 0.4223355
"56" 10.25 44 0.004905815 0 2.47147 4.280815 3.362925 2.676605 0.41423 0.461319 0.6063835 0.1621685 0 7.868455 9.841675 3.36089 3.79178 3.223845 2.355905 4.363225 2.527665 2.032735 7.809235 6.116605 3.908255 1.83512
"57" 10.25 44.1 0 0 0 0.68399 2.815205 4.694525 1.129225 1.222661 0.40823675 0.01917825 0 2.505145 25.24606 2.465455 1.52105 5.46942 2.59904 3.04638 3.422625 2.639915 2.393415 1.9497 1.1978205 0.562437
"58" 10.25 44.2 0 0.3274265 0.2362935 0.7071406 2.68615 4.446945 0.1224675 0.1289725 0.037108 0 0 9.98394 15.88145 3.83693 4.909855 4.86831 2.04527 5.968535 2.31706 2.36321 2.41913 1.95597 1.21069 0.56848
"59" 10.25 44.3 0 0.3274265 0.2362935 0.7071406 2.68615 4.446945 0.1224675 0.1289725 0.037108 0 0 9.98394 15.88145 3.83693 4.909855 4.86831 2.04527 5.968535 2.31706 2.36321 2.41913 1.95597 1.21069 0.56848
"60" 10.25 44.4 0.0627086 6.091205 3.686165 0.334312 1.5587 2.294525 0.0736415 0.07755315 0.02231355 0 0.78473 3.725045 5.6069 4.170335 6.235335 6.492045 4.63624 6.223955 3.33539 5.07088 3.01366 2.392075 1.50823 0.7081905
"61" 10.25 44.5 0.5153865 0.25213 0.0939152 0.3829537 1.674825 2.390495 0.40316835 0.0537438 0.0145979 0 0 7.263665 9.239905 7.6332 17.076765 2.66247 2.470195 3.638655 4.1243 4.729145 1.35771 1.0536375 0.679488 0.3190535
"62" 10.25 44.6 0.5153865 0.25213 0.0939152 0.3829537 1.674825 2.390495 0.40316835 0.0537438 0.0145979 0 0 7.263665 9.239905 7.6332 17.076765 2.66247 2.470195 3.638655 4.1243 4.729145 1.35771 1.0536375 0.679488 0.3190535
"63" 10.25 44.7 0.9740985 0.31759815 0.03945255 0.2688015 1.101519 1.8449 0.71168 0.690974 1.33378 0.387106 0 5.417805 7.679895 13.68145 13.498415 6.29363 3.570755 2.89225 8.597185 4.888505 1.35966 1.063326 0.680463 0.3195115
"64" 10.25 44.8 0.9740985 0.31759815 0.03945255 0.2688015 1.101519 1.8449 0.71168 0.690974 1.33378 0.387106 0 5.417805 7.679895 13.68145 13.498415 6.29363 3.570755 2.89225 8.597185 4.888505 1.35966 1.063326 0.680463 0.3195115
"65" 10.25 44.9 0 0 0 0.278372 1.091495 1.910585 0.7798815 0.762167 1.43029 0.48055615 0.02195055 3.002425 7.40763 9.300225 16.5863 9.96602 5.08661 2.621885 8.56457 4.04048 1.474065 1.14828 0.7377205 0.346397
"66" 10.25 45 0 0.06252805 0.0379409 0.3736165 1.43003 2.56429 1.17179465 1.90423 3.458565 1.0753069 0.02426175 3.1467 6.58487 15.2694 9.748675 8.639535 6.088645 3.3391 3.164625 2.7073 3.44444 2.67366 1.723825 0.809421
"67" 10.35 44 0.02397455 0.0050006 0.59059 1.22647 1.80928 2.036445 0.243657 0.276269 0.530639 0.154009 0 12.4172 13.15339 2.41384 3.97565 3.402515 2.71203 2.62134 2.470825 1.67785 7.37521 5.833505 3.69104 1.73313
"68" 10.35 44.1 0 0 0 0.226593 1.080465 1.555205 1.0684302 1.129375 0.37739995 0.0178205 0 2.30706 21.174955 1.72809 1.399035 4.182025 3.08826 3.814 7.642345 3.420245 5.332415 4.308775 2.66869 1.253085
"69" 10.35 44.2 0.002886575 0 0 0.2595505 1.159016 1.781405 0.6081295 0.12342905 0.0355129 0 0 9.27726 14.48455 1.63827 4.40637 4.68832 3.03568 5.506335 2.302475 2.268125 5.527185 4.43121 2.766165 1.29885
"70" 10.35 44.3 0.002886575 0 0 0.2595505 1.159016 1.781405 0.6081295 0.12342905 0.0355129 0 0 9.27726 14.48455 1.63827 4.40637 4.68832 3.03568 5.506335 2.302475 2.268125 5.527185 4.43121 2.766165 1.29885
"71" 10.35 44.4 0.0647929 1.0790755 0.6450815 0.4251475 1.84454 2.91797 0.0946975 0.0997276 0.0286936 0 0 7.516155 13.8881 3.358165 4.87784 6.16654 4.51908 6.01328 1.95485 2.366815 5.24781 4.17441 2.62635 1.233205
"72" 10.35 44.5 0.5234505 1.149771 0.635827 0.71057095 2.94931 4.655195 0.7294222 0.031656 0.0090044 0 0 5.862665 8.30462 7.67095 6.67807 13.05556 2.455985 3.65252 4.322295 8.563525 1.354795 1.052587 0.678027 0.3183675
"73" 10.35 44.6 0.5234505 1.149771 0.635827 0.71057095 2.94931 4.655195 0.7294222 0.031656 0.0090044 0 0 5.862665 8.30462 7.67095 6.67807 13.05556 2.455985 3.65252 4.322295 8.563525 1.354795 1.052587 0.678027 0.3183675
"74" 10.35 44.7 0.899364 0.3011726 0.04124395 0.231831 1.0111195 1.591155 0.83643205 0.04248305 0.0116132 0 0 4.963285 6.506575 9.54753 21.5123 6.963105 7.20511 5.505565 6.143905 4.04027 2.130595 1.698975 1.0662915 0.500676
"75" 10.35 44.8 0.899364 0.3011726 0.04124395 0.231831 1.0111195 1.591155 0.83643205 0.04248305 0.0116132 0 0 4.963285 6.506575 9.54753 21.5123 6.963105 7.20511 5.505565 6.143905 4.04027 2.130595 1.698975 1.0662915 0.500676
"76" 10.35 44.9 0.162131 0.0420397 0 0.327193 1.326795 2.245665 0.87371725 0.05589095 0.0142918 0.0609458 0.01991355 2.694645 4.676295 8.13831 17.694335 8.740155 8.33049 5.10754 6.853065 3.404205 2.9079 2.278305 1.455305 0.683338
"77" 10.35 45 0 0.0785522 0.047664 0.60697 2.381755 4.1659 1.0421895 0.6878335 1.1737955 0.40716415 0.02322235 2.985045 6.24073 14.0981 8.6922 8.228065 5.739425 3.16379 4.102325 2.863445 3.26217 2.53463 1.632605 0.766589
"78" 10.45 44 0.01630875 0.004228775 0.3843595 0.887757 1.67951 1.940025 0.255415 0.0488943 0.0947009 0.02748535 0 12.9076 17.9091 2.310915 3.156895 4.131685 2.478815 2.755905 3.751255 2.07481 1.659565 1.521775 0.830555 0.389987
"79" 10.45 44.1 0 0 0.0349551 0.450694 1.78313 2.71561 0.4529176 0.4809385 0.18798795 0.0168544 0 7.295085 14.904 1.273185 1.477612 2.40817 7.069365 6.741425 7.13978 3.202405 2.0109 1.812135 1.006385 0.472548
"80" 10.45 44.2 0.0029508 0 0 0.80067 3.281535 5.495345 0.5583635 0.0666585 0.01917895 0 0 3.044655 7.055275 1.82809 3.285165 4.96756 3.1091 5.545205 4.96909 8.02391 5.600475 4.58235 2.802845 1.31608
"81" 10.45 44.3 0.0029508 0 0 0.80067 3.281535 5.495345 0.5583635 0.0666585 0.01917895 0 0 3.044655 7.055275 1.82809 3.285165 4.96756 3.1091 5.545205 4.96909 8.02391 5.600475 4.58235 2.802845 1.31608
"82" 10.45 44.4 0.003206865 0 0 0.83953 3.46427 5.762065 0.604361 0.0750303 0.0215877 0 0 3.263685 7.171255 6.186735 3.9358 5.78663 3.80697 6.058345 5.030665 7.652795 5.055065 3.923475 1.87308 0.6293015
"83" 10.45 44.5 0.493826 2.467225 1.503715 0.534026 1.89392 2.753825 2.3825605 0.06046035 0.07179305 0.01847985 0 5.49705 7.504115 8.00018 6.98669 11.020295 3.74279 4.301475 4.04516 7.943355 2.570205 2.01145 1.2863 0.603981
"84" 10.45 44.6 0.493826 2.467225 1.503715 0.534026 1.89392 2.753825 2.3825605 0.06046035 0.07179305 0.01847985 0 5.49705 7.504115 8.00018 6.98669 11.020295 3.74279 4.301475 4.04516 7.943355 2.570205 2.01145 1.2863 0.603981
"85" 10.45 44.7 0.8826295 0.2288035 0 0.2616395 1.1646545 1.795745 1.0928625 0.3261325 0.0938345 0 0 1.801315 3.14395 9.559305 15.635415 14.08717 7.04397 6.685095 7.151915 4.26879 2.098295 1.672175 1.050124 0.493086
"86" 10.45 44.8 0.8826295 0.2288035 0 0.2616395 1.1646545 1.795745 1.0928625 0.3261325 0.0938345 0 0 1.801315 3.14395 9.559305 15.635415 14.08717 7.04397 6.685095 7.151915 4.26879 2.098295 1.672175 1.050124 0.493086
"87" 10.45 44.9 0.158922 0.1092218 0.0413054 0.397514 1.664925 2.72831 1.1876505 0.3382065 0.097149 0 0 1.116265 3.343935 8.15389 5.52165 15.00834 8.842365 6.834635 5.96811 4.026675 2.89615 2.264485 1.449425 0.680577
"88" 10.45 45 0.00247747 0.9484475 0.647804 0.6047885 2.10814 3.369705 1.0264245 0.6402135 1.15878 0.3317595 0 1.243845 4.13036 9.10043 8.67114 6.373635 6.252435 5.01121 6.30541 3.43106 3.21906 2.500125 1.61103 0.756459
"89" 10.55 44 0.0107252 0.002780995 0.441196 1.348161 3.324395 4.485845 0.0197612 0.05335945 0.1053946 0.030589 0 4.489325 12.1108 2.837805 2.14733 4.330855 7.146545 6.058215 5.16535 2.625235 1.93066 1.87827 0.7153785 0.240347
"90" 10.55 44.1 0 0 0 0.704405 2.98796 4.83464 0.3516115 0.8086545 1.440155 0.4102075 0 5.697115 10.3244 1.953485 1.697385 2.34165 3.947385 4.787025 9.16623 9.1052 3.15144 2.788965 1.57719 0.7405675
"91" 10.55 44.2 0 0 0 0.691345 3.00082 4.744995 0.5333895 0.4200155 0.644064 0.177747 0 2.69605 6.40749 2.269815 2.100545 4.863565 5.27272 6.450615 7.32219 7.32219 4.997375 4.26683 2.501015 1.17435
"92" 10.55 44.3 0 0 0 0.691345 3.00082 4.744995 0.5333895 0.4200155 0.644064 0.177747 0 2.69605 6.40749 2.269815 2.100545 4.863565 5.27272 6.450615 7.32219 7.32219 4.997375 4.26683 2.501015 1.17435
"93" 10.55 44.4 0.00110554 0.414934 0.2517745 0.878865 3.62344 6.032015 1.774856 0.405781 0.6371345 0.176784 0 2.656145 8.51094 4.33452 3.47724 4.32923 5.53045 7.41651 9.675775 7.82632 4.15232 3.36689 1.53858 0.5169195
"94" 10.55 44.5 0.2814705 1.380925 0.866564 0.65867 2.4095 3.739725 2.120955 0.02640925 0.05216315 0.01513945 0 1.83723 7.56935 7.78929 6.005075 5.73428 9.98669 5.93253 12.545 8.964105 2.333725 1.880005 1.1679475 0.54841
"95" 10.55 44.6 0.2814705 1.380925 0.866564 0.65867 2.4095 3.739725 2.120955 0.02640925 0.05216315 0.01513945 0 1.83723 7.56935 7.78929 6.005075 5.73428 9.98669 5.93253 12.545 8.964105 2.333725 1.880005 1.1679475 0.54841
"96" 10.55 44.7 0.7341775 0.2400237 0.03012965 0.2497595 1.09084 1.71421 2.2948005 0.2844535 0.081843 0 0 1.553655 2.54953 7.741825 5.8234 16.9685 9.23418 7.56514 9.85281 7.43105 3.856565 3.044725 1.93008 0.906269
"97" 10.55 44.8 0.7341775 0.2400237 0.03012965 0.2497595 1.09084 1.71421 2.2948005 0.2844535 0.081843 0 0 1.553655 2.54953 7.741825 5.8234 16.9685 9.23418 7.56514 9.85281 7.43105 3.856565 3.044725 1.93008 0.906269
"98" 10.55 44.9 0.127452 1.578065 0.9374895 0.351451 1.500745 2.41216 1.51541 1.229425 1.071541 0.2438545 0 1.654395 3.22979 7.46218 5.398705 10.71264 7.19384 5.31435 5.78436 3.71545 8.001465 6.264535 4.004455 1.880295
"99" 10.55 45 0.00139482 0.478138 0.9107685 1.460545 2.398605 3.31823 1.68779 1.403575 1.14216 0.250866 0 1.011862 2.377725 7.221965 5.99866 5.35724 5.290495 3.928915 5.84512 4.052185 7.766495 6.036055 3.886865 1.825075
"100" 10.65 44 0 0 0.0491039 1.28512415 4.97797 8.28979 0.1571639 0.1909215 0.1274315 0.0246295 0 3.77394 8.92976 1.5607065 2.65794 2.150831 2.37845 5.85079 7.31349 8.98321 3.31357 2.921925 1.2277945 0.412504
"101" 10.65 44.1 0.0002044175 0 0.0309331 0.3033501 1.304835 1.74779 0.360342 0.834576 1.48852 0.4241405 0 4.37831 8.85179 1.7706735 1.1816835 2.786355 4.09606 7.36767 9.463325 9.40008 3.22321 2.748535 1.194315 0.4012555
"102" 10.65 44.2 0.0002205775 0 0 0.821995 3.43475 5.6417 2.073755 0.303762 0.592739 0.1720325 0 2.06754 7.609645 2.745875 2.13499 4.15288 4.89949 7.260335 7.06483 7.06483 4.77197 3.89921 1.768185 0.5940595
"103" 10.65 44.3 0.0002205775 0 0 0.821995 3.43475 5.6417 2.073755 0.303762 0.592739 0.1720325 0 2.06754 7.609645 2.745875 2.13499 4.15288 4.89949 7.260335 7.06483 7.06483 4.77197 3.89921 1.768185 0.5940595
"104" 10.65 44.4 0.001117945 0 0.0362509 0.8890314 3.418045 5.710115 4.4067594 0.343663 0.619589 0.177671 0 2.11744 9.147525 4.88689 3.6706 3.72268 4.91998 7.43961 6.24737 6.94653 4.89873 3.970815 1.815155 0.6098395
"105" 10.65 44.5 0.2900635 0.5879765 0.463743 0.8303095 2.583865 4.056615 2.17714 0.400166 0.7891385 0.229034 0 1.45773 8.351855 12.6011 5.97564 5.99466 5.563485 7.067785 6.57088 7.432715 3.85939 2.99384 1.430045 0.4804525
"106" 10.65 44.6 0.2900635 0.5879765 0.463743 0.8303095 2.583865 4.056615 2.17714 0.400166 0.7891385 0.229034 0 1.45773 8.351855 12.6011 5.97564 5.99466 5.563485 7.067785 6.57088 7.432715 3.85939 2.99384 1.430045 0.4804525
"107" 10.65 44.7 0.832679 0.2123585 0 0.2770355 1.162434 1.901415 3.38089 1.913655 1.758345 0.917015 0.1655675 1.725965 2.53567 8.378985 6.400605 10.43053 12.05885 5.882455 9.97453 5.38847 4.268 3.38176 2.135985 1.002953
"108" 10.65 44.8 0.832679 0.2123585 0 0.2770355 1.162434 1.901415 3.38089 1.913655 1.758345 0.917015 0.1655675 1.725965 2.53567 8.378985 6.400605 10.43053 12.05885 5.882455 9.97453 5.38847 4.268 3.38176 2.135985 1.002953
"109" 10.65 44.9 0.204359 1.58625 0.935663 0.33802053 1.35968 2.262635 4.276335 2.201465 0.67239515 0.01324655 0 0.1560565 0.882651 7.698455 5.81528 4.583125 11.59455 4.770225 5.086975 4.096845 4.269495 3.370005 2.136735 1.003304
"110" 10.65 45 0.001159435 1.893825 1.768225 1.40231 2.102545 2.935365 4.04608 2.50666 1.454465 0.249099 0 0.1349095 0.872953 8.89929 5.35418 5.236755 4.65737 4.249305 4.77115 3.75907 7.70087 5.98453 3.85402 1.809655
"111" 10.75 44 0 0 0.04711295 0.62491465 2.32264 3.780005 0.1919165 0.324512 0.4014205 0.104651 0 3.527 7.55785 0.7291215 2.68437 1.7245 2.30463 5.59758 11.9115 9.88616 3.174695 2.8462 1.176342 0.395216
"112" 10.75 44.1 0.000216229 0.581075 0.399329 0.3450428 1.26637 1.86311 0.3294803 0.830487 1.55887 0.448648 0 4.598685 10.22249 2.579075 2.132046 2.66269 4.0736 7.601745 6.48761 8.96762 8.508735 6.66038 3.15279 1.05925
"113" 10.75 44.2 0.000223112 0.529231 0.335597 0.6226921 2.53008 4.11746 2.2020175 0.445737 0.6301155 0.1729145 0 2.08408 7.090435 5.17273 1.993859 4.045725 5.14538 7.465965 6.19098 9.183825 5.21768 4.29611 1.933335 0.649546
"114" 10.75 44.3 0.000223112 0.529231 0.335597 0.6226921 2.53008 4.11746 2.2020175 0.445737 0.6301155 0.1729145 0 2.08408 7.090435 5.17273 1.993859 4.045725 5.14538 7.465965 6.19098 9.183825 5.21768 4.29611 1.933335 0.649546
"115" 10.75 44.4 0.1945845 0.050219 0.0368846 0.8939853 3.370165 5.73725 4.41808685 0.355201 0.5566805 0.1595745 0 2.142195 8.26976 10.18902 2.72522 5.12925 3.5381 6.46627 5.413735 6.78623 5.35606 4.390355 1.984615 0.666773
"116" 10.75 44.5 2.249795 0.582355 0.0055912 0.6183067 2.50865 4.183285 5.558695 1.160375 0.997397 0.2258235 0 0.0808105 4.38153 11.314145 9.00066 4.938215 5.377245 9.213845 7.304125 7.384145 3.75235 2.985005 1.39038 0.467128
"117" 10.75 44.6 2.249795 0.582355 0.0055912 0.6183067 2.50865 4.183285 5.558695 1.160375 0.997397 0.2258235 0 0.0808105 4.38153 11.314145 9.00066 4.938215 5.377245 9.213845 7.304125 7.384145 3.75235 2.985005 1.39038 0.467128
"118" 10.75 44.7 0.2211675 0.053733 0 0.3103125 1.2985665 2.129805 4.60162 2.284195 1.890125 1.895165 0.482375 0.155564 0.9297455 10.08956 6.31409 5.49995 11.9393 5.95037 8.48859 7.344275 7.05193 5.222625 2.612995 0.877889
"119" 10.75 44.8 0.2211675 0.053733 0 0.3103125 1.2985665 2.129805 4.60162 2.284195 1.890125 1.895165 0.482375 0.155564 0.9297455 10.08956 6.31409 5.49995 11.9393 5.95037 8.48859 7.344275 7.05193 5.222625 2.612995 0.877889
"120" 10.75 44.9 0.191296 0.5631295 0.3168945 0.24365925 0.9722325 1.619355 3.941735 2.02911 0.6198376 1.3743175 0.445048 0.141732 0.8583745 8.786815 5.551015 4.3209 4.34604 5.40097 4.69176 3.77952 6.36687 4.692565 2.359155 0.792608
"121" 10.75 45 0.00344674 2.004285 2.40833 2.154125 1.85732 1.903255 4.002495 2.070135 0.63211295 0.2435335 0.0755215 0.13121 0.2814795 8.685415 5.93334 4.770255 4.732105 4.81947 4.75888 3.837235 5.54557 4.071755 2.054835 0.690365
"122" 10.85 44 0 0 0.01521275 0.86829695 3.30562 5.79513 0.09811855 0.2106075 0.330585 0.0917205 0 3.07604 9.529535 0.2808775 2.2351305 2.48412 1.161692 4.867881 9.868345 8.47092 10.057135 7.88594 3.726525 1.252005
"123" 10.85 44.1 0.0001940645 1.57619 0.9605985 0.468947445 1.86647 3.17326 0.90064945 1.81946 3.517845 1.017595 0 4.091755 10.62034 3.194045 4.64978 2.100085 3.502265 6.381855 5.70505 7.980165 7.567785 5.964045 2.804135 0.942108
"124" 10.85 44.2 0.000220479 0.2350125 0.1569 0.64385475 2.559295 4.26454 2.8523355 0.522538 0.756825 0.2098075 0 0.358688 6.5302645 5.00947 4.03552 2.904705 6.51894 8.90394 6.516475 9.120745 5.13875 4.32212 1.90409 0.63972
"125" 10.85 44.3 0.000220479 0.2350125 0.1569 0.64385475 2.559295 4.26454 2.8523355 0.522538 0.756825 0.2098075 0 0.358688 6.5302645 5.00947 4.03552 2.904705 6.51894 8.90394 6.516475 9.120745 5.13875 4.32212 1.90409 0.63972
"126" 10.85 44.4 0.1870525 0.753336 0.435073 0.88088675 3.474595 5.967535 4.3565035 0.467497 0.5866505 0.1612555 0 0.2072125 5.8531935 5.302965 5.253595 3.94191 6.57221 9.069365 5.291915 6.633715 5.238785 4.377955 1.94116 0.6521735
"127" 10.85 44.5 2.027615 0.52575 0 0.557955 2.273195 3.82947 6.049345 2.29313 1.2570705 1.55715 0.4423165 0.07028685 1.130047 10.158595 7.30266 5.575995 4.67825 5.7941 5.3782 6.81732 10.8792 8.26355 4.03113 1.35434
"128" 10.85 44.6 2.027615 0.52575 0 0.557955 2.273195 3.82947 6.049345 2.29313 1.2570705 1.55715 0.4423165 0.07028685 1.130047 10.158595 7.30266 5.575995 4.67825 5.7941 5.3782 6.81732 10.8792 8.26355 4.03113 1.35434
"129" 10.85 44.7 0.8591695 0.2224805 0 0.542385 2.13233 3.722625 5.13592 3.05407 2.018895 1.75261 0.44609 0.1413815 0.621355 9.21047 6.04327 5.51581 4.6536 5.74352 8.92781 7.032655 6.46709 4.77266 2.39629 0.805084
"130" 10.85 44.8 0.8591695 0.2224805 0 0.542385 2.13233 3.722625 5.13592 3.05407 2.018895 1.75261 0.44609 0.1413815 0.621355 9.21047 6.04327 5.51581 4.6536 5.74352 8.92781 7.032655 6.46709 4.77266 2.39629 0.805084
"131" 10.85 44.9 0.829368 0.329271 0.07204725 0.33387569 1.29664 2.266005 4.335965 2.264745 0.6863236 1.3243145 0.428856 0.1365755 0.4179245 8.38166 5.46151 4.54644 4.34313 5.43084 5.41299 3.87706 6.0922 4.508815 2.25738 0.7584145
"132" 10.85 45 0.003185025 1.4720655 1.83503 1.76026 1.67814 1.905145 4.43177 2.288195 0.69449305 0.2377005 0.073656 0 0.03851745 8.510755 5.576285 4.62668 5.208005 5.417365 5.029525 3.88073 5.472605 4.031885 2.027795 0.6812815
"133" 10.95 44 0 0 0 0.647915 2.569465 4.44691 0.5649805 0.570377 0.447295 0.0962035 0 0.404436 2.8501085 1.944215 0.7902065 3.805215 1.70085 5.074324 7.99947 8.21385 10.4574 8.23783 3.874845 1.301835
"134" 10.95 44.1 0 0 0.00495361 0.572684235 2.27198 3.87707 2.978166 0.5439445 0.7874075 0.293809 0.0258536 0.365383 6.5862035 3.840135 6.3626 3.991725 4.34955 7.14075 6.844175 8.3912 8.84566 7.050665 3.277635 1.1011925
"135" 10.95 44.2 1.118535 0.8842835 0.360962 0.61768 2.505165 4.239415 2.8742065 0.5571705 0.7645485 0.208401 0 0.355758 6.2987065 5.168825 4.37476 3.185085 4.89167 7.081375 6.330025 10.05888 10.8855 8.628605 4.033475 1.35513
"136" 10.95 44.3 1.118535 0.8842835 0.360962 0.61768 2.505165 4.239415 2.8742065 0.5571705 0.7645485 0.208401 0 0.355758 6.2987065 5.168825 4.37476 3.185085 4.89167 7.081375 6.330025 10.05888 10.8855 8.628605 4.033475 1.35513
"137" 10.95 44.4 0.195108 0.0505905 0 0.826185 3.301355 5.670475 4.4118885 0.6235595 0.65404 0.1678585 0 0.21465 7.259768 5.64097 4.44615 3.443445 7.46098 8.910145 6.992875 9.676005 10.7137 8.52144 3.96981 1.33374
"138" 10.95 44.5 1.95753 0.50758 0 0.85512 3.365165 5.86906 5.058415 2.375365 1.54613 1.600425 0.427028 0.0678574 0.779596 9.63283 6.133615 6.48293 3.916495 7.02757 5.026995 6.468565 10.23305 7.885105 3.79171 1.27391
"139" 10.95 44.6 1.95753 0.50758 0 0.85512 3.365165 5.86906 5.058415 2.375365 1.54613 1.600425 0.427028 0.0678574 0.779596 9.63283 6.133615 6.48293 3.916495 7.02757 5.026995 6.468565 10.23305 7.885105 3.79171 1.27391
"140" 10.95 44.7 0.8154885 0.352951 0.08603175 0.677605 2.61374 4.65069 5.15994 3.7916 3.174405 2.13226 0.4654305 0 0.481215 8.659835 5.92664 4.479165 6.054525 6.47453 5.25277 5.789095 7.82978 5.807935 2.901215 0.974724
"141" 10.95 44.8 0.8154885 0.352951 0.08603175 0.677605 2.61374 4.65069 5.15994 3.7916 3.174405 2.13226 0.4654305 0 0.481215 8.659835 5.92664 4.479165 6.054525 6.47453 5.25277 5.789095 7.82978 5.807935 2.901215 0.974724
"142" 10.95 44.9 0.810488 1.043521 0.506008 0.516585 1.980715 3.545545 4.50647 3.030715 1.8005 0.5239155 0.0681205 0 0 5.464255 5.17107 4.16596 4.306175 5.257545 5.878445 5.82415 5.92985 4.41628 2.19722 0.738204
"143" 10.95 45 0.1428195 0.10389025 0.0409573 0.296495 1.1384195 2.03497 3.729945 2.2587 0.6855775 0.2348815 0.0727825 0 0 2.85626 5.366025 4.163945 4.56557 5.053115 4.954145 3.823945 8.956795 6.648295 3.318815 1.115023
"144" 11.05 44 0.00720575 0 0 0.85077 3.52133 5.83921 0.482547 0.303194 0.1195239 0.0109692 0 0.0642488 0.4676995 2.279395 3.605095 3.04521 5.53819 11.875625 5.95938 8.69391 13.05965 10.35011 4.846015 1.625785
"145" 11.05 44.1 0 0 0 0.611095 2.477615 4.19421 4.8406385 0.5855285 0.851418 0.3292575 0.03175785 0.397039 1.0068105 3.175355 4.386485 6.84095 4.22554 7.422145 7.472965 11.352325 12.17555 9.572375 4.51263 1.515725
"146" 11.05 44.2 1.20741 0.3123955 0 0.80495 3.189045 5.524715 4.6272985 0.5747985 0.824347 0.3213135 0.03159055 0.3854595 1.6960415 5.557325 4.586745 4.539485 4.004655 7.11435 7.42322 10.941585 11.64875 9.240935 4.31628 1.450145
"147" 11.05 44.3 1.20741 0.3123955 0 0.80495 3.189045 5.524715 4.6272985 0.5747985 0.824347 0.3213135 0.03159055 0.3854595 1.6960415 5.557325 4.586745 4.539485 4.004655 7.11435 7.42322 10.941585 11.64875 9.240935 4.31628 1.450145
"148" 11.05 44.4 1.277115 0.3311505 0 0.961155 3.782265 6.596815 4.668695 0.622734 0.7002615 0.1834888 0.001231045 0 0.702305 6.003765 5.4926 4.468625 3.966295 7.262965 6.470405 10.000305 11.3424 9.104175 4.202765 1.41201
"149" 11.05 44.5 3.64852 0.946045 0 0.858845 3.34547 5.894625 5.419995 2.686285 1.657375 1.641955 0.4383 0 0.3466945 3.45889 6.83027 5.368755 6.814965 8.526375 6.83288 7.05598 10.8455 8.494975 4.018665 1.350155
"150" 11.05 44.6 3.64852 0.946045 0 0.858845 3.34547 5.894625 5.419995 2.686285 1.657375 1.641955 0.4383 0 0.3466945 3.45889 6.83027 5.368755 6.814965 8.526375 6.83288 7.05598 10.8455 8.494975 4.018665 1.350155
"151" 11.05 44.7 0.8550755 1.72612 0.9130245 0.711745 2.72369 4.884995 6.099745 3.99117 3.344145 2.24374 0.4893885 0 0 5.8514 6.245855 4.274955 5.261795 5.975255 4.67226 5.8232 8.087875 6.056415 2.996845 1.0068555
"152" 11.05 44.8 0.8550755 1.72612 0.9130245 0.711745 2.72369 4.884995 6.099745 3.99117 3.344145 2.24374 0.4893885 0 0 5.8514 6.245855 4.274955 5.261795 5.975255 4.67226 5.8232 8.087875 6.056415 2.996845 1.0068555
"153" 11.05 44.9 0.8351875 0.986622 0.4676065 0.571045 2.17496 3.919315 5.03286 3.209205 1.87856 1.307745 0.3212665 0 0 5.616185 4.618855 3.631825 4.71243 5.464755 5.33122 5.79083 6.09328 4.62322 2.257775 0.7585485
"154" 11.05 45 0.1530245 0.03903375 0 0.29581 1.121257 2.030275 3.467075 2.073265 1.084812 1.297055 0.369601 0 0 3.154885 4.518395 3.84952 5.214535 4.517105 7.216565 9.19484 9.79973 7.36006 3.63115 1.21996
"155" 11.15 44 0.00680335 0 0 0.79841 3.412305 5.479825 2.6681865 0.2296715 0.09656675 0.013878765 0.001150815 0.06066105 0.056074 1.282155 7.406815 2.088445 4.266035 10.35497 7.48932 10.397775 12.6767 10.106465 4.748275 1.578115
"156" 11.15 44.1 0 0 0.002862 0.81807703 3.25654 5.583895 5.094745 0.3320895 0.332585 0.1838825 0.03377095 0.01711655 0.0158222 3.74911 3.72744 6.235205 5.437055 7.831995 6.872285 9.18361 12.82225 10.107245 4.767355 1.596235
"157" 11.15 44.2 1.25647 0.325151 0 0.80617 3.198455 5.533075 5.114775 0.678627 0.421728 0.174273 0.03178165 0.01610825 0.22583415 3.71093 4.75697 4.91238 4.80721 7.36071 7.26835 11.191915 12.4741 9.858975 4.631825 1.55289
"158" 11.15 44.3 1.25647 0.325151 0 0.80617 3.198455 5.533075 5.114775 0.678627 0.421728 0.174273 0.03178165 0.01610825 0.22583415 3.71093 4.75697 4.91238 4.80721 7.36071 7.26835 11.191915 12.4741 9.858975 4.631825 1.55289
"159" 11.15 44.4 1.29058 0.334641 0 0.824825 3.252135 5.66111 7.93478 1.91587 0.664142 0.04252762 0.00124866 0 0.1723845 2.89437 5.329215 5.239385 4.711615 7.15143 7.09258 11.30305 11.19405 9.01441 4.15629 1.39354
"160" 11.15 44.5 4.17737 1.083175 0 0.634025 2.46958 4.35159 5.899 2.61267 1.60301 1.90914 0.529305 0 0 3.34481 5.05578 4.96249 5.376175 6.325215 5.97079 8.57664 10.47685 8.31053 3.882045 1.304255
"161" 11.15 44.6 4.17737 1.083175 0 0.634025 2.46958 4.35159 5.899 2.61267 1.60301 1.90914 0.529305 0 0 3.34481 5.05578 4.96249 5.376175 6.325215 5.97079 8.57664 10.47685 8.31053 3.882045 1.304255
"162" 11.15 44.7 2.275425 0.913029 0.196004 0.61207 2.32249 4.20091 5.972105 4.05071 3.206565 2.07919 0.452796 0 0 5.41042 4.79003 4.07856 3.489185 3.914975 5.485615 4.888885 7.42483 5.663495 2.75117 0.924314
"163" 11.15 44.8 2.275425 0.913029 0.196004 0.61207 2.32249 4.20091 5.972105 4.05071 3.206565 2.07919 0.452796 0 0 5.41042 4.79003 4.07856 3.489185 3.914975 5.485615 4.888885 7.42483 5.663495 2.75117 0.924314
"164" 11.15 44.9 2.45357 1.50666 0.528541 0.4021 1.520645 2.759785 5.687005 3.822235 2.086485 1.350895 0.331865 0 0 1.641735 4.84148 3.76849 3.3455 4.17504 5.38932 5.085245 5.674585 4.37188 2.102635 0.706426
"165" 11.15 45 1.080985 0.279625 0 0.2041125 0.77023 1.40091 5.856845 3.935995 1.6389605 1.34153 0.382112 0 0 2.216 5.40538 4.093425 2.8276 3.136495 7.159895 9.37148 6.37763 4.875935 2.37603 0.8179325
"166" 11.25 44 0.00752075 0 0 0.360149 1.84505 2.471855 2.8255645 1.168125 1.912535 0.54722835 0.00381649 0 0 1.10399 6.967465 5.587235 3.095525 11.47789 8.223915 11.4075 12.8954 10.434085 4.9322 1.605345
"167" 11.25 44.1 0.005126205 0.001329205 0 1.02378 4.109165 7.026635 7.318565 0.919594 0.507155 0.0824055 0 0.01751605 0.0809575 1.506138 2.339445 5.14926 5.96463 7.253795 7.63821 9.488525 13.47935 10.64366 5.097475 1.701295
"168" 11.25 44.2 1.31175 0.330744 0 0.648605 2.677095 4.451665 6.36997 1.81988 0.7622605 0.183479 0.03346045 0.01695915 0.0156767 1.645238 4.15404 5.109365 5.33923 7.391565 8.41442 11.8756 12.98325 10.19651 4.89992 1.616275
"169" 11.25 44.3 1.31175 0.330744 0 0.648605 2.677095 4.451665 6.36997 1.81988 0.7622605 0.183479 0.03346045 0.01695915 0.0156767 1.645238 4.15404 5.109365 5.33923 7.391565 8.41442 11.8756 12.98325 10.19651 4.89992 1.616275
"170" 11.25 44.4 1.30181 0.37858935 0.0305894 0.588505 2.405215 4.039155 6.71163 0.632016 0.2974605 0.04315539 0.001267095 0 0 2.77375 4.443785 5.537435 5.072565 8.41459 7.421105 11.3826 11.2423 8.982835 4.23395 1.400635
"171" 11.25 44.5 4.552025 1.18032 0 0.588075 2.294975 4.036205 6.48869 2.96353 1.76711 2.07006 0.57487 0 0 3.56932 5.63764 5.7124 5.35863 7.15668 5.634425 6.433405 10.2387 8.212335 3.793815 1.27582
"172" 11.25 44.6 4.552025 1.18032 0 0.588075 2.294975 4.036205 6.48869 2.96353 1.76711 2.07006 0.57487 0 0 3.56932 5.63764 5.7124 5.35863 7.15668 5.634425 6.433405 10.2387 8.212335 3.793815 1.27582
"173" 11.25 44.7 2.373645 0.615475 0 0.56637 2.139775 3.88724 5.495355 5.68777 6.27588 2.950025 0.4489215 0 0 2.193631 4.63882 4.30887 3.433005 5.087795 4.521345 4.78222 6.493305 5.109415 2.406 0.808348
"174" 11.25 44.8 2.373645 0.615475 0 0.56637 2.139775 3.88724 5.495355 5.68777 6.27588 2.950025 0.4489215 0 0 2.193631 4.63882 4.30887 3.433005 5.087795 4.521345 4.78222 6.493305 5.109415 2.406 0.808348
"175" 11.25 44.9 2.627785 1.860865 0.7160435 0.57044 2.15108 3.915185 6.22836 4.93418 3.93781 1.935985 0.3530515 0 0 1.82788 3.77062 4.174825 2.95726 4.469445 5.960195 5.49336 6.04905 4.69063 2.24139 0.753043
"176" 11.25 45 1.06391 0.34794715 0.0441376 0.162232 0.611714 1.113467 4.053345 2.06466 1.094803 1.333985 0.3802855 0 0.0279366 1.96079 4.458755 4.569345 2.70337 2.681915 7.039955 9.184245 6.274885 4.756295 2.32507 0.781156
"177" 11.35 44 0 0.504528 0.306138 0.119741 0.826999 0.8218335 2.8163605 0.336804 0.096905 0.00747464 0.002442275 0 0 0.7748 2.65818 5.489755 2.887995 9.686215 7.894745 10.89567 12.29 10.014945 4.78671 1.53857
"178" 11.35 44.1 0.00510037 0.001322505 0 0.612845 2.57912 4.206215 7.23065 0.771937 0.2221015 0 0 0 0 0.6781805 1.214255 3.47985 5.54412 7.185015 7.56387 9.37208 14.1115 11.23225 5.421225 1.767525
"179" 11.35 44.2 1.32602 0.334342 0 0.65909 2.729335 4.523635 8.66844 1.839685 0.7705565 0.09389915 0.003902825 0 0 1.2091585 3.06998 4.89418 5.2556 7.556505 6.2825 8.793815 13.00035 10.298225 5.04235 1.699115
"180" 11.35 44.3 1.32602 0.334342 0 0.65909 2.729335 4.523635 8.66844 1.839685 0.7705565 0.09389915 0.003902825 0 0 1.2091585 3.06998 4.89418 5.2556 7.556505 6.2825 8.793815 13.00035 10.298225 5.04235 1.699115
"181" 11.35 44.4 1.38092 0.34812 0 0.650485 2.680145 4.464555 8.91775 2.012475 0.7016735 0.05400515 0.00403228 0 0 1.4972467 4.24909 5.78494 5.608885 8.99692 6.37287 6.942055 11.84465 9.470315 4.506195 1.492735
"182" 11.35 44.5 3.34302 1.0922885 0.1368045 0.735315 2.838165 5.04677 5.76069 2.23367 1.52809 2.04813 0.57093 0 0 2.391825 5.539265 5.94612 4.929055 7.09928 5.147355 6.25637 10.25325 8.22584 3.800515 1.291945
"183" 11.35 44.6 3.34302 1.0922885 0.1368045 0.735315 2.838165 5.04677 5.76069 2.23367 1.52809 2.04813 0.57093 0 0 2.391825 5.539265 5.94612 4.929055 7.09928 5.147355 6.25637 10.25325 8.22584 3.800515 1.291945
"184" 11.35 44.7 3.69379 5.345675 2.662495 0.70071 2.642655 4.809255 5.833555 4.5588 3.746855 2.28395 0.4759535 0 0 1.592555 3.6178 4.12431 3.629185 4.73126 5.52134 5.685465 6.89943 5.49473 2.556485 0.8589065
"185" 11.35 44.8 3.69379 5.345675 2.662495 0.70071 2.642655 4.809255 5.833555 4.5588 3.746855 2.28395 0.4759535 0 0 1.592555 3.6178 4.12431 3.629185 4.73126 5.52134 5.685465 6.89943 5.49473 2.556485 0.8589065
"186" 11.35 44.9 1.016887 1.903995 0.995315 0.70412 2.65497 4.83268 6.036085 4.703435 3.92457 2.53273 0.542135 0 0 1.57389 2.830215 4.00688 3.678705 3.75473 5.856 5.553485 6.160705 4.804125 2.28276 0.7669425
"187" 11.35 45 1.0380205 0.8390555 0.34616 0.168094 0.6338185 1.1537 5.283295 3.72807 2.447925 4.59581 1.348985 0 0.0248977 1.690125 2.087285 3.6843 2.81417 2.62671 6.127685 5.600075 5.93501 4.50649 2.199135 0.7388455
"188" 11.45 44 0 0 0.018913 0.19710935 0.877424 1.14849 2.058803 0.414232 0.1191825 0.007505665 0.002452415 0 0 0.768915 2.638 2.97821 2.599635 9.353005 9.198245 14.5206 12.26725 10.030325 4.80837 1.592205
"189" 11.45 44.1 0 0 0 0.231603 1.14847 1.58959 6.94029 0.720217 0.2072205 0 0 0 0.091012 1.91403 6.566665 7.11551 5.63962 7.395365 6.1138 10.773085 12.19155 9.89396 4.82015 1.605125
"190" 11.45 44.2 1.444305 0.364166 0 0.3383995 1.489595 2.32258 9.441695 1.91472 0.550905 0.013010185 0.004250965 0 0 0.881975 3.02589 4.708175 4.74449 8.16152 7.862315 7.632505 12.53815 10.16381 4.94266 1.6384
"191" 11.45 44.3 1.444305 0.364166 0 0.3383995 1.489595 2.32258 9.441695 1.91472 0.550905 0.013010185 0.004250965 0 0 0.881975 3.02589 4.708175 4.74449 8.16152 7.862315 7.632505 12.53815 10.16381 4.94266 1.6384
"192" 11.45 44.4 3.891195 0.999165 0 0.90469 3.54996 6.209275 8.49618 1.711295 0.492373 0.012166975 0.003975455 0 0 0.399059 1.277538 3.867545 4.891375 8.82974 6.93792 6.97971 11.59265 9.32251 4.463945 1.548165
"193" 11.45 44.5 3.282745 5.625295 2.89683 0.72736 2.78271 4.99219 6.47494 3.596995 1.880825 1.48371 0.390895 0 0 0.984444 1.418285 2.516355 2.557065 6.376045 5.07351 6.13503 10.18875 8.205985 3.784025 1.3362
"194" 11.45 44.6 3.282745 5.625295 2.89683 0.72736 2.78271 4.99219 6.47494 3.596995 1.880825 1.48371 0.390895 0 0 0.984444 1.418285 2.516355 2.557065 6.376045 5.07351 6.13503 10.18875 8.205985 3.784025 1.3362
"195" 11.45 44.7 3.82851 4.498005 2.126945 0.70874 2.672385 4.864385 7.01066 5.742295 4.17881 2.476495 0.528715 0 0.02479015 1.158289 3.34716 4.340255 4.00215 4.89606 5.402935 5.807245 6.40427 5.191395 2.37301 0.7972635
"196" 11.45 44.8 3.82851 4.498005 2.126945 0.70874 2.672385 4.864385 7.01066 5.742295 4.17881 2.476495 0.528715 0 0.02479015 1.158289 3.34716 4.340255 4.00215 4.89606 5.402935 5.807245 6.40427 5.191395 2.37301 0.7972635
"197" 11.45 44.9 2.26238 1.53333 0.5744415 0.59643 2.24892 4.09357 6.537895 5.234645 4.074375 2.53208 0.54226 0 0 1.607645 2.76644 3.339825 3.449905 3.57545 6.303085 5.670165 5.949475 4.673205 2.204495 0.7406465
"198" 11.45 45 2.581345 0.66933 0 0.189609 0.7149435 1.30137 5.97689 4.218505 2.77105 5.199805 1.526135 0 0.03665075 1.0286235 0.34915085 0.8492265 1.67774 2.5289 6.251535 6.1577 6.70378 5.102705 2.48399 0.8345495
"199" 11.55 44 0 0 0 0.188173 0.913301 1.29151 2.0532195 0.1817045 0.05228 0 0 0 0 0.86717 2.97509 3.381795 2.91342 9.857755 7.8914 14.4159 12.5559 10.423665 4.98916 1.66443
"200" 11.55 44.1 0 0 0 0.3748725 1.728205 2.57291 3.6076305 0.342791 0.0986275 0 0 0 0.0452084 0.424133 1.455115 2.825035 3.219675 8.984435 7.92085 7.8941 12.9156 10.76915 5.20338 1.808985
"201" 11.55 44.2 0.603111 0.1525145 0 0.437396 1.869615 3.002035 5.3196 2.041305 0.587325 0.004667735 0.001525145 0 0 0.707375 2.42686 4.53861 4.825045 8.208555 8.136155 8.10524 12.75465 10.522405 5.09985 1.74465
"202" 11.55 44.3 0.603111 0.1525145 0 0.437396 1.869615 3.002035 5.3196 2.041305 0.587325 0.004667735 0.001525145 0 0 0.707375 2.42686 4.53861 4.825045 8.208555 8.136155 8.10524 12.75465 10.522405 5.09985 1.74465
"203" 11.55 44.4 0.8099475 0.2061245 0 0.450189 1.8302 3.08984 5.09649 1.89505 0.545245 0.004506065 0.00147232 0 0 0.7100357 2.363325 5.095985 5.77311 7.963085 6.480675 7.42253 13.81945 11.12505 5.349475 1.95281
"204" 11.55 44.5 0.8018685 3.58897 2.05156 0.59264 2.260425 4.067555 6.317835 2.91243 1.021563 2.009595 0.63624 0 0 0.4063145 1.393985 2.90869 2.934615 5.70997 5.542285 7.02848 8.65518 7.168875 3.21379 1.1772775
"205" 11.55 44.6 0.8018685 3.58897 2.05156 0.59264 2.260425 4.067555 6.317835 2.91243 1.021563 2.009595 0.63624 0 0 0.4063145 1.393985 2.90869 2.934615 5.70997 5.542285 7.02848 8.65518 7.168875 3.21379 1.1772775
"206" 11.55 44.7 4.06007 5.77824 2.867335 0.451537 1.702575 3.09909 7.011 7.30593 6.48234 3.1627 0.547175 0 0 0.3491505 0.633421 1.8996 2.49316 5.34598 5.81204 6.526365 7.02539 5.69985 2.603155 0.874584
"207" 11.55 44.8 4.06007 5.77824 2.867335 0.451537 1.702575 3.09909 7.011 7.30593 6.48234 3.1627 0.547175 0 0 0.3491505 0.633421 1.8996 2.49316 5.34598 5.81204 6.526365 7.02539 5.69985 2.603155 0.874584
"208" 11.55 44.9 2.284525 2.525885 1.173225 0.63128 2.38031 4.33273 6.50613 6.782315 6.269215 3.128065 0.54279 0 0.01548465 0.9726165 0.81497 1.40077 1.993745 3.66986 7.153195 8.14104 6.937505 5.40322 2.570595 0.8636455
"209" 11.55 45 2.472715 0.641165 0 0.2570905 0.969389 1.76452 6.933245 4.60267 2.787535 5.34051 1.58253 0 0 0.8837465 0.2834027 0.8893625 1.82352 2.286265 7.64344 8.63481 7.113715 5.37957 2.635885 0.885582
"210" 11.65 44 0 0.521041 0.316158 0.20101 1.054555 1.379615 0.1116144 0.1061681 0.0305467 0 0 0 0 0.338883 1.1626385 1.577465 1.48538 3.67968 6.407215 7.9811 15.7064 13.0327 6.31459 2.12041
"211" 11.65 44.1 0 0 0 0.640425 2.693475 4.395505 3.615045 0.339747 0.097752 0 0 0 0 0.4242955 1.455675 2.134685 1.80263 3.874335 11.26805 8.78596 14.2789 11.7468 5.68465 1.952175
"212" 11.65 44.2 0.5931265 0.15003 0 0.525695 2.2055 3.608065 4.055115 0.7257945 0.208825 0 0 0 0 0.276935 0.9501095 2.339965 2.32662 4.88891 12.15005 9.180315 14.346 11.72915 5.65219 2.05415
"213" 11.65 44.3 0.5931265 0.15003 0 0.525695 2.2055 3.608065 4.055115 0.7257945 0.208825 0 0 0 0 0.276935 0.9501095 2.339965 2.32662 4.88891 12.15005 9.180315 14.346 11.72915 5.65219 2.05415
"214" 11.65 44.4 0.7331405 0.4619255 0.1670485 0.40982 1.65849 2.81277 5.38891 2.50603 0.721035 1.236832 0.404125 0 0 0.239122 0.82038 3.449515 4.865425 7.296975 4.45118 6.422965 12.61275 10.20145 4.84236 1.83831
"215" 11.65 44.5 0.7014995 10.23581 6.100545 0.3481755 1.32193 2.38968 5.316285 3.48474 2.659125 2.296345 0.56644 0 0 0.5311 1.8221 2.874485 2.51974 5.120485 3.47666 5.81123 7.7696 6.254015 2.886375 1.067546
"216" 11.65 44.6 0.7014995 10.23581 6.100545 0.3481755 1.32193 2.38968 5.316285 3.48474 2.659125 2.296345 0.56644 0 0 0.5311 1.8221 2.874485 2.51974 5.120485 3.47666 5.81123 7.7696 6.254015 2.886375 1.067546
"217" 11.65 44.7 2.459185 7.969375 4.448755 0.2422675 0.9135 1.662785 6.66616 6.94234 6.599635 1.7839865 0.072059 0 0 0.176567 0.605767 1.836045 2.575785 4.891275 7.22103 6.5534 7.070955 5.65388 2.62004 0.880257
"218" 11.65 44.8 2.459185 7.969375 4.448755 0.2422675 0.9135 1.662785 6.66616 6.94234 6.599635 1.7839865 0.072059 0 0 0.176567 0.605767 1.836045 2.575785 4.891275 7.22103 6.5534 7.070955 5.65388 2.62004 0.880257
"219" 11.65 44.9 3.579825 2.66453 1.0535515 0.492314 1.85633 3.37896 7.657855 7.2141 6.86213 1.8538495 0.074427 0 0 0.2073395 0.4479905 1.0207015 1.37303 3.247315 5.207835 6.201065 7.37215 5.69537 2.771255 0.9914735
"220" 11.65 45 2.712505 0.70334 0 0.57504 2.16826 3.94676 7.64796 6.761085 6.386845 3.105605 0.5443465 0.0138891 0 0.2048085 0.42321 1.1233895 1.73042 3.479095 8.8343 9.649925 5.022995 3.798335 1.8612 0.6253095
"221" 11.75 44 0 0.0950624 0.057682 0.703225 3.02203 4.826525 0.1051033 0.09961745 0.0286619 0 0 0 0.273268 0.32975 1.131309 1.238175 0.916653 2.72567 10.099005 8.80851 15.2623 12.6124 6.18837 2.061385
"222" 11.75 44.1 0 0 0 0.4527155 1.97813 3.10718 1.024813 0.6613705 0.1902895 0 0 0 0 0.2141345 0.734652 1.53783 1.59789 2.00901 11.76465 9.16483 14.7663 12.01955 5.86642 2.08055
"223" 11.75 44.2 0 0 0 0.5481 2.289795 3.761835 2.011165 0.683443 0.19664 0 0 0 0 0.223121 0.7654835 1.599755 1.292445 3.5854 12.70435 9.642485 14.96745 12.15805 5.816465 2.169095
"224" 11.75 44.3 0 0 0 0.5481 2.289795 3.761835 2.011165 0.683443 0.19664 0 0 0 0 0.223121 0.7654835 1.599755 1.292445 3.5854 12.70435 9.642485 14.96745 12.15805 5.816465 2.169095
"225" 11.75 44.4 0.04528925 0.00825325 0 0.647575 2.55105 4.444585 4.67213 2.56456 0.737875 0.0168395 0.00550215 0 0 0.252643 0.8667705 1.546015 1.108645 7.54857 6.78046 7.23902 12.9332 10.398925 4.92855 1.87157
"226" 11.75 44.5 0.733196 5.610185 3.288795 0.4520255 1.71006 3.10244 5.113535 2.13068 0.6767575 1.84924 0.59714 0 0 0.1361115 0.466972 1.79458 2.161535 5.2301 5.617985 4.841995 11.0955 8.646085 4.112655 1.48563
"227" 11.75 44.6 0.733196 5.610185 3.288795 0.4520255 1.71006 3.10244 5.113535 2.13068 0.6767575 1.84924 0.59714 0 0 0.1361115 0.466972 1.79458 2.161535 5.2301 5.617985 4.841995 11.0955 8.646085 4.112655 1.48563
"228" 11.75 44.7 2.654725 5.2917 2.793225 0.23009 0.867578 1.579205 5.203545 4.303225 6.22053 1.9260445 0.0761585 0 0 0.2119385 0.727118 1.3419995 1.50587 5.313565 6.1398 6.64784 7.707615 6.069845 2.93858 1.113282
"229" 11.75 44.8 2.654725 5.2917 2.793225 0.23009 0.867578 1.579205 5.203545 4.303225 6.22053 1.9260445 0.0761585 0 0 0.2119385 0.727118 1.3419995 1.50587 5.313565 6.1398 6.64784 7.707615 6.069845 2.93858 1.113282
"230" 11.75 44.9 3.70815 2.66398 1.033028 0.4448725 1.677445 3.05335 8.45705 7.640135 6.541375 2.995825 0.4967305 0 0 0.2131 0.4587255 1.007096 1.361615 2.83081 6.77736 6.806805 7.709045 5.95677 3.366355 1.908515
"231" 11.75 45 4.10417 3.33964 1.3807 0.218692 0.824603 1.500975 6.19661 5.13387 6.24798 3.32669 0.556825 0 0 0.17045 0.2855735 0.8896215 1.41454 3.41413 8.69133 10.207945 5.39407 4.019975 2.101215 0.8622775
"232" 11.85 44 0.004890285 0.019578 0.01892735 1.86699375 7.30184 12.73785 0.29871315 0.304323 0.0875595 0 0 0 0 0.314504 1.079001 1.226885 1.0449615 2.211128 6.84757 7.5068 14.12545 11.62285 5.79084 2.01155
"233" 11.85 44.1 0 0 0 0.461259 2.06341 3.165815 0.904083 0.5296945 0.1524035 0 0 0 0 0.1265415 0.434139 1.0107595 0.9091795 2.046925 10.593415 9.0076 16.00775 12.93145 6.28587 2.342195
"234" 11.85 44.2 0 0 0 0.672505 2.7625 4.615705 4.01361 2.716725 0.781655 0 0 0 0 0.202898 0.6961035 1.487255 1.315815 2.95258 1.534315 1.91041 16.9393 13.52555 6.49349 2.492785
"235" 11.85 44.3 0 0 0 0.672505 2.7625 4.615705 4.01361 2.716725 0.781655 0 0 0 0 0.202898 0.6961035 1.487255 1.315815 2.95258 1.534315 1.91041 16.9393 13.52555 6.49349 2.492785
"236" 11.85 44.4 0.0411089 0.00941515 0 0.635335 2.525255 4.36058 5.53059 2.29821 0.66124 0.0192102 0.0062768 0 0 0.193596 0.66419 1.3191995 1.101775 5.457315 6.020355 3.02302 14.74765 11.7197 5.57545 2.098625
"237" 11.85 44.5 0.0384858 6.728005 4.076595 0.321551 1.2187245 2.20694 5.47479 1.54284 0.50755835 0.02197835 0 0 0 0.14527 0.498392 2.292685 3.52883 5.728585 2.738935 3.286625 11.8388 9.15427 4.49005 1.773615
"238" 11.85 44.6 0.0384858 6.728005 4.076595 0.321551 1.2187245 2.20694 5.47479 1.54284 0.50755835 0.02197835 0 0 0 0.14527 0.498392 2.292685 3.52883 5.728585 2.738935 3.286625 11.8388 9.15427 4.49005 1.773615
"239" 11.85 44.7 3.217755 3.53924 1.641335 0.2782655 1.04923 1.909855 6.35058 2.167055 1.457125 0.5688115 0.0921045 0 0 0.04271885 0.1465595 0.777586 1.2349725 3.50253 4.070985 5.77858 4.70549 3.93029 2.215455 1.46393
"240" 11.85 44.8 3.217755 3.53924 1.641335 0.2782655 1.04923 1.909855 6.35058 2.167055 1.457125 0.5688115 0.0921045 0 0 0.04271885 0.1465595 0.777586 1.2349725 3.50253 4.070985 5.77858 4.70549 3.93029 2.215455 1.46393
"241" 11.85 44.9 4.15316 4.73115 2.217335 0.3610465 1.36137 2.478015 6.26511 3.24141 2.55141 2.25413 0.61110405 0.03335715 0 0.02414375 0.08283215 0.717997 1.284779 1.81315 5.843855 7.18129 4.35056 3.484405 2.13977 1.52363
"242" 11.85 45 0.5791045 11.713755 7.045515 0.21266355 0.648519 1.146785 8.26545 4.86262 3.289865 2.64663 0.65319 0 0 0.0870565 0.298673 0.933465 1.48852 2.13781 5.98097 8.116065 2.40595 1.86935 1.244485 0.9563895
"243" 11.95 44 0 0.00466334 0.01961685 1.7917627 6.80629 12.1162 0.03712245 0.0293208 0.00843615 0 0 0 0 0.196469 0.674046 0.778672 0.6214405 2.2706565 11.23525 8.42424 14.6327 11.8549 5.99336 2.166405
"244" 11.95 44.1 0 0 0 1.38155 5.451405 9.48219 1.91863 0.7275345 0.209326 0 0.0296133 0.01803765 0 0.083773 0.2874095 0.8651745 0.625957 1.669795 8.8166 3.87632 16.39935 13.2451 6.46187 2.48791
"245" 11.95 44.2 0 0 0 0.633865 2.558915 4.35049 4.065365 0.8440205 0.2428415 0.01844525 0.00602685 0 0 0.122993 0.421965 1.038167 0.823152 1.407125 8.30503 3.64868 15.23665 12.0591 5.87994 2.21683
"246" 11.95 44.3 0 0 0 0.633865 2.558915 4.35049 4.065365 0.8440205 0.2428415 0.01844525 0.00602685 0 0 0.122993 0.421965 1.038167 0.823152 1.407125 8.30503 3.64868 15.23665 12.0591 5.87994 2.21683
"247" 11.95 44.4 0.0393175 0.0090755 0 0.902675 3.51407 6.195435 4.047435 0.853778 0.2456495 0.01851715 0.00605035 0 0 0.02244955 0.07702005 0.760286 0.8932235 1.82718 4.72464 2.625875 14.20105 11.1816 5.49534 2.25913
"248" 11.95 44.5 0.04033005 7.73672 4.688345 0.198765 0.7554465 1.36421 5.879295 1.634115 0.53256795 0.02175035 0 0 0 0.1842855 0.632247 1.44783 1.775925 4.648675 2.54502 3.38121 8.502695 6.68139 3.370995 1.575915
"249" 11.95 44.6 0.04033005 7.73672 4.688345 0.198765 0.7554465 1.36421 5.879295 1.634115 0.53256795 0.02175035 0 0 0 0.1842855 0.632247 1.44783 1.775925 4.648675 2.54502 3.38121 8.502695 6.68139 3.370995 1.575915
"250" 11.95 44.7 0.8813655 2.46559 1.357465 0.209744 0.7908645 1.43956 8.05034 3.71287 1.95364 0.308366 0.2039075 0.1242015 0 0.0441456 0.151455 0.907902 1.51078 3.56332 4.29895 6.207055 6.713295 5.48011 3.448155 2.63641
"251" 11.95 44.8 0.8813655 2.46559 1.357465 0.209744 0.7908645 1.43956 8.05034 3.71287 1.95364 0.308366 0.2039075 0.1242015 0 0.0441456 0.151455 0.907902 1.51078 3.56332 4.29895 6.207055 6.713295 5.48011 3.448155 2.63641
"252" 11.95 44.9 2.299815 4.73697 2.512465 0.2952975 1.113455 2.02675 5.472595 3.461315 2.703185 0.58423 0.6751615 0.4112455 0 0.1231035 0.4223435 0.9356065 1.2809325 1.847525 5.85338 8.2875 4.6057 3.583805 1.91726 0.966935
"253" 11.95 45 1.5158 9.91625 5.778515 0.139229 0.5249795 0.9555895 6.875715 4.05283 2.71946 7.537865 2.288335 0 0 0.0907875 0.3114735 0.8015625 1.223153 1.68739 4.88773 9.391315 1.9873 1.55523 1.10157 0.926988
"254" 12.05 44 0 0.011603785 0.0279268 1.19181915 4.41305 7.95429 0.0423371 0.0324262 0.00932965 0 0 0 0 0.244437 0.838612 0.8398885 0.3907415 1.0276365 5.660185 2.380685 18.36515 14.7457 7.459925 2.799065
"255" 12.05 44.1 0 0 0 0.98465 3.943555 6.758065 4.040225 0.0752718 0.02165715 0 0 0 0 0.2148495 0.7371065 1.352409 0.8766475 1.136079 7.028115 3.63074 14.64815 12.1519 5.825965 2.2834
"256" 12.05 44.2 0 0 0 0.591905 2.391085 4.062495 4.777555 0.988903 0.284527 0 0 0.05040425 0.0465928 0.2063335 0.7078885 1.1767305 0.6525655 1.39778 1.72236 2.13591 14.0196 11.24005 5.438315 2.1468
"257" 12.05 44.3 0 0 0 0.591905 2.391085 4.062495 4.777555 0.988903 0.284527 0 0 0.05040425 0.0465928 0.2063335 0.7078885 1.1767305 0.6525655 1.39778 1.72236 2.13591 14.0196 11.24005 5.438315 2.1468
"258" 12.05 44.4 0.004219155 0 0 0.55059 2.167455 3.778945 7.66366 0.6024995 0.173351 0 0 0.0454567 0.04201935 0.1048545 0.3597355 1.0133415 1.11435 1.367245 3.14288 2.27504 13.1803 10.34946 5.19326 2.38472
"259" 12.05 44.5 0.001199175 1.66529 1.0104675 0.201576 0.7608975 1.3835 5.356345 0.9203265 0.32840545 0.02205795 0 0 0 0.229181 0.786272 1.76499 2.28365 3.272325 3.495475 3.677665 8.8282 6.891105 3.64684 1.967055
"260" 12.05 44.6 0.001199175 1.66529 1.0104675 0.201576 0.7608975 1.3835 5.356345 0.9203265 0.32840545 0.02205795 0 0 0 0.229181 0.786272 1.76499 2.28365 3.272325 3.495475 3.677665 8.8282 6.891105 3.64684 1.967055
"261" 12.05 44.7 0.8963575 1.65432 0.862844 0.18114 0.683009 1.24324 8.323405 3.78232 1.99803 0.3142935 0 0 0 0.354945 1.2177445 1.65737 1.53654 3.8248 4.55439 3.894775 6.9081 5.566265 3.278695 2.28062
"262" 12.05 44.8 0.8963575 1.65432 0.862844 0.18114 0.683009 1.24324 8.323405 3.78232 1.99803 0.3142935 0 0 0 0.354945 1.2177445 1.65737 1.53654 3.8248 4.55439 3.894775 6.9081 5.566265 3.278695 2.28062
"263" 12.05 44.9 2.233185 8.91236 5.056495 0.2188065 0.8250345 1.50176 5.310645 3.32724 2.616015 0.56563 0 0 0 0.119537 0.410108 0.8977035 1.146989 1.6716795 3.73877 7.587625 1.39902 1.207725 0.8095185 0.725039
"264" 12.05 45 1.69477 8.733035 5.0324 0.1553665 0.585827 1.0663455 5.491135 3.4865 2.74087 0.934329 0.1098615 0 0 0.1019095 0.3496305 0.9066385 1.35623 1.887025 3.738205 7.89007 1.114615 0.8958425 0.7081615 0.688006
"265" 12.15 44 0 0 0.02218635 1.2670924 4.66944 8.45687 0.4947063 0.0516679 0.01486585 0 0 0 0 0.0149443 0.0512709 0.32447215 0.1303215 0.8136095 3.08758 1.549851 19.12015 15.45865 7.69344 2.965275
"266" 12.15 44.1 0 0 0 0.622625 2.494525 4.27334 8.915186 0.08160205 0.0234785 0 0 0 0 0.1671835 0.5735735 1.109206 0.445225 1.300042 3.852035 2.013255 16.81155 13.8745 6.91643 3.034765
"267" 12.15 44.2 0 0 0 0.503195 2.06168 3.453645 4.617907 0.3084395 0.088744 0 0 0 0 0.2603045 0.893052 1.3833365 0.808558 1.2236835 8.034005 4.027825 15.7805 12.67125 6.29121 2.858315
"268" 12.15 44.3 0 0 0 0.503195 2.06168 3.453645 4.617907 0.3084395 0.088744 0 0 0 0 0.2603045 0.893052 1.3833365 0.808558 1.2236835 8.034005 4.027825 15.7805 12.67125 6.29121 2.858315
"269" 12.15 44.4 0.004459185 0 0 0.307812 1.254537 2.112645 8.19193 0.719521 0.2070205 0 0 0.04804275 0.04440985 0.2232005 0.765757 1.368 1.32998 1.489435 1.844295 2.01485 13.95355 10.853025 5.31477 2.307785
"270" 12.15 44.5 0.03076105 0 0 0.1536155 0.5792245 1.0543265 5.89821 1.074838 0.3802775 0.0242807 0 0 0 0.0900985 0.3091095 0.8571155 0.9238505 4.25728 2.08642 1.80122 5.04027 4.255545 2.821695 2.601105
"271" 12.15 44.6 0.03076105 0 0 0.1536155 0.5792245 1.0543265 5.89821 1.074838 0.3802775 0.0242807 0 0 0 0.0900985 0.3091095 0.8571155 0.9238505 4.25728 2.08642 1.80122 5.04027 4.255545 2.821695 2.601105
"272" 12.15 44.7 0.630456 0.8921755 0.4433225 0.269505 1.0161995 1.84973 4.117245 1.51172 0.508222 0.0265235 0 0 0 0.4742095 1.62692 2.133865 1.74514 4.508895 2.85871 4.06453 3.06537 2.86407 2.341365 2.644335
"273" 12.15 44.8 0.630456 0.8921755 0.4433225 0.269505 1.0161995 1.84973 4.117245 1.51172 0.508222 0.0265235 0 0 0 0.4742095 1.62692 2.133865 1.74514 4.508895 2.85871 4.06453 3.06537 2.86407 2.341365 2.644335
"274" 12.15 44.9 3.49576 8.44547 4.57455 0.2323715 0.876184 1.594865 7.00024 3.947785 1.2092505 0.02665815 0 0 0 0.2802745 0.961568 1.34634 1.25471 3.34135 3.303335 7.943275 1.484535 1.308825 1.054235 1.124815
"275" 12.15 45 1.906135 12.44474 7.286035 0.1459749 0.36655 0.626836 4.473535 2.832545 0.869757 0.4092095 0.1240555 0 0 0.1826605 0.6266715 1.1428015 1.419495 1.0314305 3.964165 8.905265 1.66486 1.400895 1.31742 1.510845
"276" 12.25 44 0 0 0 1.471075 5.55526 10.096615 0.48489505 0.05106525 0.01469245 0 0 0 0 0.2326275 0.798098 0.9378685 0.3447045 0.804116 2.158475 1.293221 18.7933 15.3815 7.635325 2.99814
"277" 12.25 44.1 0.01254345 0 0 0.4529375 1.823395 3.108705 10.04471 0.574959 0.165427 0 0 0 0 0.0761035 0.261095 0.934444 0.4409415 1.008632 3.572815 2.012295 13.3349 11.4049 5.781965 2.895175
"278" 12.25 44.2 0.0222743 0 0 0.546665 2.20434 3.752005 9.85204 0.8611795 0.247778 0 0 0 0 0.28817 0.9886555 1.54047 0.870748 1.331002 3.602415 3.008835 7.03149 6.334375 3.031285 1.802835
"279" 12.25 44.3 0.0222743 0 0 0.546665 2.20434 3.752005 9.85204 0.8611795 0.247778 0 0 0 0 0.28817 0.9886555 1.54047 0.870748 1.331002 3.602415 3.008835 7.03149 6.334375 3.031285 1.802835
"280" 12.25 44.4 0.1722665 0.03979195 0 0.331831 1.332595 2.277495 8.824125 0.795522 0.2661544 0.0126603 0 0 0 0.239926 0.823139 1.3266015 0.9382265 1.60472 2.331875 1.73705 6.20613 5.28267 3.048215 2.49716
"281" 12.25 44.5 0.03545555 0 0 0.1413125 0.5328345 0.969885 7.922085 2.16571 0.699615 0.06417295 0.0122771 0 0 0.296099 1.0158595 1.232062 0.5587435 2.39698 2.26871 2.061305 5.9494 5.110175 3.97781 4.213765
"282" 12.25 44.6 0.03545555 0 0 0.1413125 0.5328345 0.969885 7.922085 2.16571 0.699615 0.06417295 0.0122771 0 0 0.296099 1.0158595 1.232062 0.5587435 2.39698 2.26871 2.061305 5.9494 5.110175 3.97781 4.213765
"283" 12.25 44.7 4.082065 1.05691 0 0.2328065 0.877823 1.59785 3.56496 1.33554 0.43260005 0.1106025 0.02930055 0.02298325 0.0212453 0.6128945 1.462345 1.469915 0.6474345 1.903575 1.81218 3.349015 2.638875 2.205755 1.58787 1.463785
"284" 12.25 44.8 4.082065 1.05691 0 0.2328065 0.877823 1.59785 3.56496 1.33554 0.43260005 0.1106025 0.02930055 0.02298325 0.0212453 0.6128945 1.462345 1.469915 0.6474345 1.903575 1.81218 3.349015 2.638875 2.205755 1.58787 1.463785
"285" 12.25 44.9 4.08063 13.0313 7.265125 0.223563 0.8429705 1.53441 5.701705 4.636295 1.414855 0.4171885 0.3406725 0.1328 0 0.3258815 1.1180335 1.27393 0.7292585 0.869394 1.754985 3.332945 1.710085 1.305315 0.633648 0.2128875
"286" 12.25 45 5.79976 9.20199 4.700605 0.0658766 0.0920257 0.1331725 5.6167445 5.797495 2.154411 0.4885775 0.278948 0.1087382 0 0.04815695 0.1652165 0.6685755 0.9930595 0.8159925 3.240275 7.59336 0.614939 0.6214465 0.561173 0.6968105
