"lon" "lat" "0" "1" "2" "3" "4" "5" "6" "7" "8" "9" "10" "11" "12" "13" "14" "15" "16" "17" "18" "19" "20" "21" "22" "23"
"1" 9.75 44 NA NA 0.241621219902299 9.31414221413434 11.4521855022758 7.40090478211641 NA NA NA 0.147206938709132 2.26722992083523 11.240933672525 7.18071180162951 10.6111524626613 13.9732458628714 8.89217625372111 7.15002659708261 4.23790040658787 3.1972018943634 3.21737980702892 1.28704301314428 1.41578909824602 NA NA
"2" 9.75 44.1 NA NA NA 3.89758180535863 11.8633145000786 5.85023385792739 NA NA NA NA 2.64574071625247 10.3202922502533 8.04942565737292 9.54610069748014 12.7915003336966 7.71093119401485 6.07961051864549 3.74973836587742 2.71054189070128 2.95924395904876 1.53230420546606 1.56313176266849 0.254496923298575 NA
"3" 9.75 44.2 NA NA NA 3.01281055435538 12.0054715778679 6.36843663305626 NA NA NA NA 1.07961930334568 9.41327644977719 8.30444998573513 9.18410976883024 12.6493074931204 7.59312857408077 5.57106368942186 4.59130826639012 2.51613538130186 3.1330511032138 1.71791306929663 1.71598152519437 0.598677957896144 NA
"4" 9.75 44.3 NA NA NA 1.30163278081454 9.80949341319502 5.46528323320672 1.6447450267151 NA NA NA 0.798237696290016 8.57052637729794 8.20048756431787 7.66361912246794 9.24540543928742 6.46016348619014 5.48158519668505 4.30055680917576 2.29962746961974 2.71162242279388 1.6312240739353 1.55204491020413 0.635157716169489 NA
"5" 9.75 44.4 NA NA NA 1.58487833105028 10.4091280605644 6.32058593910187 2.52000169130042 NA NA NA 1.53165796073154 7.95039954828098 8.576747844927 5.47847708221525 8.4438898600638 6.56476974254474 4.98205058975145 4.28854056517594 1.91682262520771 2.67771930084564 1.82884923415259 1.71190455439501 1.08791458478663 NA
"6" 9.75 44.5 NA NA NA 0.606408482417465 9.39922273537377 6.59320566337555 3.60111018817407 1.5732916072011 2.5208548642695 NA 0.732574198627844 6.22573915170506 8.34511227440089 5.86589535232633 8.33345437422394 7.00497388606891 4.51041095657274 3.5878402297385 1.83785839180928 2.38718242035248 1.9633888383396 1.67735772847664 0.8115397678921 NA
"7" 9.75 44.6 NA NA NA NA 5.96932113548973 7.38628132967278 1.98650978782098 5.44714914285579 4.32061858009548 NA NA 5.1307542482391 7.62649493990466 4.65514633397106 7.46799493208527 5.47117948299274 3.86550062103197 3.91689368407242 2.02024863101542 2.3365423141513 2.30928651290014 1.92197519063484 0.758325823699123 NA
"8" 9.75 44.7 NA NA NA NA 10.8060958329588 8.47418530611322 1.03738329926273 4.43588384950999 5.2557086572051 NA NA 5.39243055973202 5.95816103741527 3.72602905263193 4.82140565291046 5.46238196839113 4.01688449783251 3.6126239458099 1.78657458163798 2.22002715454437 2.00265637831762 1.90952971461229 0.948010562569834 NA
"9" 9.75 44.8 NA NA NA NA 7.14305683504791 8.59112951438875 1.53793719800888 4.72713599447162 5.67427582573145 1.53305464118603 NA 4.72327294992283 5.42053906247019 3.70618071901844 3.56255555525422 4.92304324870928 4.03555272496306 3.14688517246395 1.58980772830546 2.09020823822357 2.1105884690769 1.98076918604784 0.955736415926367 NA
"10" 9.75 44.9 NA NA NA NA 5.88885527104139 8.89733060030266 1.98017983348109 4.17546062381007 6.32337051210925 4.98462854884564 NA 5.93402220401913 6.95240217028185 3.74448270304128 3.836212400347 4.83088254695758 3.36317656910978 3.07897158781998 1.6861526761204 1.95008963928558 1.95866815047339 1.83614447596483 1.02583147818223 NA
"11" 9.75 45 NA NA NA NA 2.92254667729139 7.65053245704622 2.68871216685511 4.32614712626673 5.41721304471139 5.7122583501041 NA 7.49703522305936 7.14873987017199 4.74870173202361 3.74480271711945 4.38928365474566 2.27967154642101 2.62020650552586 1.50655198667664 1.66298598633148 1.96145764784887 2.0865555095952 0.985491054598243 NA
"12" 9.85 44 NA NA 2.63629734981805 9.82655142433942 12.9173153545707 8.28138459473847 NA NA NA NA 1.56699240178569 11.2013442674652 8.48802047548816 9.67828016728162 13.9354803599417 8.85194311849773 7.62456301599741 5.04953690688126 3.81775777204894 3.29097962239757 1.79451695876196 1.72907070518704 0.146350255818106 NA
"13" 9.85 44.1 NA NA NA 8.43630884774029 13.0873674061149 9.39260590821504 NA NA NA 0.100429220037768 2.14749304577708 8.80902840290218 7.9248638707213 9.55178698059171 14.3062686547637 7.46159314876422 7.50096682459116 5.38019963423721 2.84336488111876 3.79180163727141 1.8159746308811 2.1876211714698 0.496539438609035 NA
"14" 9.85 44.2 NA NA NA 4.44074710831045 12.6324647571891 6.18883583229035 0.330889588803984 NA NA NA 0.776777003193272 9.21994282398373 9.14280134020374 8.63758285995572 11.6294958628714 8.28739155549556 6.8283760920167 5.4503662220668 2.31743733747862 3.10129374847747 1.85567132430151 2.36679273366462 0.645028245344292 NA
"15" 9.85 44.3 NA NA NA 3.96696170791983 11.5298622753471 5.98434421699495 0.322952371789143 NA NA NA NA 7.5876577058807 9.5036119921133 6.50833805557341 10.1597883738577 7.16343879466877 6.31296280771493 5.10200096759945 2.25907246931456 2.93649882660247 1.96682206587866 2.52622321131639 1.04843246808741 NA
"16" 9.85 44.4 NA NA NA 1.7217751883436 10.8588808681816 6.96099016349762 0.977695192705141 NA NA NA NA 6.00011172937229 9.38795513939112 7.42393692489713 9.07331490889192 7.03201055293902 6.10729091567918 4.78206702391617 2.21100730996113 2.91697234497405 2.05651513533667 2.27237895014696 1.33253207313828 NA
"17" 9.85 44.5 NA NA NA 0.853600865229965 9.33796106837691 7.20550033729523 2.03312538214959 0.492039509117602 NA NA NA 6.3742263475433 8.26571888756007 6.92472418304533 7.60389352217317 6.68890237575397 5.60282104415819 4.35184069792739 1.97239799599629 2.74595469818451 2.31765500502661 2.15071394923143 0.895654949272285 NA
"18" 9.85 44.6 NA NA NA NA 7.92690456291893 8.39607937959954 2.44389719737228 3.6774276610231 0.778923922916873 NA NA 5.85516525898129 8.15145688829943 6.9681759690866 7.49259972944856 6.44417762523517 4.1143023292534 4.03995338128879 1.94664878945332 2.42087096557952 2.45755902724341 2.21487241506111 1.34540670260321 NA
"19" 9.85 44.7 NA NA NA NA 7.65939879929646 8.55368598131463 0.888359011150896 3.41585763380863 5.44983004219829 0.121029351430479 NA 4.7372205350257 5.55604426190258 5.10296787251719 5.85452103987336 4.93838551046793 3.95058031717781 4.00905438582413 1.65675566531718 2.27109641418792 2.36550561385229 2.42773249628954 1.36600714176893 NA
"20" 9.85 44.8 NA NA NA NA 9.09441753756255 8.24898693244904 1.24128488096176 4.71376071218402 4.34111128561199 0.122749095316976 NA 4.97540059077436 6.18711429415271 4.01656594622182 3.88599419966341 5.01080523245037 3.77323268330656 3.11426951084286 1.55847951391479 2.15586871490814 2.2279619355686 2.25692942622118 1.2544272467494 NA
"21" 9.85 44.9 NA NA 0.136049499269575 NA 6.03026190656238 9.52410920290276 1.3107540551573 3.8250031939242 6.75381193868816 1.36579204117879 NA 5.90158577542752 8.17870802711695 4.65010378102306 3.44639802351594 5.34693956142292 2.85033825784921 2.74755778955296 1.51105807162821 2.02519149170257 2.17324487166479 2.17539027216844 1.45727377384901 NA
"22" 9.85 45 0.13776556297671 NA NA NA 5.8965800330043 8.90044185798615 2.02904968173243 3.17869810969569 4.82219178375089 4.46513844653964 NA 6.45590897183865 6.61219077883289 5.57804073323496 4.15736215654761 4.67992782359943 2.07432162424084 2.74702134774998 1.48273397062439 1.57801357854623 2.08140603499487 2.19255640986375 1.13962757459376 NA
"23" 9.95 44 NA NA 5.58200678788127 11.391030298546 12.7353542950004 10.3613482788205 NA NA NA NA 0.906596751156031 9.38012434635312 8.94238668261095 8.87469013687224 14.3963908776641 8.88595342403278 9.06844998244196 6.27230235259048 3.22252194746398 3.82634859415703 2.11380711989477 3.10343459132127 0.69909986341372 NA
"24" 9.95 44.1 NA NA 0.559194793459027 8.93949125893414 12.6600378658623 6.53301697166172 NA NA NA 0.139482176746242 0.398263667011632 9.507797495462 9.13357454119249 8.39393099304288 12.7664663828909 7.29336489457637 8.4783639991656 6.02382250945084 2.65367905958556 4.19112902018242 2.2904037614353 2.89894297602586 1.35484632337466 NA
"25" 9.95 44.2 NA NA NA 7.53143869660562 12.741577019915 7.10786792915315 8.41678446158766 NA NA NA NA 7.31224848423154 9.5784992678091 8.57717951294035 12.5513174571097 7.85845268983394 7.77229919331149 6.12810684833675 2.34468858106993 3.95681129302828 2.46549836592749 3.05193617823534 1.41535871371161 NA
"26" 9.95 44.3 NA NA NA 7.5189218390733 11.1326807644218 7.25335094612092 0.319948297692463 NA NA NA NA 6.48838116321712 9.46219868492334 6.75220449920745 9.79829812422395 6.84972762828692 7.16107740299776 6.41778542194514 2.23289410932921 3.70532732340507 2.27409593062475 2.7682657528203 1.29734151705634 NA
"27" 9.95 44.4 NA NA NA 4.88334749825299 11.0157364513725 8.0776474205777 2.04997133114375 NA NA NA NA 6.38238026294857 9.32422585319728 7.84944256301969 9.01137376204133 6.97804450755939 6.04377620620653 5.34468723926694 2.3416845331667 2.90452689514495 2.49210587935522 2.74122908595018 1.05644445866346 NA
"28" 9.95 44.5 NA NA NA 1.89672555425204 10.0074404384941 7.97046645311638 2.47350944846403 0.10515768735786 NA NA NA 5.42719198856503 7.72241062950343 7.38627871032804 9.54094910994173 6.64652347331866 5.66901806741952 4.90501953754574 1.89214628917398 2.84637660370209 2.64595733606256 2.46013358118944 1.13598089665174 NA
"29" 9.95 44.6 NA NA NA 1.40763486851938 8.27215849421918 8.57095940737053 1.44869036448654 4.83056623488665 NA NA NA 5.13840790372342 6.76057058153673 6.76057309610769 8.06380296126007 6.38463258510455 4.68904607696458 3.86389323393815 1.81253833870869 2.67664641723968 2.60518781142309 2.42837622645311 1.2818930670619 NA
"30" 9.95 44.7 NA NA NA NA 7.98140689730644 9.29633601335809 0.650679538375699 3.63422522787005 1.122603614931 NA NA 4.73328684456647 6.46627871319651 5.86117476923391 5.19062066450715 4.55890657904092 3.54556675592903 3.77420016448014 1.66469500400126 2.33504027710296 2.46399632887915 2.49532416346483 1.68501120060682 NA
"31" 9.95 44.8 NA NA NA NA 9.04399200808256 9.21168549684808 0.758827367099002 3.00372736528516 4.03777132742107 0.421872187871488 NA 6.35963554959743 7.75985426735133 5.29640881286468 3.82863068953156 4.48992013698444 3.32659131672699 3.59878374729305 1.40741748909932 2.20350474701263 2.67814389662817 2.73371890070848 1.92991476505995 NA
"32" 9.95 44.9 NA NA NA NA 6.95873543154448 8.86503680376337 0.898605817928909 3.2658699026797 5.266866760212 1.552795706084 NA 5.62378044705838 9.30748886894435 6.35287732584402 3.76168275251984 4.73485946422442 2.67116672184784 3.405342833139 1.39475748874247 1.99557990417816 2.31379262404516 2.38739207270555 1.38724914031627 NA
"33" 9.95 45 0.913675012998282 NA NA NA 4.65375226631294 8.24330054456368 1.46326448593754 3.39821001689416 7.15828884858639 2.82555773301283 NA 4.16265588719398 6.54524284182117 5.76590270502494 3.7622548872605 4.60804467438721 2.35423690464813 2.8862816921901 1.37222693301737 1.84344498266 2.20521680312231 2.19148356554797 1.51449313270859 NA
"34" 10.05 44 NA NA 5.42493662796914 9.74372480995954 10.4667419102043 6.65317994862562 NA NA NA NA 0.445471351122251 7.7198369661346 9.51026397524401 9.71132477279753 13.5595416650176 8.07742833858356 8.09813404921443 5.7927233807277 2.41356773476582 3.98771023610607 1.41471616225317 2.50819876673631 0.653609598521144 NA
"35" 10.05 44.1 NA NA 1.55311416601762 9.31950663216413 10.4000085499138 6.39236195711419 NA NA NA NA 0.164804999803891 7.36621452961117 10.1001352770254 9.62238272186368 11.2585642375052 7.89278506999835 8.42418337706477 5.74165412108414 2.40198059182148 3.73322224477307 1.57586327986792 2.39318564417772 0.714551103010308 NA
"36" 10.05 44.2 NA NA NA 5.59681488666684 10.3299492504448 6.53097841423006 1.15818954800488 NA NA NA NA 6.4616663614288 9.78556580375881 7.4274774407968 12.0009996928275 8.05918931728229 7.40515842335299 5.90258666197769 1.48616715887329 3.21952552185394 1.62972201069351 2.19727709772997 1.05787384381983 NA
"37" 10.05 44.3 NA NA NA 7.9060182441026 9.78835760615767 6.79201099555939 3.09324334957637 NA NA NA NA 5.59885335896979 9.22380394767969 6.97246750351042 11.8994333781302 7.30623960262165 6.37604836374521 4.91574832121842 1.36364387726644 3.20235938415863 1.85030690627173 2.18869402888231 1.10036003461573 NA
"38" 10.05 44.4 NA NA NA 5.8592424262315 10.0349062588066 7.54506810335443 3.33625149942236 NA NA NA NA 5.32923776117969 7.27308697532863 7.27308948989958 8.82855439558626 7.32190370326861 6.29762057214975 4.87712451140396 1.40591549134115 2.48824805603363 2.14234582381323 2.07818701746874 0.837862252956256 NA
"39" 10.05 44.5 NA NA NA 6.9746134802699 9.69287096522749 7.05948098329827 1.62585997677525 NA NA NA NA 5.1296817837283 6.72162501141428 6.72162742121145 8.11730409041046 6.65843248134479 4.58894603652879 4.05894347350114 1.01431298826355 2.39941331965383 2.36850968794897 2.2513504314702 0.93027331167832 NA
"40" 10.05 44.6 NA NA NA 2.41700376500375 9.14183794520796 7.50204547075555 2.09778494609055 0.901237316429614 1.92089835181832 NA NA 3.90559297520668 6.28163533983752 6.74469441873952 8.65531945601105 6.80788516765459 4.51577537460252 3.53398147271946 0.904235130292363 2.15157720667776 1.93785420851782 1.85717299464159 1.02668978506699 NA
"41" 10.05 44.7 NA NA NA NA 6.80466829799115 8.07829125551508 0.666629732586443 2.65160688722973 1.86575506813824 NA NA 4.88220315892249 7.90372806368396 6.15847071167082 4.88220239058138 4.72091197734699 3.92547481460497 4.48123046080582 1.05701374268392 1.7685577069642 2.02797643141821 1.59517484426033 1.36829596012831 NA
"42" 10.05 44.8 NA NA NA NA 7.94771953951568 7.80856831697746 0.841725507052616 2.76604779646733 5.71118448860942 0.548687030095606 NA 5.81031914334745 7.35934692202136 5.8167573355604 3.85566735640168 4.86585855251178 3.0868017784087 4.29776736418717 0.875052670016885 1.92240924225189 1.91961518721655 2.01638892176561 1.40920858830214 NA
"43" 10.05 44.9 NA NA NA NA 7.50633522402496 8.02486165193841 0.728071379126049 2.26835642242804 4.61362382629886 0.904130218987121 NA 4.0772543346975 7.72155242739246 6.4508315990679 3.08862703386694 5.24072397965938 2.7222359291045 3.41853930149228 0.798448780551553 1.68551651586313 1.82026616530493 1.92369177821092 1.20528808074596 NA
"44" 10.05 45 0.536449084756895 NA NA NA 4.27373689308296 7.80899747041985 1.14241864357609 2.85803001606837 4.46735310688382 2.43438423494808 NA 3.00379852415063 7.63518519233912 6.27444953424857 3.37873476091772 4.69655757187866 2.28396302845795 2.98670354532078 0.847586849704384 1.2080833374057 1.52736891468521 1.51513768796576 1.04929077497218 NA
"45" 10.15 44 NA NA 6.29783472977579 10.5421647895128 10.3723281528801 5.962779361289 NA NA NA NA 0.256074061326217 7.49302937183529 10.6693002395332 10.1906891679391 13.5137658566237 7.57767915492878 8.06251431349664 6.02382253564428 2.28868408303242 4.68851791229099 2.20478764967993 3.00966461654752 0.760470521345269 NA
"46" 10.15 44.1 NA NA 1.90244496334344 10.1233110297471 10.1467007305473 6.55737145571038 NA NA NA NA 0.193557474995032 6.48741556797177 10.5448455316946 9.59995945449919 12.1077158488333 8.52997064357624 7.9814043128863 6.61820002715103 2.28374881844502 3.96324848989024 1.99900857405737 2.68050387385301 1.01495849958155 NA
"47" 10.15 44.2 NA NA 0.335176670341752 8.56119249947369 10.26965319179 6.85520394472405 0.238191187963821 NA NA NA NA 5.02604086068458 11.5719170076773 9.50983723159879 12.0081522502005 7.33767519704997 7.88656140211969 6.3242299191188 1.4887420598825 3.21094245300628 2.13268987135962 2.98649033065885 1.16988289228175 NA
"48" 10.15 44.3 NA NA NA 7.86739443428815 9.73299681209028 6.7767760483548 1.13512359821471 NA NA NA NA 3.90544992405921 8.73210139106959 7.42554625030607 11.0025026835501 6.63590192561969 6.3566290657036 5.36678858916276 1.2185900399345 3.91389584401622 1.98098412947729 2.88735588546843 0.883924722438678 NA
"49" 10.15 44.4 NA NA NA 6.06380556710065 10.1254576351494 7.16558906715364 0.770056917099282 NA NA NA NA 4.20371168875136 6.78052621660755 8.17785223480313 9.41849732771516 6.82912826305255 5.80516689224168 5.31775780837052 1.24820162745891 3.31823081360199 2.25113622145727 2.95580585952848 1.15486364811659 NA
"50" 10.15 44.5 NA NA NA 6.56605940312146 9.90530191920698 7.73818715242669 0.873393046640558 NA NA NA NA 4.15307158255018 6.70563904568553 8.09760054107755 8.71611619368196 6.64158820873126 4.95780342025683 4.19680901686661 0.952085739118047 2.69231051788665 2.61698953108862 2.63458445551805 1.20493154972792 NA
"51" 10.15 44.6 NA NA NA 4.69194637262263 10.0093716289848 7.45816453127189 2.33939833415207 0.282612629234791 0.27938648709096 NA NA 3.68686789297498 6.71990829287098 6.25889272196219 7.39360833540558 5.73392867809162 4.49249380035326 3.7976962630637 0.921830421430059 2.508847421268 2.01703301863745 2.44146540644579 1.17353072600963 NA
"52" 10.15 44.7 NA NA NA 0.803819065913557 9.33495699428022 8.38406308321282 0.739658098609652 1.94075094186701 0.561128550907597 NA NA 4.61984749417752 7.42286163149402 6.50436838623136 5.33867860212922 4.70878839259967 3.91163461608813 5.18461295287126 0.94543384766439 2.15908736572601 2.02733270125464 1.71383575798245 1.26150718169811 NA
"53" 10.15 44.8 NA NA 0.211580544419121 0.813254259992389 7.28639314183966 7.44668467668817 0.677645426185337 2.49911440769211 3.80230997689069 0.1929125530296 NA 6.8722603842616 7.42779679130762 6.05987281305715 3.61419701948762 4.63443755870685 3.31596966425423 5.13633319060318 0.961956255196128 2.37044543609954 2.19362966017798 1.72821238520555 1.26837363350205 NA
"54" 10.15 44.9 NA NA NA NA 5.98040758632123 7.99203141359612 0.787294130714144 1.38837724953191 1.82448407867923 1.24390932032839 NA 4.46320732589811 8.61311859916896 5.98337621195242 3.43037622515112 5.22699106950313 3.29740883025806 4.25120426807552 0.79351351596415 2.07475871429779 2.03119508223608 1.91746905329637 1.33746733772568 NA
"55" 10.15 45 0.566489825723693 NA NA 0.114598663640209 3.11595143575687 7.34379513887689 0.732147913367953 1.90437960263808 3.47665238077753 0.343976358999498 NA 3.32616528030485 5.49725024029612 5.09138078195974 3.09291856829076 3.65822081803345 1.91199433465954 3.83438898716122 0.915178503782955 1.44025532354135 1.64173833327368 1.44346907618456 1.21580231061671 NA
"56" 10.25 44 NA NA 4.39496836625041 10.4765043128282 10.3092425968498 5.66966745536775 NA NA NA NA 0.156796368537471 6.17402631905861 11.7696492467076 10.1675148820505 13.4828668087721 7.54924773937091 7.98290624516085 5.91449569619726 2.01681537073455 5.17796741332858 2.04728833632544 3.10879906173796 1.05572807660792 NA
"57" 10.25 44.1 NA NA 1.11022781347856 9.55811594612896 10.4297274257988 6.14366753725335 NA NA NA NA NA 4.45666153100319 12.1469824109227 10.5056877946481 12.5061135739088 8.31657419912518 7.47393026249484 6.58773013274186 1.83249396723113 4.29991941782645 2.27130643324926 3.0952807283029 1.26815905678086 NA
"58" 10.25 44.2 NA NA 0.199564182548784 8.49424456246197 10.0224608089775 6.62056430010125 0.103866153949639 NA NA NA NA 3.64266496617346 11.8750064168125 9.959053597413 11.9799711741507 7.58797894231975 6.92633036524058 6.77333899657243 1.76254195612273 4.6434568008408 2.89186225854791 3.12854012008756 1.60118218045682 NA
"59" 10.25 44.3 NA NA NA 6.84887014649576 10.1033562328666 7.39486439852044 0.229178965673782 NA NA NA NA 2.00100994552486 8.23578553972766 7.76854713913053 12.6965143717825 7.46062765829265 6.4041579142213 6.28195830504411 1.33660721039632 4.26687460276298 2.2230266709812 3.24956139083952 1.40577536076307 NA
"60" 10.25 44.4 NA NA NA 6.32358645088971 9.88534628413618 7.17910740058868 0.226246792590246 NA NA NA NA 2.05880264402367 7.22824054537341 8.1566091394052 9.39389253035188 6.34515036363155 6.24783877283335 5.7777030102443 1.25206398224691 3.65061020711436 2.14213124709204 3.23668678756803 1.4466879889369 NA
"61" 10.25 44.5 NA NA NA 6.17252569645643 9.99070345424115 7.46739133028313 0.913893204415217 NA NA NA NA 2.27516860468313 6.04484992800282 6.77795370575041 8.06766534224154 5.78843116527424 6.15889672189951 5.66172429244034 1.46385117986938 3.86347031453624 2.47365222894587 3.09292033198289 1.55054312199354 NA
"62" 10.25 44.6 1.18490009335801 NA NA 4.86146192997694 9.94768082164228 8.06166155962273 1.03850985979079 0.283041782677174 NA NA NA 3.0577297497075 6.24279695330187 6.24279936309903 6.89021134749055 5.30327322485391 4.47618596954271 5.20918198744767 1.02675843809266 3.85102486470714 2.47451053583064 2.71869853022508 1.32931342232041 NA
"63" 10.25 44.7 0.516279553994538 NA NA 5.60604608617723 9.87225710414351 8.23461039690301 1.13415688974783 1.22160036116839 NA NA NA 5.21165113896132 6.98233572766185 6.61745031829925 5.71146989241244 4.36546563869342 5.43287638574839 6.17778120213187 1.06967376923421 3.26158255920746 2.43009320693091 2.03849035024177 1.53723826515488 NA
"64" 10.25 44.8 NA NA 0.211580544419121 0.461351541162002 9.62420641444624 8.14062579302118 0.706559639365878 1.03384150424972 1.26815879484639 NA NA 4.70675190445036 7.59699064074084 6.04463786585257 3.60518479719758 4.62252855068072 3.68032093683723 6.03970113443211 1.52650758245727 2.45026797638275 2.3103593965061 1.72134595632087 1.37566199409775 NA
"65" 10.25 44.9 NA NA NA 0.384100791416132 7.23425089381636 7.64291508821771 0.719380598457064 0.620353513659211 0.750063314626459 NA NA 2.35413278569467 6.76454014610499 6.40963286859914 4.26536577288061 4.19294595485553 3.36156726989429 5.23289276752621 1.27566738228779 2.10994929657318 2.28804341750219 2.04492767807096 1.37995352852158 NA
"66" 10.25 45 NA NA NA 0.389256866765208 6.34432970546186 7.14531167177485 0.762886028678622 1.5336456373916 1.39583097479772 0.3532049653586 NA 2.58094027522021 5.49274412915111 5.47697514994069 3.60919015947729 3.4469700360205 2.80173660430592 4.09048619912938 1.15958137612324 1.23941153869964 1.45119417866226 1.44754602079047 1.13812553754542 NA
"67" 10.35 44 NA NA 2.77190983761102 10.0072250235826 10.2162235882133 6.57099707750603 NA NA NA NA 0.118315612053266 3.77398567943602 12.8682822687551 8.96481235977263 13.4358029812574 9.5018960069865 7.5545038213022 6.86582158959937 2.20735949915251 5.657117231749 2.5575517793186 3.29076006892137 1.47715683560818 NA
"68" 10.35 44.1 NA NA 0.483663787599654 9.50554464943706 10.3647106792778 6.36511071352288 NA NA NA NA NA 3.03895302276942 13.2460445864126 10.0143071031198 12.9063704051077 8.7676144670695 7.47521772282197 7.77863083058036 1.83678550165496 5.29426794382744 2.46270892093889 3.78729065414519 1.55655017006211 NA
"69" 10.35 44.2 NA NA NA 8.63951300270856 10.2941149380058 6.57893641619012 0.360929072485307 NA NA NA NA 2.16437437338755 12.0181290898472 9.45157965179532 11.067018751055 7.37007628194988 6.50468710809946 7.67488303827121 2.67063064020477 6.13347755279392 2.52150289015845 3.76969536300749 1.23239737004042 NA
"70" 10.35 44.3 NA NA NA 6.56605802796549 9.86496149562299 7.62553437380121 0.910674605984242 NA NA NA NA 1.24584300792776 7.84622150240465 8.68124922271817 11.8007280863821 6.97815179591999 5.92103842645883 7.60375085519626 1.34626316284994 4.60011230316013 2.65346752130427 4.06066139694303 1.5565512701869 NA
"71" 10.35 44.4 NA NA NA 6.71354387886822 9.18840109370649 8.24920161394402 0.694811066205147 NA NA NA NA 1.08061989303678 7.29636865435169 7.94825514312834 9.35798669233917 5.97017754334957 6.75348892109468 6.9956405321136 1.96124000649434 4.20593481394463 2.82062278711237 3.72677996638231 1.86096411198378 NA
"72" 10.35 44.5 NA NA NA 4.74744892562739 9.75885330699384 8.19802506593987 1.07772258343175 NA NA NA NA 1.29219259251841 5.86632209597156 6.95133169647306 6.94643044844269 4.70471146109048 7.00626019388437 6.47883249912411 1.55526088929037 3.95874243113212 2.61484371148981 3.0877704906743 1.43381228881481 NA
"73" 10.35 44.6 1.66168956784531 NA NA 5.29361944645643 9.85562740825117 8.53480322984979 0.770486044348217 NA NA NA NA 2.29190543177537 6.61101060686633 6.67699535842984 6.86117196455597 5.23782719392329 5.21325700683519 6.44889904651791 1.13168645475525 3.83106922963635 2.56291619734839 2.78886511805467 1.30849948036484 NA
"74" 10.35 44.7 0.351484632119537 NA NA 3.26672757109918 9.81099545024336 8.51280911592765 1.71276307082735 1.22138578444719 NA NA NA 3.71819689753465 5.97811667248607 6.33420904632658 5.09062791243197 4.44786309963092 5.34017924219369 6.16147342370823 1.27416539762635 3.48452777252532 2.88006053888239 2.21229749440681 1.45312419044785 NA
"75" 10.35 44.8 0.211581736220978 NA NA 1.12224782933481 9.72741781733929 8.5447810473852 1.02919286582619 0.241303336224518 NA NA NA 3.1403418397531 6.5816135960631 6.38624400598928 3.82290864363313 4.25388574367389 4.24755465646741 6.16254630731419 1.53916760900756 2.14664191589691 2.29898683028296 1.9204731535865 1.5842305670958 NA
"76" 10.35 44.9 NA NA NA 0.304710521595553 8.56516300700604 8.49811061052606 0.897086301119998 0.5313028144883 NA 0.192272424465045 NA 2.32151703239651 6.29965978441761 5.59155911905691 3.92347353044898 3.82805824046955 3.26683164748829 5.53512392216363 1.89364841789938 1.97583884582855 1.61019555525854 2.39018162246793 1.71512236702256 0.163943962252233
"77" 10.35 45 0.394399976357819 NA NA 2.02518976293504 6.13787114998559 6.96324342861772 0.870067100913729 0.769053821568377 0.45791714801453 NA NA 3.76884103752673 5.00200716778637 5.48491448862478 4.3456174666062 2.64713533397299 3.19505573424977 4.07525125192478 1.87326360319275 1.42759534937795 1.33060206135269 1.58852292661322 1.46492588391993 0.280244532041252
"78" 10.45 44 1.88442177604884 NA 4.40440974198281 9.66433142311871 10.3376740124077 7.96381457475946 NA NA NA NA 0.197420877520926 2.58877105516149 12.97138617374 8.47718676086515 12.0899775065482 8.35004806285724 8.3364213933237 7.4416382209165 2.86546630959492 6.74502120818942 3.3465503831394 4.12117203231901 1.67928810697049 NA
"79" 10.45 44.1 NA NA NA 9.08197020180523 10.2683657314628 7.02740176348016 NA NA NA NA NA 1.45559135780786 12.4047963414341 8.3909269189462 11.5625482052565 8.6753464769572 7.82937660114839 7.74236736469902 2.15736312966328 6.6308663925156 2.74294611881487 4.75846489425748 2.17710610013455 NA
"80" 10.45 44.2 NA NA NA 8.18847273476422 10.2297419216484 7.82466157106683 0.600396667141468 NA NA NA NA 1.28275020397268 11.4783612429164 8.96491964813323 10.4217150248587 7.35022793523968 7.74826660053805 7.23897042917088 2.38545818428974 6.61198364105076 2.76633487665094 4.73743637558073 1.53681021183729 NA
"81" 10.45 44.3 NA NA NA 6.53387151651258 9.9799746181816 7.77369959978386 1.02193439088296 NA NA NA NA 0.869047245942057 8.74948221025989 8.19684227462857 10.2919676341116 6.76883209962397 7.20914258854464 7.57993283914403 1.71340391971171 4.58509193267673 2.92426334344782 4.05679901596159 1.86468344181776 NA
"82" 10.45 44.4 NA NA NA 8.32801912911236 9.90927158854901 8.38567240862175 1.43617369030835 NA NA NA NA 0.459634875005577 7.85062032518908 7.7392574166879 8.9657404460013 5.3650711895898 6.2239134684205 7.52392831491307 1.72305984597187 3.84973740437999 2.84358249627985 4.03641422744841 1.9384978339076 NA
"83" 10.45 44.5 NA NA NA 6.25320528633892 9.83792482875286 8.34962351946161 1.43331239232794 NA NA 1.32158609339967 NA 0.833212933503091 5.62867837725208 7.55761822219938 8.01616692915559 3.95970108511392 5.47622093581594 7.43326975498348 1.17009570094524 3.36415028432384 2.46742950403131 3.70360568049364 1.51063075172715 NA
"84" 10.45 44.6 NA NA NA 3.9443597837817 9.38409506343305 8.49542840151116 2.19717007130384 NA NA NA NA 2.56184294703417 6.48902374086901 7.4796195840463 6.23546624556184 4.95598067063839 5.19533985061571 6.4289434114471 1.44411013461649 3.24827880249358 2.73629418807104 2.885639219312 1.48423781502061 NA
"85" 10.45 44.7 0.432379794074222 NA NA 3.40276922215707 9.72119509242474 8.69348271517083 1.48697517433902 0.279823131859302 NA 5.13934129849075 NA 1.36836734163808 5.59627739712595 7.39121397491545 5.6752779521048 4.43016052013263 4.93570201797412 5.86364098708146 1.75288603641093 2.38696784363128 2.16895333724096 3.17960932734422 1.62242522346787 NA
"86" 10.45 44.8 0.438603357179091 NA NA 1.01410116185434 9.63729559443891 7.95716280117631 1.58222980680876 0.362643197877331 NA 1.22052412480116 NA 2.44146964978427 6.00665537640452 6.09989137155934 5.43952966108919 3.21844574937131 4.83163243916351 5.36217518965713 1.93785120936809 1.97841376648284 1.9183277268894 2.49704077723436 1.61319842445664 NA
"87" 10.45 44.9 NA NA NA 0.464784742507618 9.05697285197675 8.3697936264798 1.19279051577905 0.535595309338532 NA 3.65231989271705 0.270384034956805 4.42458749748766 5.31614743522369 6.02296561701223 5.19634271040558 3.81765126949177 3.86904116312507 4.95823451201431 2.06380774470744 1.91747397766449 1.72735444502905 2.58909424301237 1.71877017128281 0.247199716977775
"88" 10.45 45 0.399549416033552 NA 0.124033202882856 2.02518976293504 6.88202320598066 6.8690441432409 1.25314023171086 0.305140133423265 NA 0.948007288388909 0.108164033736102 2.8676190180704 4.07439200207591 5.07786244852469 4.64001679793 2.5893069076119 2.34157687809784 3.59438492450863 2.67492224666057 1.38639656652231 1.32395018299576 1.79709153890144 1.63508525001816 0.457484903745354
"89" 10.55 44 5.43008772656323 NA 2.77877629268914 9.2478380072862 10.2726572658867 8.25220568804071 0.109015995258233 NA NA NA 0.12682462875091 1.95426768405014 13.9228191459552 7.98312386032194 12.0593645609915 9.86453066579998 8.77705479506404 8.14716634922661 2.99871845345478 7.23060832824558 3.33217374281958 5.45304974075408 2.17968102078885 NA
"90" 10.55 44.1 NA NA NA 8.23074434883892 10.2042072918266 7.98098071245476 0.367366374121046 NA NA NA NA 0.907777040993097 12.3748628888279 8.45980604644864 11.3445379771292 8.65195761434734 8.39757575886324 8.08204236673192 2.39833281375467 7.1975635131821 3.1766056199558 5.42794426437468 1.52078848332167 NA
"91" 10.55 44.2 NA NA NA 6.91624725004657 9.96066271327435 8.39843972353264 0.935994659084827 NA NA NA NA 1.54282223666087 10.5124445515685 8.74444206710905 11.8620970286429 8.19211970083415 8.1736650550738 8.02560868905857 1.95051119662821 6.0768292983994 2.17753640608862 5.40326794143766 1.64524298161268 NA
"92" 10.55 44.3 NA NA NA 6.33002363465494 9.92311178706587 8.21132882265374 1.43027283047559 NA NA NA NA 0.69953572237864 8.27022510347888 9.31382139679044 10.3001215495169 8.07420979253947 6.70917872339488 7.57188621209935 1.87455103732645 5.06252513732761 2.82298313104548 5.0451393937692 1.54510717839002 NA
"93" 10.55 44.4 NA NA NA 7.95665835030377 10.0160235073417 8.50197288673372 1.53058744763257 NA NA 0.205787156301085 NA 0.478950852993876 6.78449588594958 8.08386763092131 10.1683714427054 5.35069454926997 5.54188141250052 7.05228878650815 1.15958142851014 3.83621907094493 2.69895778619685 5.00994881149382 1.9319174811244 NA
"94" 10.55 44.5 NA NA NA 5.77112291939557 9.61283384822309 9.03766367118806 2.70228367298841 NA NA 7.82862547785044 NA 0.782572840398644 5.98809438524769 8.90837868209927 7.99256348982452 4.82004642253742 6.31714710616507 6.54975010547788 1.28575254057068 3.24441642151215 2.36207233392634 4.65418060775846 1.63572898018174 NA
"95" 10.55 44.6 0.346334135974757 NA NA 4.7737703367602 9.1433399822563 8.98251745384186 2.31787029770203 0.200000591576099 NA 3.15300155198201 NA 4.64603067375721 6.36886088177561 8.08966120239347 6.69051194563507 5.20188559312374 4.52832816517912 6.39868809375912 1.48423598147929 3.23003978119232 3.05043445550837 3.68000224116258 1.74623599159531 NA
"96" 10.55 44.7 0.278742796217557 NA NA 3.77441605087369 9.26736532710493 8.95086738746614 2.54174534347839 0.374022312462331 NA 6.36993879452348 NA 1.82005546521396 5.22988759330473 8.46066445810719 6.13704705610871 4.27255391841754 4.55289733072277 5.84486552397721 1.69387745118002 2.58609504089691 2.51463643508032 3.04657176020555 2.00265517341904 NA
"97" 10.55 44.8 1.00079394760542 NA NA 1.60762037266977 9.27616297267378 8.35777733009309 2.72992905811406 NA NA 4.54453337006271 NA 1.34112011874094 4.60192887112498 6.47143096430228 5.9309103526175 3.63579749828205 4.0728892054176 4.44582530180923 2.14041162107606 2.05651969299652 1.92025891738012 3.3375377941411 1.75846686470322 0.203855232393835
"98" 10.55 44.9 0.817116282996722 NA NA 0.392257810744923 8.84765326045453 8.3972595515661 2.22603111178614 0.188413448631763 NA 3.95444392925128 0.105159959639423 1.71577107394114 3.48612981615588 6.35856360895559 4.7923662699759 3.54095458751544 3.9282643381739 4.48820425663143 2.1843997965334 1.94386691437103 1.80245629744604 2.78199871536344 1.85180773842148 0.402982416562738
"99" 10.55 45 1.69230265310034 0.244196219136938 NA 1.65354288183153 6.94199739955366 7.16752025764436 1.69827963982243 0.364577885193283 NA 2.08698259375524 0.147639667557087 1.03427540743724 3.53902303031645 5.38181037409231 4.09971261397004 2.82845266337972 2.38556510594208 3.1633002916351 3.03476738190511 1.21065823186655 1.5350936766481 2.35692217829637 1.72027220833115 0.840289774350823
"100" 10.65 44 2.97504292102531 NA NA 8.2088575232774 10.1767414715141 8.19974167970941 0.159226954565383 NA 0.312432035570964 NA 0.102155885542743 0.348053980269469 13.2217969978228 8.41528137680143 12.8823378123343 9.87590323202312 8.86374368565158 7.51534519367851 2.48566551308614 7.19434486236424 3.14399001072161 5.44940193649381 1.64867620915174 NA
"101" 10.65 44.1 6.27637831494214 NA NA 7.63915622374043 9.9346989300102 9.1489217011258 0.609408889431505 NA NA NA 0.104723733966239 0.594175019432442 11.8613806902431 9.07467564102263 11.9153120554984 9.07628308050334 8.2285966956988 7.67992553883232 2.33288688759785 7.16022716369479 3.46993199782446 5.10200222488493 1.75081472843885 NA
"102" 10.65 44.2 NA 1.93162760697305 NA 6.97353923460468 9.89907919429243 8.79444106249139 1.88141979742795 NA NA NA NA 1.06431614840403 10.2201910573058 8.72137506958097 11.8319132365286 8.99860630743205 8.14705754164606 8.58876529382542 2.2180883679539 6.05580077972263 2.95602069818415 5.87211807724088 1.82176809757948 NA
"103" 10.65 44.3 1.59517067950219 NA NA 8.04649447090925 9.83116566203534 9.24065324943513 1.96338858950186 NA NA NA NA NA 7.7329249936156 8.4487553453073 10.8706095255911 8.03955565206707 6.26790169626475 7.08018376026303 2.08912773232441 5.05351291503757 3.41972104506567 6.31715009221807 1.24391189056041 NA
"104" 10.65 44.4 6.31972071714701 NA NA 5.87383364327252 9.59309278987348 9.42915889900177 2.52139533986338 NA NA NA NA NA 6.89360814867542 8.78714283462614 8.66075539961457 6.37057780986652 5.99259981536307 6.05944229755551 1.09821247315267 4.18812494608574 2.77212844812312 4.67263420578093 1.70611014473252 NA
"105" 10.65 44.5 2.36721772234887 NA NA 5.18661594833248 9.55468355678022 9.39311000984163 3.91614407999441 NA NA 2.43888718541711 NA NA 5.97500531002879 8.15843304153532 9.18861413374543 5.2620745729655 4.84032271779142 6.52957989368587 1.41921926115174 3.56928562978283 2.62728916131892 4.33767994400114 1.74816718208604 NA
"106" 10.65 44.6 1.18361252825707 NA NA 4.65675449813716 9.48558985255658 9.16973564308137 3.05286702350713 NA NA 2.83478422206827 NA 1.8539585871622 6.37712203315459 7.25742549402639 6.67291665449738 5.09459733730183 4.96209511184133 6.10632731113582 2.05307884316426 2.98520774231292 3.03627239190973 4.31536396499723 1.89944377052598 NA
"107" 10.65 44.7 2.23825721768662 NA NA 4.00015076156706 8.87898146174849 9.26135990303009 3.5206442931667 0.126186199486256 0.277672676020302 3.33850488241297 NA 0.164381392823998 4.68067847541533 7.88699359400198 7.18618417158722 5.56065787095577 4.56845414300915 5.15779086272231 1.69022968620993 2.71827430115081 2.67857305007055 4.60182388778776 2.11938490974717 0.245912256650627
"108" 10.65 44.8 1.64180559804663 NA NA 1.8839951895643 8.18268000148237 8.84615394752473 3.48187743220478 0.194200471742079 NA 5.176569102332 NA 0.118032821046654 3.65897141746245 7.00551242334769 7.10564637556672 3.58472829102538 4.23725492146332 4.51631375472061 2.01638630242087 1.91425532684661 2.22903481917456 3.94564822199755 1.9314157019835 0.243766489438712
"109" 10.65 44.9 1.579614522052 0.525720877340065 NA 1.71190774999559 8.45712362788618 8.78414127510041 2.73489975370467 NA NA 5.46978473430499 NA 0.599113816861064 3.20514159975573 7.76725978357717 5.7987310923636 4.32533979183063 4.03415800246876 4.42093441524776 2.56098199461121 1.49304119695444 1.66040648182388 3.4549113130197 1.84579959022813 0.705106440000238
"110" 10.65 45 2.08333329646848 1.11451905977447 0.242479605367407 0.805535679683088 6.81174932979047 7.75481663877145 2.74460935033857 0.2018212195253 NA 4.22309387940914 0.312434602528811 NA 3.40019189170562 5.76053828699513 4.989776853472 3.19366221665405 3.11984659347218 3.40759588871151 3.02081989502767 1.16473881353159 1.49389494617935 2.34833910944872 1.94922556984238 0.618427686276845
"111" 10.75 44 3.87497772462666 3.51606211625039 NA 7.96810244210065 10.1130121853203 8.6069010081701 0.373374522314406 NA 0.416501745348798 NA NA 0.333464299910702 9.97042375383899 8.02099665161223 13.2894610986114 9.8491884302348 8.70731736067682 9.25953207188286 3.35448665719014 8.36292968597263 3.98234120802954 6.06352040776983 1.86840277165175 NA
"112" 10.75 44.1 2.46206189040095 2.26293406449258 NA 7.36020648619159 9.70338522456587 8.83864376228303 0.951444183010608 NA NA NA 0.124249708096613 0.721422547940164 10.9174581128173 9.88094767089933 12.3218634165823 9.32798157446087 7.74075641529634 8.96245065378026 2.75946538313292 6.6383765777573 3.32809678511693 5.42129238601774 1.77656393498182 NA
"113" 10.75 44.2 0.331744700088166 1.57714675879106 NA 8.29855059273541 9.0508574154228 8.79540655296296 1.04725338314893 NA NA NA NA 0.187984832155052 7.5378747540526 9.60822065826506 11.7847063578665 10.0666619371623 7.64730825321748 7.96080651925876 2.17388553719502 6.02382884826512 3.12124477350153 5.53029736038297 1.73679461586289 NA
"114" 10.75 44.3 1.95565957110375 NA NA 8.01216219551861 9.43988501094283 9.60489723365754 2.09717717516468 0.591171249834588 NA NA NA NA 6.105038698297 8.42676123138517 10.841713193804 9.12027130834759 6.72731045633555 7.46438337955624 1.99170990090351 6.00280032958835 3.40427152113989 5.84143360611052 1.71104540931992 NA
"115" 10.75 44.4 2.80988949816674 NA NA 5.97368334420026 9.85830961726607 9.13229200523347 4.12278146250174 0.661659931938629 NA 1.76168305333704 NA NA 5.92758384809713 8.76471956726163 9.85423112288117 5.99066972499713 5.81975821405649 5.71172072086484 1.298627104552 3.80360340932384 3.06931720697321 6.13604733953253 2.08526715869084 NA
"116" 10.75 44.5 3.01395206479356 NA NA 5.18776035751216 9.46777998469769 9.62549659889191 3.11209019855596 0.59417189913802 1.93806448951364 0.939002085942775 NA NA 6.19666289931047 8.08762272354216 8.54388261213898 6.27015590434894 5.19212135695852 4.44475241820327 1.52028487063944 3.07490081177093 3.04185138666071 5.30627926345915 2.2135840379633 0.162227348482702
"117" 10.75 44.6 3.36457042722032 NA NA 6.0858367010951 9.04184519313276 9.11737892311066 3.68787108454853 NA 0.57400315417908 6.3969754613936 NA 0.314585084561258 4.74247657111846 7.05110997660086 6.65503526106476 5.98122824449093 3.90433903376106 4.88399096648209 2.36915039276937 2.97469348297454 3.20450054132379 4.95201309677213 2.25413903826847 0.203426078951452
"118" 10.75 44.7 2.05286293057725 NA NA 4.00229652877897 9.20696198008955 8.83134815376252 3.82906256709249 NA 0.897370220627636 1.75610893056728 NA NA 3.88889032183215 7.78903926839122 7.16601395979524 5.09717225795612 4.07567854563241 4.25871440093033 1.73378874751506 2.95924395904876 2.35863915877417 4.59753235336393 2.17538943397813 0.287969294004142
"119" 10.75 44.8 1.97182459523901 NA NA 2.47150625218638 7.77884661220015 8.43051883857697 2.91122812195681 NA 0.273381141596474 3.75210159108974 NA NA 3.18668805412017 7.35795463551768 7.08561921492218 4.68035697704181 3.84114618937018 4.00830336729996 1.76511690951884 2.41808146820404 1.9309877534397 4.24820145126433 2.29426488513127 0.399549189023672
"120" 10.75 44.9 1.84611875738483 0.210722237534355 NA 3.75982797704638 8.2718366291374 8.74154779594391 3.42782157822512 NA 0.795874449249822 5.21486758952961 0.191842472122516 NA 2.94153409777209 6.79866046411917 7.00536752119661 5.41367292171344 3.40287328872364 3.69684532197425 2.91675019834656 2.02025622711517 1.69817201094702 3.30878456588835 1.97647681343369 0.545471601071768
"121" 10.75 45 3.09023456065915 2.33245660783723 0.389250082662329 0.803819065913557 6.25814138911665 7.42007705848664 3.03734564222396 0.36393415502971 NA 4.25055969972164 0.445046264212579 NA 2.71998368552885 6.14033908350393 4.98677277937531 3.37991481064819 2.7860724774655 3.94779283669777 1.90974165889202 1.15894524205942 1.60289994673803 2.86546900752001 2.20521554583684 0.852101735654288
"122" 10.85 44 5.37243713624776 5.5923068895936 NA 6.66905486723408 9.84693705104292 9.24580309074372 0.96861032070592 NA NA 0.132831071096007 NA 0.183904328514473 9.83992516994477 7.90351594914683 13.2379626855254 10.2151490282267 9.07123947981745 10.656104714144 4.65825484134258 8.31829762319103 4.94579073856584 6.38045022496953 2.00344305485487 NA
"123" 10.85 44.1 1.49088754551485 1.87197585473768 NA 6.47979819914326 9.38795744441449 8.8962577166967 0.743412693555001 NA NA 0.516279658768326 NA 0.353208894375712 9.76324975490569 9.85509117599576 12.290106061846 9.67151890508831 8.17484522704035 9.52035012887791 2.83885876997374 7.11130367126316 3.62485639052466 5.88778207311407 1.71705356078746 NA
"124" 10.85 44.2 0.286539568332955 2.84143290482461 NA 6.88577746041119 9.25384699366987 8.75174019020051 2.119385865808 NA NA NA NA NA 7.34940469264984 9.12295540329069 10.8952143229544 10.038337809965 8.02753820316866 8.02668157266452 2.60110776289366 6.00280032958834 3.10729728662409 5.3923245286569 1.86511149513535 NA
"125" 10.85 44.3 0.965602631913498 1.59688781714067 NA 6.88034151680769 8.79121958278119 9.27401992958039 2.37687791814096 0.213297799928114 NA NA NA NA 5.70274300407617 7.38702972885221 10.7975103892386 8.62406264059246 6.69265631586313 7.42930008564144 2.45347900490742 4.261295608012 3.86453864048235 5.70045670028776 1.98420157539658 NA
"126" 10.85 44.4 2.33717708615586 NA NA 6.34647463448346 9.32272612117231 9.64051696937531 3.29172582132742 0.304818864242406 NA 0.507911166641862 NA NA 6.8504422204569 6.85981472488493 9.25284409895539 7.27501868968829 5.50604710006155 6.53580261860043 1.39025136450073 3.76369219156913 2.72170297103003 6.14312837133184 2.32730970019474 0.162656501925085
"127" 10.85 44.5 2.37508581485599 NA NA 7.15099554508925 9.2553490307182 9.41027614753694 3.11116036609746 1.27952999901027 1.35656167985871 1.01764306928089 NA NA 6.35405473876744 7.47672279831022 8.51870561018586 6.25084399944171 4.72380755818449 4.42941018263809 1.74194262363017 3.06331366882659 2.51055947737768 5.30263145919889 2.31915578478947 0.343759241513908
"128" 10.85 44.6 2.49224470462651 NA NA 4.37523087020964 8.9660996105522 9.34161159675569 3.18476026877761 0.292055209865794 0.522610595362493 2.04975490778452 NA NA 4.00730080436915 6.75638885004445 7.82762551680206 6.16769541520625 3.64942191517912 4.48520013014786 2.102860721061 3.18755359039642 2.66891709761694 5.7446594000794 2.49446496600285 0.481946649961172
"129" 10.85 44.7 0.992496465914883 NA NA 3.8241978501901 8.78306566737593 9.15160391014069 3.50641024997458 0.395481189480052 0.895224453415722 1.78142707154621 NA NA 3.03584056018735 7.51588310231454 7.14469933882355 5.64605951076374 4.43241234461311 4.00036408100278 1.95609023066937 2.94701308594086 2.46978990035131 5.24963100906462 2.66569718951359 0.479371729306878
"130" 10.85 44.8 1.16902159061283 NA NA 2.51227581611601 8.36957632564007 8.514632913284 3.23228854103945 NA 0.615415046922862 9.35169439762833 0.406419206410645 NA 2.87061653725686 6.59599269856699 6.46463418379427 4.6583628631197 3.28657270583789 3.60371902497718 1.56534596899292 2.15908736572601 1.91425076918677 4.58744724746793 2.75581941241398 0.612419538083486
"131" 10.85 44.9 1.82863072186592 0.521429342916236 NA 3.00108469091356 7.88055597804487 8.0724976840429 4.11827582283877 NA 0.502976622374262 4.80438221711666 0.39611952379346 NA 2.88831906436826 7.22749204142019 6.38652825728058 4.95759010082111 2.88563610229175 3.04710699710995 2.40434098814148 1.72564238891937 1.64581526478287 4.54496105667204 2.15629210579209 0.762408666196279
"132" 10.85 45 3.01223602727987 1.04270793381147 NA 0.379815491032787 6.30234419368207 7.80770990531893 3.84849924012087 1.39540750533342 0.55962546612136 3.45276161679067 0.974192458670586 NA 2.45498142830911 5.05790681345388 6.00386643782257 2.97779803513549 1.69484269281384 3.80327536258847 2.13354517909465 1.45870892156381 1.65890444477555 3.15557673457078 2.41764649981632 0.761047715786845
"133" 10.95 44 5.19330121460371 5.98712805658579 NA 6.48022735258564 9.36220823787153 9.19516298454255 1.94107212591916 NA NA NA NA 0.107726059650304 5.891999672167 8.07453359593637 13.2040595635772 11.2906075548381 8.58146811369807 10.621343285311 4.64409277774393 7.79558883514255 4.92304560611955 6.71454617986455 1.62500014412217 NA
"134" 10.95 44.1 4.90823651198297 5.85924054030329 NA 5.47686660429463 9.1433399822563 8.99024232057855 1.55150867794873 NA NA NA NA NA 6.01831383537502 8.53029449936002 13.09948945418 10.0902653764933 7.67531051533296 9.96570411371067 2.75946538313292 7.38639097544364 3.59996549086645 6.34998033056036 2.31808290118351 NA
"135" 10.95 44.2 1.2108640599763 2.5680627906695 NA 6.87061403878033 9.11651789210737 9.11652061622589 2.90334190358408 NA 0.402768835192548 NA NA NA 5.47214455436915 6.9005843019113 11.7223360575735 10.0094772409648 7.21429242985324 7.59624066995457 2.45605389936827 5.61870794626883 3.57872239546851 6.19355400558562 2.34275922412053 NA
"136" 10.95 44.3 0.53215762891341 1.59774738131091 NA 7.06516359932719 8.7463730480522 9.61916658561676 3.33034963114188 NA NA NA NA NA 4.67935509514062 6.6408391809091 11.6214849986136 8.6901522707194 6.66948202997447 8.06358866393567 2.21894662245177 4.61084108683281 3.54846707778052 6.63386533269658 2.54660710925237 0.293977442197502
"137" 10.95 44.4 1.56577377347276 NA NA 5.46098804916255 9.00697647593916 9.54932186286897 3.31057368312031 2.07368577830493 NA 1.77176815923303 NA NA 5.562409828417 6.92268570419401 10.667906049639 8.13139438396319 5.34897688776254 7.07009854959324 2.16508797020651 3.77334809163585 3.51713887648657 7.0728893042542 2.80345544451847 0.576360407285392
"138" 10.95 44.5 3.17874709144235 NA NA 6.05450849980117 8.64648758433759 9.09871074836701 3.03398435935378 0.399125339754392 1.35312845231965 0.848662143107504 NA NA 4.39625687431545 5.571603536373 10.5330088175833 6.45651578670368 4.69784377492033 5.37730284850113 1.91167284938274 3.0457183776889 2.49103299574927 6.56391332158819 2.78693303698673 0.507920674863271
"139" 10.95 44.6 4.28295889869334 NA NA 4.37480171676725 8.76675783656538 9.28346130531281 3.92333334311843 0.402347644558175 1.01334760911414 2.02185993402964 NA NA 4.09584946464747 5.95569576253184 8.39897179976106 7.49538898235187 3.84575961506925 4.7615749470424 2.00630119652488 3.03284377441742 2.6549696107395 6.06909950729459 2.67127618426457 0.896079721860587
"140" 10.95 44.7 2.45805547165219 NA NA 2.37151349028863 8.92425714991987 9.21372387092561 3.05579918785952 0.395266612758862 0.567278785456438 5.5013309698552 NA NA 2.90308893600013 5.76837031112518 7.7121832408011 6.30534659139812 2.96352745208424 3.28410698566586 1.98934962245403 2.76762694702484 2.27109185652807 5.57171066757292 3.08948621386662 0.707906179013663
"141" 10.95 44.8 1.8985825299751 NA NA 3.74523676000535 8.18654238246381 8.47128841560334 3.92397660179995 NA 0.715193706855644 4.94407176738605 0.405560899525882 NA 2.52958234632388 7.2772738407366 5.9778311289847 5.08440504781902 2.6971304527251 3.3861382296891 2.40219523402629 2.0118877349887 2.43352643446997 4.58251198288054 2.74959668749943 0.800603322568349
"142" 10.95 44.9 1.85201932908967 NA NA 2.08527124486864 7.78678595088421 8.2824609009549 4.66448086663149 0.193134136497974 0.753065987373703 6.42786968965082 NA NA 1.657542551402 6.30052050109954 6.35748887434602 4.93355750804767 1.82112109323498 3.76143295434303 2.46013094874797 1.8097564636264 1.88249341445044 4.23210819717497 2.73243054980412 1.27674906689208
"143" 10.95 45 2.01080639089923 1.40891929040663 NA 0.552335148677228 6.03272864827886 7.06141206901521 4.35264719417319 2.175179310143 0.804564819554798 3.54105993756092 1.06667501240736 NA 2.24033296981361 3.91410565352998 5.99771523848176 2.72953279491048 1.14595544000622 3.47776231938042 2.20671584102093 1.25936715412536 1.85610045155045 3.699528722791 2.41163835162297 1.02554926997982
"144" 11.05 44 5.14105162583291 2.59281023754738 NA 6.02103316923603 9.85873877070845 9.6957704750821 1.08115650509717 NA NA NA NA NA 1.87054577982053 6.50855271742331 13.152561429888 10.1937986444682 8.18643236998468 11.4497166126966 4.62306420668028 9.41735958913342 5.68200352136046 7.82068917760625 2.65968904132023 NA
"145" 11.05 44.1 3.88727989629843 4.09255845006556 NA 4.55976567172911 9.49996649287641 8.94185526994988 2.25456918706185 NA NA NA NA NA 2.93227137008217 6.03787867294159 13.0650141276419 9.93158589117229 7.26675643818454 11.3934975117445 3.19419782026671 6.55619369354098 5.15693428460508 7.14927861699835 2.64681443804875 0.249774637632072
"146" 11.05 44.2 3.66755391005426 3.26200350536965 NA 5.40491184219718 9.43752466700972 9.59502670448274 3.56734961969777 NA 1.00143793970347 NA NA NA 4.16451474884525 7.1288939594524 12.9595854319632 9.10600195638835 6.72237519174814 9.85358767211438 2.9622403846588 5.58780889841728 3.5538314958103 7.12116906652228 3.07553872698918 0.57893532793969
"147" 11.05 44.3 0.266297975031193 1.69301847636234 NA 5.97683046944439 8.70045362971723 9.71304390113801 2.63851937488653 NA NA NA NA NA 4.46985742310061 7.63068164815195 11.5884401835501 8.66375933401286 6.69405116932466 9.40050892531872 2.93563292361796 4.12031870218926 3.23475585901178 6.62828633794561 2.91696653002873 0.708539667539299
"148" 11.05 44.4 0.522430360433645 2.90065733715892 NA 7.29562025517224 8.80430876277386 9.64051696937531 3.64888964686543 0.137130804068874 NA 5.78306517563761 NA NA 5.82212002482265 6.91903795232064 11.486301664263 9.06544685130939 5.45594343566335 7.97883085906505 2.56312776182313 3.16738343099132 2.98219916294329 6.59953305730597 2.90301904315129 0.450628690305166
"149" 11.05 44.5 3.18346777930856 NA NA 6.04506712406873 8.23289095424116 9.04549572151154 3.00231599248946 0.408999522915112 5.20113268867136 1.33285451447591 NA NA 3.88756700267549 5.46313489903695 10.5021097697318 7.33660220867023 4.14530871785245 5.12302943388931 1.90394808741985 3.69889002176932 2.65904656844214 6.55833432683721 3.21544274920598 0.90445845562499
"150" 11.05 44.6 3.65650252788328 NA NA 5.6017545517534 8.9085930492729 9.19720146339386 3.0386866943445 0.293128093471751 0.945434017921799 3.29891547735315 NA NA 5.63930065836757 5.98670211184071 9.80187440291046 7.45998382335529 4.06580799026414 4.09499236266129 2.37923553795554 2.92770118103363 2.3328899522312 6.06223305221647 3.28432182432152 0.757185334805399
"151" 11.05 44.7 3.57775287120604 NA NA 3.72549570165576 8.87211500667035 8.45519516151398 3.740459861001 NA 1.4683579938719 5.18193352036177 NA NA 3.48559400299565 5.30295340286102 8.28610444441439 6.65575037710368 2.7945483365329 4.24551798496395 2.2352545580361 2.61956900940277 2.76354537927546 6.50168607244268 2.95923814410343 0.694814052258153
"152" 11.05 44.8 3.27809650625569 NA NA 2.06295526586473 8.2045668270439 8.40584251563997 4.39057368203066 NA 1.11974233877845 5.7691191555932 NA NA 2.014026089455 6.27037257654592 7.5840094126761 5.05865584127605 2.19995629449841 3.93169953022153 2.13590553612448 2.10909099623677 2.73565040552057 5.21057804580778 2.94335946673527 0.978913618018851
"153" 11.05 44.9 1.23554072342813 NA NA 1.22438943944871 7.18983351252974 7.90952655952424 4.57854283740744 0.822487659752369 0.898871088793385 7.51298416871578 NA NA 2.52021328196861 6.1932322452776 6.33832002058625 5.35273323766888 2.0253981318092 2.94303728733211 2.36249854060588 1.80031508789398 2.01059571700171 4.85888679977506 2.82984838122502 1.00852520554326
"154" 11.05 45 1.86575250118039 NA NA 0.223603638005443 6.39536320231855 7.87369224708527 4.87294209888205 2.56334859877825 1.25893134973012 3.08862672827673 2.245341707021 NA 3.30234548309818 3.79823417169973 6.24877000227571 4.47157382732257 1.69001469039358 3.68622360401787 2.78306892723776 1.40227527008392 1.81125391682144 4.8305626725778 2.51012911903672 1.27599508850835
"155" 11.15 44 3.22874386038165 1.23782968148589 NA 6.35963523527607 9.79565321467816 9.06781170051545 1.37458947720006 NA NA NA NA NA 1.10014452475298 7.20921847969294 12.7145388163626 10.5984903406352 8.59273339156061 10.2658969466574 4.22631187539082 8.22195278014989 4.69259025994687 8.28803738113492 3.47272018552758 NA
"156" 11.15 44.1 4.49953889474272 3.33782059606165 NA 4.52006889972836 9.72677408717573 9.17349073570221 3.30513681401499 NA NA NA NA NA 1.19284167158185 5.72041236646328 13.4451010264456 9.56315766088665 8.03193702595308 10.4515057057142 3.17746083601378 5.46871887054294 5.11981251183898 8.24941357132047 3.55340103269555 0.907237711362542
"157" 11.15 44.2 2.70253048511222 4.51999534852804 NA 5.55854891426861 9.53429876826703 9.53419420402497 3.13834008411505 NA NA NA NA NA 1.52028576121666 5.83392344706227 12.9243948496878 9.71840391866863 7.12760343449189 9.41670946776866 3.01674292422831 4.61513262125664 4.30957076023332 6.64931496139615 3.5521136247553 1.15485924761742
"158" 11.15 44.3 2.84829998854548 4.87132896669209 NA 4.72370241768659 9.08712088130414 9.61863014381378 3.79000960383564 NA NA 0.5169233889319 NA NA 1.97454477165593 4.80170226073824 12.3892405070364 9.13550615077838 6.2091076746583 7.87883821176365 2.78371260501444 4.46235404815524 3.21136699640192 7.26407716283574 3.53494748705998 0.716489247861318
"159" 11.15 44.4 1.32909634849057 2.62513988418505 NA 6.52400236576796 8.90580355189741 9.57743141334504 4.38402949366719 NA NA 6.93212351761757 NA NA 3.08605220052413 5.54778552032076 10.605535749346 9.23871755367145 5.05929826176725 6.95594373391941 3.658756474033 3.04443091736175 3.26029064599424 7.23746964940801 3.18647489184514 0.625149125698954
"160" 11.15 44.5 1.71962583262939 0.338609426398762 NA 6.02961760014295 8.19534002803267 9.35834858100861 3.84801639011129 NA 0.208147028752137 3.15933156525716 NA NA 3.26715490082279 4.29508658271515 11.3496878184378 9.52002763515338 3.91238568699919 6.56595054315403 2.60926175687928 3.13197827199474 3.17617657128722 7.02975938329473 3.50233182543888 0.969616288784891
"161" 11.15 44.6 3.47582898102701 NA NA 5.60432947240771 8.64680944941937 9.13926574867219 3.68788856430911 NA 3.88234709389508 6.77870619110762 NA NA 4.7374345944263 5.52053418505239 8.93054986372591 7.23060130840168 2.98144463449717 4.22019787947647 2.67041612241883 2.38353461609222 2.32065907912329 5.7268496369943 3.46199134946801 1.24026904231869
"162" 11.15 44.7 4.24272618256509 0.205572396225762 NA 2.96846902929246 8.25177370570599 8.7295314995572 4.49888128205203 0.201073475182056 1.02733131061541 6.10482799820601 NA NA 3.83256456116214 5.90687955846078 8.23761010542511 5.90998887782916 2.67105945968069 3.71637173811905 2.66011643980164 2.3640081344638 2.50068889581598 6.95701787481085 3.31393346423283 1.23029024689458
"163" 11.15 44.8 4.4172843452543 1.40376944909804 NA 1.2097982224077 7.31214224360883 8.55926487129181 4.227280797204 0.27939397841692 1.87526701338356 7.32050905935465 NA NA 3.21136497950647 6.25148982508108 6.97847390547395 5.75785408727825 2.06874262948986 4.86274787108414 1.79816172458231 1.7425939826353 2.30327831231989 5.99914739141241 2.62857546913438 1.29552159633022
"164" 11.15 44.9 2.63704849930946 NA NA NA 6.50104223750531 7.92851649457588 4.57537783076986 1.68530065566301 1.13225956738461 6.76668633241207 1.61534445360303 NA 1.38445868360577 6.69373244745656 6.30785012617708 4.8728322959505 1.80953395029064 3.08176113758236 2.84315040917136 1.65719244105276 1.75396195845678 4.99128074152395 2.82062158221379 1.86125309555791
"165" 11.15 45 2.12710694759153 NA NA NA 6.06287657283246 7.46470901649445 4.6745122759603 0.958311450085602 1.45026229438372 3.21908937476109 4.34905188158153 NA 2.25134859792888 4.28038806421683 5.7705500163138 4.79966163402424 1.75803551101126 3.35995985660702 2.56420067162253 1.39369220123626 1.80824986891821 5.61484069330618 2.3258077155333 2.03935180034023
"166" 11.25 44 2.18922693456989 0.843580736545846 NA 7.82104586251079 9.7325676586479 9.01706430595368 0.760793407971504 NA NA NA NA 0.109870746382512 0.516708078794183 5.96352908760308 12.680206540972 10.1652599405497 7.70642413990573 11.0861163586378 4.34604568581563 6.45276771392674 4.85373732517474 8.27988346572965 4.09349063993432 0.907666864804922
"167" 11.25 44.1 3.47121560771484 2.08183148643002 NA 4.54689108155435 9.11995111964642 9.11995384376497 3.30331291188487 NA NA NA NA NA 0.502116861753166 4.77327071421314 13.4077646769583 9.13003454916179 7.98151149647311 10.0135546177626 3.52421686984599 5.44962154235691 4.13984062615782 7.77627179631964 3.8739786541555 0.98385184246581
"168" 11.25 44.2 3.63998017273843 3.57571448403178 NA 4.89936908707022 8.76246630214155 9.59373924415559 2.76404682663269 NA NA NA NA NA 0.186259954352863 2.48652667505667 11.5901567973197 9.63514815084636 6.63965586572886 9.77837863611058 3.76368449069559 4.46063743438572 3.64137885044329 8.21057518478483 3.72034177416936 1.52351227006875
"169" 11.25 44.3 2.24179828364867 3.68364657479106 NA 3.78557287040167 8.88466774486005 9.55468628089875 3.68279276881366 NA NA NA NA NA 1.01753014605492 2.66526909690583 12.3527624644339 9.54094886546954 5.73800437850878 7.31986595783383 3.85230470274109 3.38346218923106 2.85817376570776 7.72069642553106 3.38302716845647 1.09149584895931
"170" 11.25 44.4 1.37329899152974 2.95859183388529 NA 5.94764908310027 8.54939161799849 9.48258850257844 3.94098175456747 NA NA NA NA NA 0.667340937070549 3.44547005515779 10.558042768389 9.42947625881062 4.58529828465544 6.77569939289242 2.76289868925232 3.02683562622406 2.83328286604956 6.12167080398648 3.68472203845158 1.48731840890832
"171" 11.25 44.5 2.38824686966836 1.55912207846995 NA 5.56012373417617 8.38009058497846 9.44010231178254 3.68027109070681 NA NA 5.21379942074417 NA NA 1.34862437116681 4.41449847567128 10.7185461558402 9.4149923301302 3.92783515853807 6.04538741754368 2.28568008751608 3.15536713460461 2.87040469120257 7.66361901769414 3.68279084796086 1.68458592379466
"172" 11.25 44.6 3.32026088435668 NA NA 4.63186777196826 8.77748667262494 8.85033819358796 4.39170020981691 0.204935856163502 1.31450736662373 8.34747659973801 NA NA 3.17317029694095 4.79859081970061 9.72620034590364 8.00919294124468 3.43312863260508 5.1455600420013 2.28374881844502 2.299205964664 1.89429513411596 7.15271194931119 3.45405211555771 1.90255915367743
"173" 11.25 44.7 4.09563384018838 2.43545374833047 NA 2.40799463354051 7.74354874156415 8.67910597007721 4.4921221153345 0.128975696861744 1.10765547287883 3.46292175818235 NA NA 3.08669591759099 5.88821138371713 7.6187708415091 6.66937589412554 2.86332020186819 5.01531197223812 1.97368548251688 1.99622366053518 1.75911179976538 6.15707585820928 3.30835446948185 1.94965874397894
"174" 11.25 44.8 4.44507203064859 2.05951590905898 NA NA 7.27544962428511 8.23493205243722 5.06761682918295 0.841155834496021 1.81382750160992 5.71590412873774 NA NA 3.36671608965844 6.30781621439384 6.36592889204622 6.5083360648714 2.28911284357309 4.4689996400848 3.06716850609519 1.52222368342336 2.19877944909967 6.45447919378057 2.92833909625188 2.15018067683559
"175" 11.25 44.9 4.02986607514322 1.20492796122562 NA NA 5.90505539439619 8.0103776184842 4.70702064922079 0.939750563702547 1.77820671815425 6.34675968904048 3.30706732347608 NA 0.7769919859129 6.67216748697683 6.28796601667999 5.56527137523518 1.93119892501272 3.65789963398128 2.9931395110907 1.43896788940765 1.94922677474096 5.31078547937795 2.60947808856145 2.3022082837997
"176" 11.25 45 3.94821963272989 2.51441798172891 NA NA 5.39125143550337 7.42544147651642 4.99948872020468 0.955951106152498 1.12782465002965 2.99635873816442 7.40805761888622 NA 0.342044985154643 4.093491792446 5.74136758223177 5.22076844936236 2.49328264617361 3.67463661823421 3.34804943413473 1.20636672363617 1.65482751326635 4.51298907282762 2.69723996752873 2.31540477834642
"177" 11.35 44 1.60214505158365 0.321443563734647 NA 7.12782000191509 9.66926752589642 9.35963604133577 1.36986878933385 NA NA NA NA NA NA 2.75560717564076 12.645445112139 9.23077831976115 8.07957305805758 9.54062752425671 3.95766182045917 6.42959342803806 4.34819457004779 8.9105244493112 4.76962188840843 1.28704874950927
"178" 11.35 44.1 2.30166513647418 0.958951316715684 NA 5.58858965523541 9.41832005046308 9.4185373513028 3.30116714467294 NA NA NA NA NA NA 2.13461692328565 11.6412260569632 8.00490140682086 7.14165820972993 8.92661644611508 3.04227755405009 4.94708286132664 3.81454226444475 8.22709759231657 4.20571426511742 1.48517264169641
"179" 11.35 44.2 3.33281359635294 2.90473303757608 NA 4.38009342178703 9.23432051204144 9.38195202033967 3.11080273822881 NA NA NA NA NA NA 1.33724982733838 11.9852640666068 8.82168769603596 6.16769426269458 8.26164308236912 2.88349080656189 4.23576092580334 3.15536257694476 8.84014328476041 4.36321363085881 1.67028082651086
"180" 11.35 44.3 2.28879061178304 3.96817526780069 NA 3.73436055961065 8.80849300883711 9.45930692832916 4.42258177790792 NA NA NA NA NA NA 2.34533115872182 11.4544012583792 8.39779138332232 4.88592021865771 6.79157807026058 3.61562657926696 3.72614126536064 2.8918623633217 8.80881508346646 5.01080617541446 1.83764966932358
"181" 11.35 44.4 1.32373172964435 4.02010288671591 NA 5.45326431747525 8.50325762294233 9.41821548622102 3.98620379855857 NA NA NA NA NA 0.177247732062824 1.94901200156892 11.3675692118704 9.27186965709552 4.56598632736131 6.83127465890721 2.61505532835145 2.7910158096347 2.87340876529925 6.57979199895635 4.01323899859562 1.73594030347886
"182" 11.35 44.5 1.51288110937458 3.21093394013588 NA 3.55168546666391 8.10972391627729 9.34525940101594 4.32308925082907 NA NA NA NA NA 0.650603952817618 3.19205490814057 9.83077073469758 9.81077919714153 4.02986644185148 6.01180616067722 2.1305410657078 2.99593657837249 2.37194296787493 7.65052983770146 4.30935492622666 1.90878187859198
"183" 11.35 44.6 2.68940532405395 2.05007395707071 NA 3.72206247411668 8.05972754023968 8.79647943656892 4.52801007195376 0.382605381309985 NA 5.59198963455855 NA NA 4.52242651954295 4.89461387624033 8.26707864180208 8.23986291652546 4.23285612487235 5.0306542078033 1.99793262581807 2.97233313904144 1.99364415602758 6.50726517196745 3.44825854408555 2.66119519073982
"184" 11.35 44.7 4.02353600948117 1.19777511572465 NA 1.19520700536668 7.19337402842938 8.28052971046418 5.00426305225119 0.562206096947192 0.281535057001747 5.21207809215412 NA NA 4.45075789466502 5.51055635442025 6.42229104414582 7.87594079738482 3.10643562697806 5.35327030811459 2.03247947792988 2.02175826416351 1.85223809676245 6.4759369706735 3.65618338692001 2.80485427938402
"185" 11.35 44.8 4.90448079071939 1.65525336633436 NA NA 6.6963070537895 7.87776910001412 5.06541741779075 0.68923224171158 1.17524610541295 5.6944464566186 NA NA 2.38309639971703 6.28732413752004 6.92125344648958 6.9177484489046 2.58072258147876 3.85080405394547 3.14591811038554 1.74023363215383 1.95480576949194 6.44761273870246 3.41263870359398 2.8204110392835
"186" 11.35 44.9 5.51033816300332 2.98992020543664 NA NA 5.55626103887334 7.95265648048372 5.03070963313804 0.979018103680574 0.874302253942007 3.07947102701291 5.77384131029249 NA 0.586230936460196 4.99836177332327 6.25606561079621 5.9637403464876 3.3350670710206 3.61198016325943 2.97511506651063 1.76254961115774 2.07604156457819 5.62750071985647 3.13047036761418 2.49682939611375
"187" 11.35 45 5.18396697007119 3.45855618361384 NA NA 4.91156518837669 7.39937040489167 5.50503147533163 1.1145232769195 1.19262579828501 3.05465255660238 3.82033807545667 NA 0.278098791022785 3.49965071654878 5.38345361128449 5.54188251262531 3.03390869521536 3.9570195309352 2.7444451174233 1.27760619507171 1.74516431288794 4.96982301701792 2.58759126299992 2.48610056005418
"188" 11.45 44 1.00133023224771 0.321443838765845 NA 5.31278706039302 9.27251516841351 8.50819561164826 1.08587719296338 NA NA NA NA NA NA 1.07847024919465 12.5909426249564 7.91842698818071 6.85873880283907 8.96566940937192 3.1695214973297 5.91546760406346 4.13554909173399 8.89464577194303 4.76425747037864 1.70203724701424
"189" 11.45 44.1 1.72370273794513 0.868471601279452 NA 7.2170851752162 9.35716568492353 8.98595068138093 3.29923595418223 NA NA NA NA NA NA 1.61791617865674 11.6058924235404 8.61268996959552 5.84293239517136 7.25442005787044 2.9276935980306 5.40220008697361 3.61713168094866 8.85430534835905 4.73099807859398 1.94182673294563
"190" 11.45 44.2 2.69080004654824 1.92540486896178 NA 5.41979034896941 9.29096876643599 8.92973158042879 3.56105622486212 NA NA NA NA NA NA 2.68822491634637 10.6594660319388 7.96069860225544 5.31260602874681 8.39714828180149 2.76461528992514 4.08426981302909 3.18711998406797 9.45855339523404 4.69409093493595 2.39093579730251
"191" 11.45 44.3 2.94947228394449 3.67656550370156 NA 5.05887230392546 9.25406157039106 9.39589950721712 5.52207282744348 NA NA NA NA NA NA 1.95373584574555 9.73363900557159 6.97321653133258 4.8657500068657 7.42178979562595 2.97060895536561 4.56299047800712 2.82169572310522 8.16100796218961 5.34189805621282 2.45305578428088
"192" 11.45 44.4 2.14448771439493 3.78406849340536 NA 4.23532684799284 8.70238482020796 9.32294342201204 4.65026510646567 NA NA NA NA NA NA 1.69720629128278 9.63622117415071 8.17699193721637 3.92075417912565 6.43098173313773 1.99342654086649 4.05508737894706 2.08119143208023 7.66833970556036 5.31400308245792 2.44908604945522
"193" 11.45 44.5 2.34039626084268 3.5411675402429 NA 5.58887994848192 7.93527304194868 9.14570305030793 5.08955729892478 NA NA NA NA NA NA 2.9678222083021 8.96202111616732 9.47271346813069 3.43227027333341 5.47472073230893 2.07174704410136 3.12446803436615 1.95416203932837 7.46771057602018 4.6228514635004 2.75732556183357
"194" 11.45 44.6 2.27870540111325 2.59230934461811 0.202997475571465 4.63358438573778 7.89943872950971 8.7469122139737 5.59193504741416 0.893083401024343 NA NA NA NA 0.633437815122306 3.37680546508636 7.68486047163605 9.55543279414996 3.20042017847299 5.02453877124935 2.05887244082987 3.10622901306488 2.05179444747046 7.60954589350149 4.28081616992132 3.16266096197069
"195" 11.45 44.7 3.41928801499307 1.06187678757124 NA 0.536027317866684 6.98963343165815 8.10843918006867 5.7251872960478 0.531303774914704 NA 3.91860961681233 NA NA 2.42172020953149 4.87133230199107 6.40083337202669 9.2393613886088 3.70016930974089 5.79680039081722 1.72305984597187 2.56013131001964 1.52779809432104 7.56469935877248 3.43967542285099 3.42315710149705
"196" 11.45 44.8 4.58315215073526 1.21494155027904 NA NA 6.08401248464361 7.84139834577217 5.06273520877585 0.772917162976229 0.447509116202127 5.67148674745112 0.194846546219196 NA 1.28618020098656 4.7154423664324 6.43673921003938 7.72015809779986 3.55962160974741 4.53466011676937 3.0431358871283 2.1741077885963 1.56899682478979 6.44074638839811 3.63236526609398 3.2773521670606
"197" 11.45 44.9 4.92819151841104 1.93763593852055 NA NA 5.33095548162237 7.91424724739045 5.56758069433272 1.0207532759523 0.835355505114421 1.44160696654581 5.75452940538524 NA 0.203855245490559 4.14531201822684 5.43881440535189 6.80756330257282 4.10700682550669 3.82891722838394 2.71655014366843 1.59303397522308 2.01402889215388 5.48587997909635 3.71261695981958 2.89926798432134
"198" 11.45 45 4.68250117264688 3.13411576207727 NA NA 5.84551035426557 7.60182354133577 5.81171525409445 0.952732455334627 1.18983630090952 3.07274853112176 4.07096369890497 NA 0.109870641608723 3.2245633599814 4.48351884260774 5.0974941230379 4.03319243341684 4.10250260028988 2.63822962733685 1.18941516266204 1.68443910079077 5.11895383824594 3.31178764463402 2.88596427999437
"199" 11.55 44 0.404842683929018 NA NA 6.84114675968885 8.69208513759076 7.68829806474969 1.94193043280393 NA NA NA NA NA NA NA 11.7050268687308 6.80455912370234 5.93659523874522 8.89314237283542 3.35555954079609 5.89529739227145 5.06874325219541 8.88391693588347 5.10135749937036 2.13773526629666
"200" 11.55 44.1 0.827201216452522 0.47508077113889 NA 7.18961935490368 8.64444910548627 8.36174710420891 2.25843156804331 NA NA NA NA NA NA 0.501688022632153 9.91045022383332 7.15850353008137 4.77755902684294 7.81982971820981 3.14913670881651 5.05716066691094 3.78621813724749 9.48644836898893 5.06487950915471 2.32237852178514
"201" 11.55 44.2 2.23278598277829 1.20313960578642 0.481947226217017 5.42107780929655 9.37079130671918 8.87630197685211 3.6246424599085 NA NA NA NA NA NA 1.05294287495781 9.18918633833527 7.24004268413409 4.07685874379239 7.88130584405735 2.55261348938802 4.55655317637138 2.87920233677141 8.81181915756314 5.36421403521672 2.79122870997526
"202" 11.55 44.3 3.16587285487913 2.4296601768583 1.60718749975786 3.75338753219693 9.16265188716352 9.30019828956573 5.21150878630578 NA NA NA NA NA NA 3.79523329320363 8.50268388167023 7.38262891536579 3.75606654561125 6.22938690357842 1.76254197576782 4.87391219940037 2.56527654128149 8.95193765172735 5.33631906146183 2.98359674052335
"203" 11.55 44.4 2.64960128988605 3.56713142828085 0.73600606410764 3.58945096959359 8.65110098384321 9.25857040565462 5.20789636066183 NA NA NA NA NA NA 4.32738350937142 9.01309037581086 7.76511192088948 3.69062064564787 5.64327058964408 1.60933418374043 4.86082301940769 1.89279307087418 7.65889832982793 5.30971154803409 3.37595022283494
"204" 11.55 44.5 2.41642752662301 3.22144827805459 0.743730826070531 2.85044873198786 7.74987875483931 9.18550703208894 5.9151413384825 0.297847576439381 NA NA NA NA NA 2.41625277267303 7.73893380537629 9.10342703573406 3.82634042180143 5.25724717299454 1.87369269115152 3.76133184763604 1.76190129714087 6.99542710790411 4.29776778328233 3.3718733175192
"205" 11.55 44.6 2.46721105067991 3.15321282832883 0.499971670797096 2.95387781225145 7.05743967555463 8.56280538719148 5.88290118612349 1.25421602278948 NA NA NA NA 0.223167150397785 2.45219447824638 7.07832360640168 9.9561549257487 2.94432286173105 5.22634812514297 1.44174981687684 3.26050972798839 2.18375913100317 8.69251450058073 4.59152326220647 3.45888417796232
"206" 11.55 44.7 3.46821145503781 2.82655579503626 0.507696432759986 NA 6.7888969089836 8.06713316123932 6.04683780111373 0.883853327832185 0.20257082360331 0.120603799587116 NA NA 0.907666864804922 3.40266198618337 5.34411454573273 9.4922400545329 3.44600323587655 4.55075337085873 1.78314135409892 2.50004982808605 1.60955182509497 6.59416884882377 3.92912487150171 3.41747081838548
"207" 11.55 44.8 3.79243693314492 1.46728357576649 NA NA 5.64852902898565 7.60783158475534 6.10541724599898 1.27642143925186 0.853382045170292 0.11029974266421 0.19398823933443 NA 0.116737096686848 3.09828490717337 5.49231553450227 9.28238402120769 4.15936354547739 4.27362748305313 1.96853569359518 1.72456947911996 1.47243730025366 6.60103519912808 3.90616516233422 3.57872517197394
"208" 11.55 44.9 4.30109105072916 1.74537501297892 NA NA 4.92562006838852 7.87562343757599 6.06716894544661 1.10615481098648 0.196347064047586 2.42622658261097 3.2641519792378 NA NA 3.03015685058199 5.10092759504915 7.16751585714519 4.70353016280569 4.31235858122818 1.91317488643108 1.4076396881137 1.74044362502173 6.07532233698293 3.70660881162622 3.07232410996221
"209" 11.55 45 3.92279234365561 2.5714953764691 NA NA 5.05229174159467 7.55450937431305 5.89695585658774 0.69795741874259 0.342260269098915 1.94814975257032 1.99021323351189 NA NA 2.21401426533703 3.89500643941574 6.2954761669971 4.58905337727628 3.68772579822689 3.02704263303895 1.12890452728607 1.61920777754858 4.16859348770231 3.27724084490911 2.92587555013597
"210" 11.65 44 0.256641132000368 NA NA 6.82183485478163 8.90709101222456 6.99575169710443 1.35956910671666 NA NA NA NA NA NA NA 8.76647019758821 5.86943377275019 4.60235713399016 6.88738657627255 2.66612454870483 5.60754995676689 5.03076317254455 10.1600046968088 5.08547887438908 3.02447360591032
"211" 11.65 44.1 0.952585169579834 0.323160452535376 NA 5.9510825201869 8.73789726756514 8.23847267311066 1.71973681426607 NA NA NA NA NA NA NA 9.28474450483917 6.43816947704181 4.1617238370236 6.47003480116836 2.66161843755981 4.69881749013438 4.0602326625958 8.84185989852995 5.06101712817326 2.90828031138517
"212" 11.65 44.2 2.17796165015897 1.15443124668673 NA 3.5143491171766 9.27530466578902 8.86492941062898 3.16208657459357 NA NA NA NA NA NA 1.47287672152743 7.96166444197297 6.31650447612629 3.65543003717903 5.94968625227922 2.02690047008218 5.47494154307059 2.56699315505102 7.70417401799932 5.35884961718694 3.69599140249193
"213" 11.65 44.3 2.16101008918486 1.67220435105264 0.727422995259986 4.57865274511278 8.63028704188764 9.10107109230012 4.78907874785363 NA NA NA NA NA NA 2.62172038201243 7.2961905039847 6.68536185985431 3.73879311955534 5.41785769164562 1.42157956579467 4.85653148498387 2.42344130238052 8.93884847173467 4.99664411181584 3.67850339971483
"214" 11.65 44.4 2.4270852234622 2.43223508441588 0.674637069460004 4.60354364477096 8.31979452632368 9.16286918800323 5.48748982837424 NA NA 0.134976838307921 NA NA NA 3.57658700086176 7.20892930403352 8.09352159267291 3.63354329019785 5.00608512083999 1.38381406286499 4.47437029215508 2.23504296736792 7.01624104985967 4.63508233660832 4.31397235952318
"215" 11.65 44.5 2.62943065026775 3.17746010259725 1.16344284033403 4.62500131689011 7.7923649456352 9.1216704575345 6.21356391347945 0.591603107750417 NA NA NA NA NA 1.33725382183911 7.13268304243685 8.44735871069132 3.44117520726286 5.03011771361344 1.88849848491373 3.74674063059501 1.89665547804907 7.61855790624394 4.94428739184514 4.29251468740404
"216" 11.65 44.6 2.43523914541583 2.88778152898885 1.17717575049028 1.11581051460235 6.71068369410932 8.66934272926301 5.87877058424056 0.730323683819733 NA NA NA NA NA 3.47729986533523 5.0801851786673 8.29694042913615 3.73010281473399 4.99267407576553 1.43230840185424 2.78887009480969 2.57343040429987 7.58551330072804 4.25335034960881 4.2681602295488
"217" 11.65 44.7 3.16437092260457 2.31571992480894 2.45176157914102 NA 5.57289073476568 7.77198298601434 6.13384866155683 1.47930370294489 NA NA NA NA NA 2.30982277134899 4.15178326657042 9.62366829626263 3.42036131769419 4.28854056517594 2.05372265190817 2.39190316060558 2.28654132806696 6.12360209925099 3.59116653562523 3.90455997548997
"218" 11.65 44.8 3.61262169317343 2.85108885727823 0.206430703110527 0.109448822331615 4.83571240911261 7.75127612287179 6.09592222608626 1.19913711387198 0.127468971186318 NA NA NA NA 2.42698168731295 4.3660738854669 8.82243892410771 3.96560087101534 4.51878143940121 1.91188742610393 1.55312270508148 1.95974098169245 6.26522263046353 3.71905426145531 3.26158077805303
"219" 11.65 44.9 3.67205944494344 2.25027402484557 NA NA 3.78900717623766 7.31986962491646 6.3895168248564 1.2545694335131 0.397298176540062 0.799520197324453 NA NA NA 1.78078383905813 3.87998606893234 7.20796367386356 5.4147447051946 3.92676421324722 2.15028215025086 1.18147582397796 1.9284128327854 4.82069214340299 3.38839158648625 3.06234629242681
"220" 11.65 45 4.07009921036661 2.64209111774108 0.521429342916236 NA 4.29369154153392 6.87741253059357 6.67345536639914 1.33746755600441 1.18125522276387 0.52572030108422 0.440540139970835 NA NA 1.66995496911113 3.33510424825363 5.85162411443889 4.75653050816618 3.32155057112687 2.09771085355896 1.08041018829681 1.60826436476782 4.16301449295133 3.19355592364446 3.22542465291918
"221" 11.75 44 NA NA NA 6.43302183598281 8.10779283056037 7.11816750699655 0.951873336452992 NA NA NA NA NA NA NA 6.95172334089875 5.18235911149531 3.80348800099455 5.99957539234311 2.50304626679281 5.58823805185966 5.4738641018048 8.85645111557097 5.08204564685002 3.40706389979459
"222" 11.75 44.1 0.590951650519856 NA NA 5.93863707035779 9.00794207118451 6.67077525286004 1.71705460525118 NA NA NA NA NA NA NA 6.98548341169954 4.51727869512978 4.2590343800839 5.60614897403867 2.3541299829958 4.67521405080334 3.6905170243699 8.82469376083464 5.39511308306827 3.71820009313524
"223" 11.75 44.2 1.80867516537546 0.719699438195676 NA 3.31565106025664 8.9431399013847 8.27259037178009 3.1610136909876 NA NA NA NA NA NA 2.65862757805735 6.87333131209016 6.29504680400714 3.78642915165983 4.4843417708762 1.61899012309732 5.45477133127861 2.5526165147312 8.32430074224248 6.27187346108258 4.36622179113328
"224" 11.75 44.3 1.93173492152709 0.919683946995065 NA 3.66369760595261 8.55368315242231 8.87876960914581 3.98556052241474 NA NA NA NA NA NA 6.09314278699458 6.68636346235871 6.45951975602657 3.55704663670622 4.85684690647759 1.54474660375854 4.94815569254569 2.52836934523657 7.03705499181524 4.00680180173367 4.65418375097215
"225" 11.75 44.4 2.70303089346271 1.96445784531534 0.612838999950327 3.68858850561083 8.27344595454633 8.96975013893099 4.58358539035543 NA NA NA NA NA NA 4.61771325208246 6.61669755354524 7.6244568801485 3.85777591145597 4.80567046324722 1.27051758026937 3.64352917531506 2.04643002944067 7.63636777410284 4.64366545784288 4.63025844655931
"226" 11.75 44.5 2.59971220220905 2.59037814103067 0.8295614621602 1.99944055639207 7.12674795649945 9.02382347267121 5.70297850063072 1.28039438277483 NA NA NA NA NA 4.54776124097408 5.37529969587922 7.96928167110309 4.14605973637663 4.91059837513603 1.45483895757934 3.7246392283123 1.88056222395971 6.51928146835416 4.27051648730412 4.60397279821336
"227" 11.75 44.6 2.39618623454589 2.72727811534424 1.66984390234575 0.441610456618946 6.46359859965742 8.73478862922639 5.87544464506208 1.00895155628677 NA NA NA NA NA 2.2390490717953 4.01617076131515 8.26518307439982 3.71068362146616 4.60922547499649 1.74129891966004 2.86182618001476 2.18139878707007 6.94864959223196 3.6143408739008 4.26279581151902
"228" 11.75 44.7 3.26275434927083 2.46270499192178 3.78127894364298 0.108590515446849 4.77960059652105 7.7353976550512 6.22702849796041 1.22009410697501 NA NA NA NA NA 1.53509349984233 4.03862979146652 7.74483442073688 3.60039118677377 3.81089288857765 2.28653839440085 2.20028612893657 2.24169479333795 5.80302442540415 3.27166185015812 3.89876640401781
"229" 11.75 44.8 4.02890047989786 2.13440259540221 1.49689511745237 0.216737182927318 3.58204792864853 6.80767509620636 6.18743919767439 1.33553637424484 NA NA NA NA NA 1.20872233310365 3.91961123677901 7.60342857101932 4.12996663944796 4.06677562859841 2.54896571132122 1.49068087921478 2.18504653894343 4.3488378811162 3.21673020953313 3.87473375885747
"230" 11.75 44.9 3.678282169858 2.91975339496275 0.975473632570356 NA 4.5314425136894 6.85037575894966 6.69351839460432 1.91439283371437 0.197635559015907 NA NA NA NA 1.21494503182475 3.32966830465012 6.32658968679607 4.26278947270475 3.80853249225765 2.60196616145549 1.17482394562103 2.34082923852838 4.19713213923387 2.69595250720159 3.05569446645677
"231" 11.75 45 2.54553160630167 2.55153974139831 1.19605850195512 NA 3.04785908956546 6.21565802721307 5.83982480457052 1.5081110796018 NA NA NA NA NA 1.1545782443136 3.45855848863721 5.20124207250774 3.2290661969455 2.97339984099381 1.96982312772889 0.957243150332942 2.20865003066137 3.00108149531298 2.67814263934269 2.42623365484178
"232" 11.85 44 NA NA NA 4.91639336105435 7.13468739995733 7.4511906830594 2.82169498968869 NA NA NA NA NA NA NA 5.13840699568391 4.54270593181718 3.55769036686979 4.99406877206638 2.40541381936054 5.00523310038262 4.50290443841368 9.69158360967413 6.33238420123235 5.07689989171923
"233" 11.85 44.1 0.279530105763115 NA NA 4.21258197748103 8.48029791377485 7.12514145998285 2.43138040532357 NA NA NA NA NA NA NA 6.60367989912629 4.84601033676881 3.65006564534269 5.09073563735002 1.50504989724141 4.9979374918621 3.72205969761127 8.81353577133268 5.50926779396832 4.72274101339281
"234" 11.85 44.2 0.775595501909265 0.195272713608574 NA 6.27724207006394 8.30048262141645 7.78829081682488 2.17939678695985 NA NA NA NA 0.105587371217552 NA NA 7.94020788744091 5.94775438075885 3.42690585530363 4.36997243086807 1.51856823067646 4.26601629587821 2.36872426467016 8.94979188451543 5.36357030505314 5.03634489141404
"235" 11.85 44.3 1.93463170726318 0.605972911580465 NA 2.89894617162645 8.50197016261518 8.62975332420318 3.53323279414326 NA NA NA NA NA NA 1.42910307040438 5.87569262715988 6.43301963573321 3.78267400665209 4.44292851607315 1.33489057043334 3.79609317169525 2.74809590773657 6.57249639043584 4.13619151222519 5.65840280614793
"236" 11.85 44.4 2.0673474027717 1.08233293140074 0.489671935793014 2.34619653783739 8.0468529369682 8.78285381477326 4.2651535361074 NA NA NA NA NA NA 0.321457983227447 5.8203318330925 7.59720563655719 3.83953689015471 4.18017937336117 1.22116493439535 3.40835308888928 2.18075505690649 6.66712472448125 4.30399045580997 5.29533899389207
"237" 11.85 44.5 2.56527269084472 2.16480095987208 0.5385954544181 NA 6.97632967494428 8.71526214759796 4.8666120856069 0.905958004295826 NA NA NA NA NA NA 4.67234637471848 7.13790416484699 4.12567494786345 4.03587652835995 1.46106166939717 3.1927035364788 1.83893434004858 6.96967790136114 3.94586190814153 4.59914482198656
"238" 11.85 44.6 2.55647504527587 3.0571541050449 0.758751144167035 NA 6.07414185069502 8.79508468788116 5.43422115733846 1.05036486347672 NA NA NA NA NA 3.43239123467356 4.67806842061691 7.36932526342571 3.45469359308481 3.69545056018978 1.73293042753357 2.76376461843029 2.05286733107641 6.15235537989065 3.29097385983914 4.25721681676804
"239" 11.85 44.7 2.90698609314859 2.4391015918809 1.39432744472288 0.360074432683177 4.77402160177007 8.09105846565216 5.68366659572348 1.53108731901739 NA NA NA NA NA 2.40156466607004 3.5897352907341 7.69816408865154 3.84511588490568 3.30513545195572 2.19233921379783 2.32152200260316 1.74795381026343 5.6646223878488 3.58687505358831 4.21730554662645
"240" 11.85 44.8 3.84844140498898 2.9641707893461 1.6634066530969 NA 3.41285418235202 6.79480049293489 5.53416037000716 1.9150365551468 NA NA NA NA NA 1.26015004352666 3.45283534261398 6.72076722839846 3.95733951008879 4.06269861850888 2.5060503539862 1.60483566869516 1.69130555586889 4.24154952052049 2.70110234851018 3.37573564611375
"241" 11.85 44.9 3.87622914277017 2.80023422674276 1.74537490820512 NA 3.00784064729669 6.41017172019928 6.22713578632102 1.63959293277002 NA NA NA NA NA 0.63043885747902 2.67878558370285 5.87018500082194 3.83481625467539 2.94292994658463 2.58522917720256 0.985138124087825 2.31958614313044 4.18769076350145 2.91074380511418 3.04539478383958
"242" 11.85 45 3.04967961274087 2.3019870146527 0.510557804955169 NA 2.82069386739749 6.20514376787469 5.62712562968955 1.82284147558676 NA NA NA NA NA 0.591958107543178 2.83435483288485 4.54871415859088 3.17595848464407 2.51259633223526 2.30949809047161 0.704900919663487 1.82434312300756 2.70603850367479 2.29576692217961 2.56935632787645
"243" 11.95 44 NA NA NA 4.53401764389127 6.40909621724859 7.2683714213781 3.8958658464253 NA NA NA NA NA NA NA 4.24119021627121 3.82580521109048 3.07178143411875 3.34236446069554 1.48595256905537 4.03877954813651 4.19133898685686 8.37236592778937 5.87082956917584 5.41475093923509
"244" 11.95 44.1 NA NA NA 7.2891863062978 7.00240085134284 7.63604863313958 3.60082358820363 NA NA NA NA NA NA NA 7.10936682298779 5.06917010061444 3.07618028309661 2.96031066100113 1.28854198555928 4.01989679667167 3.693735570414 8.00028989324347 5.62792877317406 5.38631952367723
"245" 11.95 44.2 0.752886352711358 NA NA 6.27552545629442 8.25391947291791 7.82723649172111 2.72349175647832 NA NA NA NA NA NA NA 7.91231291368603 5.92586755519733 3.41049073613248 2.84325905959122 1.08340665319702 4.00830965372734 3.04914709995501 6.72784993657842 5.14920821296983 5.48781431280076
"246" 11.95 44.3 1.31482684155344 0.341613782075001 NA 1.59088647924364 8.57492624782026 8.33084805635736 2.97077316208742 NA NA NA NA NA NA NA 7.7882875688374 6.8427538848482 3.52142690098844 3.04045511875301 0.818833569064735 3.06674689636565 2.2017835493898 6.85316274175421 4.02740111458115 5.7738450821489
"247" 11.95 44.4 1.84536777815083 0.466497712113778 NA 0.34977475006599 7.7374333050102 8.0951354233548 3.88084662845359 NA NA NA NA NA NA NA 4.60024859639816 7.11837768321856 3.68600719375536 3.79361941013485 1.01602954964619 2.31787413940765 1.93055859999731 6.53473088750616 3.9737569866702 5.28825796209276
"248" 11.95 44.5 2.47675979335327 1.83492501382716 0.388106022728606 NA 6.52764975093305 8.36357090156527 4.18050301959738 0.904026813805102 NA NA NA NA NA NA 4.81968907406554 6.61068905610592 3.61680620117113 3.4330231777858 1.55654836271423 2.22710818634368 1.59732095198706 7.12889382848516 3.43409648048691 4.92766178213061
"249" 11.95 44.6 2.84508070908487 2.45519487652928 0.755461351945996 NA 5.06498763570562 8.30434772651642 3.85971082141623 0.969576727948152 NA NA NA NA NA NA 4.23432374373078 6.51938676601275 3.66240385919809 3.33335234317929 1.80502820585389 1.90932003606577 1.87197915511206 5.81032008631156 3.41414084541611 4.89869392476976
"250" 11.95 44.7 3.29140028916299 2.50733698921976 1.44325088476762 0.213303955388255 4.16644761571661 8.27044460456819 5.67722929408773 1.76554910140112 NA NA NA NA NA NA 3.33295849850401 6.8629240966402 3.46499322331511 2.81793905887753 2.00243878934998 1.61170213032165 1.90523854689673 5.2026387071237 3.39676013099961 4.21161926351488
"251" 11.95 44.8 3.6708791682031 2.97232465236448 2.11702189408243 0.108590515446849 3.21501444705063 7.49796851305291 5.01552833011375 1.66271358757513 NA NA NA NA NA 0.154073760495521 2.57507350179367 5.88209390407427 3.46606621169485 2.81954841047991 2.56892134639202 1.33210868225433 1.78829423384741 4.00615885737352 3.38173970812931 3.85960610001349
"252" 11.95 44.9 3.69523362605832 3.21479645208455 2.13204221217893 NA 2.4181838174627 6.40427086036652 5.59150589397178 1.84687404544092 NA NA NA NA NA 0.292981218080968 2.26193455746397 5.46731710201129 2.79036411666312 2.8961522213649 2.73564743256429 0.907246780843707 2.04771748976782 3.34805205347947 3.18454370135442 3.21845090948045
"253" 11.95 45 3.53397922008298 3.04764113388956 0.920828495873138 NA 2.25206555624027 5.99893553880975 4.54995054169558 2.04750331904506 0.438173260772602 NA NA NA NA 0.228324496129062 2.55368846846978 4.45816278224811 2.96320566558279 2.30209656874649 3.18196701264242 0.614564120041905 1.75954095320776 2.26143556355964 2.20006570452824 2.41432464681566
"254" 12.05 44 NA NA NA 4.53144586645066 6.57668063649909 7.01399061363191 2.12732529616915 NA NA NA NA NA NA NA 5.38931982591748 3.90734433894977 2.06230530166067 1.75760811252985 0.903376823407598 4.01045542093925 4.10422094282694 7.39411065587773 5.98584295366891 5.8639673050493
"255" 12.05 44.1 NA NA NA 6.26007593236864 6.90219352254644 8.10253842500969 2.37630669143982 NA NA NA NA NA NA NA 7.08490507677197 5.26711691636593 2.59810340066906 2.10060897516087 0.977191163110547 3.65640377858653 4.12610766361467 7.08748052129521 4.38123818021268 6.17767847143114
"256" 12.05 44.2 0.281675872975029 NA NA 4.57779443822802 7.99471079371869 7.27137560024857 3.20264157489874 NA NA NA NA NA NA NA 6.29612104967237 6.48956060176715 2.92833689600229 2.22914043115452 0.929984284448438 3.96796923014336 2.3979066987522 7.05593774328008 4.68593707191757 6.26243627630174
"257" 12.05 44.3 0.952514021628303 0.461776739393826 NA NA 8.13654600642622 8.07453605812044 2.81364941038192 NA NA NA NA NA NA NA 5.685864854604 6.80466651683675 3.49546311772429 2.89883443037979 0.769695499911904 2.55519599304534 2.08119145827368 7.35806176671759 4.12331690895371 5.64810312353073
"258" 12.05 44.4 1.58090198237915 0.473935977788642 NA NA 7.0530408527702 8.63479587715118 3.37294368655421 0.140991993248463 NA NA NA NA NA NA 3.63250760128722 6.72763347392901 4.39475410385057 2.8737289540004 0.851878371031489 2.0020172058139 2.00287095503882 6.6486712312326 3.78020878415555 5.61892068944871
"259" 12.05 44.5 1.88635193189839 0.588591853374965 0.200423111527925 NA 6.074678292498 8.2850358216092 3.27697419561446 2.77105886489153 NA NA NA NA NA NA 3.70946908369661 6.57174348598346 3.94907830632291 2.71547870070207 1.52285981748718 1.68658939946909 1.2080787535524 6.66090210434049 3.43817349057644 5.25360382162034
"260" 12.05 44.6 2.81718573532998 1.6876538618817 0.300844822777436 NA 4.44539735326544 8.52600547950715 3.23566812439821 1.55751694401261 NA NA NA NA NA NA 3.38889146223665 6.49299382930621 3.6421263590455 2.69359187514055 1.57929349516053 1.54582707691588 1.51342145400122 6.13476008875295 3.74008288490586 4.89332950673998
"261" 12.05 44.7 3.03337178193033 1.83678465691628 0.487955723656341 NA 3.70639513857896 8.0829045502469 3.81518620415591 1.48574100458063 NA NA NA NA NA NA 2.77420071652159 6.40018939739093 2.97135952860117 2.64756511605811 1.74580503080506 1.32953376814839 1.80224172072485 4.5483942318242 3.28560938942247 4.20303619466721
"262" 12.05 44.8 3.2565315195825 2.58115123724565 1.71705078100786 NA 3.59052369603887 7.69473536638543 5.02888573100791 1.66684283176437 NA NA NA NA NA NA 2.85774258663878 5.12817859416827 3.06695351027884 2.61055063165259 2.10200240107951 1.05745048567769 1.848375715781 3.88106062891893 3.1873332511168 4.17954004369676
"263" 12.05 44.9 4.07986245118081 2.86718211136758 1.74995299894363 NA 2.99593153176829 6.76390144508332 4.974329599645 1.58122805150924 NA NA NA NA NA 0.276826025219634 1.64853122842033 5.44285535579546 3.06255468749441 2.05758636875544 2.76225494599203 0.848452759237261 1.94922677474096 2.75002673151903 2.79508695239201 3.5216478689108
"264" 12.05 45 4.09348807297647 2.89142933324911 1.89100139541552 NA 2.07725701911841 5.83725197939203 4.2926193564199 2.19717055588262 0.909169216174631 NA NA NA NA 0.116737411008217 1.97583085682709 3.80649327998981 2.63318664219696 1.60472222487442 2.24619795772014 0.557775409833994 1.81704751448706 2.08140569448005 1.5943156729918 2.40520513616502
"265" 12.15 44 NA NA NA 2.83199823461473 6.38560006627812 7.76039573829622 2.04306911327876 NA NA NA NA NA NA NA 3.22488445235649 4.15067436697427 1.85159096145071 1.35420390288346 0.529155010190152 4.23704843851738 3.10429336968808 8.79980286117643 5.85924253100529 7.10872686468065
"266" 12.15 44.1 NA NA NA 2.8577474411577 6.38570735463873 6.80982096819208 2.72427815361879 NA NA NA NA NA NA NA 4.30377621960361 5.85870493669062 2.43180641555227 1.1664492849377 0.748595178447431 3.2577202829998 3.19226972060278 7.0778245688416 5.4895268403925 7.07782781682908
"267" 12.15 44.2 NA NA NA 1.5668538864702 7.29036270640791 7.47479433193802 2.56500863470137 NA NA NA NA NA NA NA 4.4226516969502 6.03283415548504 2.91406754404307 2.00909200357273 0.865396691369823 3.05494522908703 2.09835759596899 7.04928596969694 5.0103770219721 6.595673924312
"268" 12.15 44.3 0.729998531460296 0.19613102049334 NA NA 7.85523592494429 7.79719575075432 2.82706040306948 NA NA NA NA NA NA NA 2.66347912183846 6.80981635814531 3.74694703496061 1.82283943577204 0.986847117201251 2.57558083394543 2.53072968916968 8.08762272354215 4.6554671775084 6.11062324605882
"269" 12.15 44.4 0.930949061148567 0.295408722013235 NA NA 6.69780909083783 8.54445907752961 2.43604805145879 0.399127788841723 NA NA NA NA NA NA 5.06981257349253 7.48144149547442 4.23725479049609 1.97776382847223 1.19369907479268 1.84559077606536 1.87004796462134 6.51885221013799 3.11266060452908 5.6120542343706
"270" 12.15 44.5 1.66941487332224 0.664766191039234 NA NA 5.95494448207318 8.50583526771515 2.52826237119734 5.17989713698627 NA NA NA NA NA NA 3.87068774434737 6.1216687085107 3.92772792256436 2.35327314294409 1.52371812437195 1.51449890181539 1.79837933974341 6.31908138748258 3.41864695656113 5.58201349340378
"271" 12.15 44.6 1.97411378467223 0.985558803949971 0.201280861801934 NA 5.5293673183769 8.06498739402742 2.48743914999068 1.64806832035538 NA NA NA NA NA NA 3.5890200175345 6.11190557247028 3.25320605188608 2.58233379281591 1.26729889016133 0.986211014242144 1.8709062715061 5.01981928828173 3.29590907203965 5.21755493246019
"272" 12.15 44.7 2.60904631577432 1.52371722069802 0.302847538841888 NA 4.55661955056713 7.88313362281769 3.46934217377566 1.29855767881963 NA NA NA NA NA NA 2.88492228719406 6.03369235759602 2.95226220041514 2.95827220834326 1.68035907845478 0.969903183431597 1.62736169295386 4.21172335627488 3.0948506842833 4.19724262319504
"273" 12.15 44.8 2.73049673996866 1.94836453883909 0.802382128313184 NA 4.03662862954662 7.83249351661653 4.37195909908042 1.17410315433517 NA NA NA NA NA NA 1.31779690564144 5.09470462566241 2.68350490950979 2.25027634296566 1.54624862771016 0.738160311448154 1.38210050063208 3.0755396175664 2.1635877143126 3.87119324295782
"274" 12.15 44.9 3.90272931545041 2.4811585637508 2.01459762174636 NA 1.88614083726861 7.07171175163239 5.27323497226462 1.71453386574285 0.126607874699403 NA NA NA NA NA 1.6007513506338 4.97443437343463 2.57879146956839 2.41582217859105 2.00351160747232 0.745744617597665 1.70739880995825 2.53480630635749 1.67521109688096 3.51124079315923
"275" 12.15 45 4.08426127396524 2.68200234859251 2.23003264982253 NA 2.45584291114938 6.07221338432282 4.01914132526145 1.6465667024022 1.19434167863801 NA NA NA NA NA 0.523360952502116 3.5968518233858 1.97969323780853 1.38660498778336 1.89836904028198 0.476522358076182 1.56449068745133 1.98570447682869 1.3595687400084 2.54789865575731
"276" 12.25 44 NA NA NA NA 5.88338325032964 7.82873842399567 2.41085363086313 NA NA NA NA NA NA NA 0.349339938838966 3.86185410025064 1.07782731793122 0.596104346914217 0.52572090353351 3.13112001749686 3.48194834659808 8.78263672348112 6.19484041817487 7.55182779394091
"277" 12.25 44.1 NA NA NA 1.10336816869676 6.37315461644903 7.27137549547478 2.54516028799117 NA NA NA NA NA NA NA 1.96810859633842 5.83681811112911 2.04149133351166 0.997791968984531 0.651320395991206 2.94465284678154 3.17531815962866 7.07095811376347 5.37258252734318 7.52350366674365
"278" 12.25 44.2 NA NA NA NA 6.84565245173871 6.31189558189362 3.49042433663271 NA NA NA NA NA NA NA 3.20707458449761 6.42872810130938 2.89164427667856 1.06398888747208 0.857314030872658 2.53524041036144 2.46700035058894 7.03877171035856 5.12667755247094 7.03866756521165
"279" 12.25 44.3 0.524863186001313 0.19613102049334 NA NA 6.78642927668989 7.00175974052399 2.94593595899641 0.311795063316822 NA NA NA NA NA NA 3.12381881667534 6.78277969127521 3.7273132649716 1.29262035770807 1.15972415660508 1.75182072271127 2.55991207086481 7.2874661302194 4.6503173361998 7.00969970785081
"280" 12.25 44.4 0.791796273551881 0.488814283744432 NA NA 5.9318774845451 8.10457669431344 2.66730811272282 0.270271193585359 NA NA NA NA NA NA 6.05836752802133 7.0203161216341 3.38130835443735 1.87659090443049 1.31450576882344 1.77284927412984 2.20199815230444 6.17617318639531 3.42980494606308 5.606904393062
"281" 12.25 44.5 1.14413103365223 0.605543609708548 NA NA 6.67692348361015 8.15328571479767 2.58163830440026 2.04986323078629 NA NA NA NA NA NA 1.94164295098744 6.50479554897173 3.30320242792368 2.16358732141089 1.19584484200459 1.15401001021382 2.17946759657934 5.35863598342984 3.93019785988145 5.57461059652269
"282" 12.25 44.6 1.54603319970192 0.731070799520239 0.201280861801934 NA 5.26486574672162 8.11991903465241 2.25290679372847 2.25886098342016 NA NA NA NA NA NA 2.50340478960425 6.00805033463985 3.23410872370005 2.19716860447079 1.28382129769307 1.04500503584859 1.74709550337866 4.56083968165331 3.00150981056504 4.88002575002611
"283" 12.25 44.7 2.20263797964435 1.4286597201135 0.340326590230688 NA 4.66118993936107 7.81532737892122 1.93624517123681 1.60368577635381 NA NA NA NA NA NA 2.0232546958141 5.50186395412311 2.92404541396536 2.30670996825211 1.41127987008076 0.749747467489215 1.54775372939184 4.03190806391649 2.66376599902287 4.84955585561693
"284" 12.25 44.8 2.95397839508951 1.9105990359094 0.963457336183637 NA 3.43524160562083 7.78635952156037 3.57861536904238 0.951123535924126 NA NA NA NA NA NA 1.23726016608998 5.48394690267742 2.43835100554861 2.73200102965347 2.51985443173908 0.605122744309483 1.38124216755386 2.83306794881355 2.71440610522404 4.4930366333574
"285" 12.25 44.9 3.50404581986367 2.58479914627969 1.71132915420458 NA 2.43560015223921 7.04789373558014 5.26931894710287 1.71887901815353 0.346978154266253 NA NA NA NA NA 0.548039776913356 4.95093822246418 1.9667113723699 2.17227760003879 1.71790999156656 0.523729236738291 1.57479037006851 2.65239434957038 1.82777514564805 3.19334543310106
"286" 12.25 45 3.73643240891397 2.34769184316974 2.73729201871902 NA 2.38760748761705 5.82223160890861 4.57999123027549 1.43976836116053 1.62564088823274 NA NA NA NA NA 0.170599311240949 3.49138736492023 1.73915272025624 1.32942027848912 1.64774342993041 0.457931056735106 1.18082750996109 1.99300005915575 1.3310300098965 2.4731186684221
