16770	2015	12	1	2	0	0	-99.9
16770	2015	12	1	3	0	0	-99.9
16770	2015	12	1	6	0	0	-99.9
16770	2015	12	1	7	0	0	-99.9
16770	2015	12	1	8	0	0	-99.9
16771	2015	12	1	19	0	0	-99.9
16771	2015	12	1	20	0	0	-99.9
16771	2015	12	1	21	0	0	-99.9
16771	2015	12	1	23	0	0	-99.9
16771	2015	12	2	2	0	0	-99.9
16771	2015	12	2	4	0	0	-99.9
16771	2015	12	2	5	0	0	-99.9
16771	2015	12	2	6	0	0	-99.9
16771	2015	12	2	7	0	0	-99.9
16771	2015	12	2	8	0	0	-99.9
16771	2015	12	2	9	0	0	-99.9
16772	2015	12	2	19	0	0	-99.9
16772	2015	12	2	20	0	0	-99.9
16772	2015	12	2	21	0	0	-99.9
16772	2015	12	2	22	0	0	-99.9
16772	2015	12	3	0	0	0	-99.9
16772	2015	12	3	2	0	0	-99.9
16773	2015	12	3	17	0	0	-99.9
16773	2015	12	3	19	0	0	-99.9
16773	2015	12	4	2	0	0	-99.9
16773	2015	12	4	3	0	0	-99.9
16774	2015	12	4	19	0	0	-99.9
16775	2015	12	6	3	0	0	-99.9
16775	2015	12	6	4	0	0	-99.9
16776	2015	12	6	16	0	0	-99.9
16776	2015	12	6	20	0	0	-99.9
16776	2015	12	6	22	0	0	-99.9
16776	2015	12	7	2	0	0	-99.9
16776	2015	12	7	3	0	0	-99.9
16776	2015	12	7	4	0	0	-99.9
16778	2015	12	8	17	0	0	-99.9
16778	2015	12	8	18	0	0	-99.9
16778	2015	12	8	19	0	0	-99.9
16778	2015	12	9	0	0	0	-99.9
16778	2015	12	9	1	0	0	-99.9
16778	2015	12	9	5	0	0	-99.9
16780	2015	12	11	9	0	0	-99.9
16780	2015	12	11	10	0	0	-99.9
16781	2015	12	11	17	0	0	-99.9
16781	2015	12	11	18	0	0	-99.9
16781	2015	12	11	19	0	0	-99.9
16781	2015	12	11	20	0	0	-99.9
16781	2015	12	12	0	0	0	-99.9
16781	2015	12	12	1	0	0	-99.9
16781	2015	12	12	2	0	0	-99.9
16781	2015	12	12	10	0	0	-99.9
16782	2015	12	12	18	0	0	-99.9
16782	2015	12	12	20	0	0	-99.9
16782	2015	12	13	0	0	0	-99.9
16782	2015	12	13	1	0	0	-99.9
16782	2015	12	13	3	0	0	-99.9
16782	2015	12	13	4	0	0	-99.9
16782	2015	12	13	5	0	0	-99.9
16782	2015	12	13	6	0	0	-99.9
16782	2015	12	13	7	0	0	-99.9
16782	2015	12	13	8	0	0	-99.9
16783	2015	12	13	17	0	0	-99.9
16783	2015	12	13	23	0	0	-99.9
16783	2015	12	14	1	0	0	-99.9
16783	2015	12	14	3	0	0	-99.9
16783	2015	12	14	4	0	0	-99.9
16783	2015	12	14	5	0	0	-99.9
16784	2015	12	14	22	0	0	-99.9
16784	2015	12	14	23	0	0	-99.9
16784	2015	12	15	0	0	0	-99.9
16784	2015	12	15	1	0	0	-99.9
16784	2015	12	15	5	0	0	-99.9
16784	2015	12	15	6	0	0	-99.9
16784	2015	12	15	8	0	0	-99.9
16784	2015	12	15	9	0	0	-99.9
16785	2015	12	15	17	0	0	-99.9
16785	2015	12	15	21	0	0	-99.9
16785	2015	12	15	23	0	0	-99.9
16785	2015	12	16	2	0	0	-99.9
16785	2015	12	16	3	0	0	-99.9
16785	2015	12	16	4	0	0	-99.9
16785	2015	12	16	5	0	0	-99.9
16785	2015	12	16	6	0	0	-99.9
16785	2015	12	16	7	0	0	-99.9
16785	2015	12	16	8	0	0	-99.9
16786	2015	12	16	17	0	0	-99.9
16786	2015	12	16	18	0	0	-99.9
16786	2015	12	16	19	0	0	-99.9
16786	2015	12	16	20	0	0	-99.9
16786	2015	12	16	21	0	0	-99.9
16786	2015	12	16	22	0	0	-99.9
16786	2015	12	16	23	0	0	-99.9
16786	2015	12	17	1	0	0	-99.9
16786	2015	12	17	2	0	0	-99.9
16786	2015	12	17	4	0	0	-99.9
16786	2015	12	17	5	0	0	-99.9
16786	2015	12	17	7	0	0	-99.9
16787	2015	12	17	17	0	0	-99.9
16787	2015	12	17	18	0	0	-99.9
16787	2015	12	17	19	0	0	-99.9
16787	2015	12	17	20	0	0	-99.9
16787	2015	12	17	21	0	0	-99.9
16787	2015	12	17	22	0	0	-99.9
16787	2015	12	17	23	0	0	-99.9
16787	2015	12	18	0	0	0	-99.9
16787	2015	12	18	5	0	0	-99.9
16787	2015	12	18	6	0	0	-99.9
16787	2015	12	18	7	0	0	-99.9
16787	2015	12	18	8	0	0	-99.9
16787	2015	12	18	10	0	0	-99.9
16788	2015	12	18	17	0	0	-99.9
16788	2015	12	18	18	0	0	-99.9
16788	2015	12	18	19	0	0	-99.9
16788	2015	12	18	20	0	0	-99.9
16788	2015	12	18	21	0	0	-99.9
16788	2015	12	18	22	0	0	-99.9
16788	2015	12	18	23	0	0	-99.9
16788	2015	12	19	0	0	0	-99.9
16788	2015	12	19	2	0	0	-99.9
16788	2015	12	19	3	0	0	-99.9
16788	2015	12	19	4	0	0	-99.9
16788	2015	12	19	5	0	0	-99.9
16788	2015	12	19	6	0	0	-99.9
16788	2015	12	19	9	0	0	-99.9
16789	2015	12	19	18	0	0	-99.9
16789	2015	12	19	19	0	0	-99.9
16789	2015	12	19	20	0	0	-99.9
16789	2015	12	19	21	0	0	-99.9
16789	2015	12	19	23	0	0	-99.9
16789	2015	12	20	1	0	0	-99.9
16789	2015	12	20	2	0	0	-99.9
16789	2015	12	20	3	0	0	-99.9
16789	2015	12	20	4	0	0	-99.9
16790	2015	12	20	16	0	0	-99.9
16790	2015	12	20	17	0	0	-99.9
16790	2015	12	20	18	0	0	-99.9
16790	2015	12	20	19	0	0	-99.9
16790	2015	12	20	20	0	0	-99.9
16790	2015	12	20	21	0	0	-99.9
16790	2015	12	20	23	0	0	-99.9
16790	2015	12	21	0	0	0	-99.9
16790	2015	12	21	1	0	0	-99.9
16790	2015	12	21	3	0	0	-99.9
16790	2015	12	21	4	0	0	-99.9
16791	2015	12	22	5	0	0	-99.9
16791	2015	12	22	9	0	0	-99.9
16792	2015	12	22	20	0	0	-99.9
16792	2015	12	22	22	0	0	-99.9
16792	2015	12	22	23	0	0	-99.9
16792	2015	12	23	0	0	0	-99.9
16792	2015	12	23	1	0	0	-99.9
16792	2015	12	23	8	0	0	-99.9
16792	2015	12	23	9	0	0	-99.9
16793	2015	12	24	5	0	0	-99.9
16796	2015	12	27	3	0	0	-99.9
16796	2015	12	27	6	0	0	-99.9
16796	2015	12	27	10	0	0	-99.9
16798	2015	12	28	17	0	0	-99.9
16798	2015	12	28	18	0	0	-99.9
16798	2015	12	29	1	0	0	-99.9
16798	2015	12	29	4	0	0	-99.9
16798	2015	12	29	5	0	0	-99.9
16798	2015	12	29	8	0	0	-99.9
16799	2015	12	29	18	0	0	-99.9
16799	2015	12	29	21	0	0	-99.9
16799	2015	12	29	22	0	0	-99.9
16799	2015	12	30	0	0	0	-99.9
16799	2015	12	30	2	0	0	-99.9
16800	2015	12	30	19	0	0	-99.9
16800	2015	12	30	20	0	0	-99.9
16800	2015	12	30	21	0	0	-99.9
16800	2015	12	30	22	0	0	-99.9
16800	2015	12	31	7	0	0	-99.9
16800	2015	12	31	8	0	0	-99.9
16800	2015	12	31	9	0	0	-99.9
16801	2016	1	1	1	0	0	-99.9
16801	2016	1	1	2	0	0	-99.9
16801	2016	1	1	3	0	0	-99.9
16801	2016	1	1	4	0	0	-99.9
16801	2016	1	1	6	0	0	-99.9
16801	2016	1	1	7	0	0	-99.9
16801	2016	1	1	8	0	0	-99.9
16801	2016	1	1	9	0	0	-99.9
16801	2016	1	1	10	0	0	-99.9
16804	2016	1	3	16	0	0	-99.9
16805	2016	1	5	8	0	0	-99.9
16807	2016	1	7	0	0	0	-99.9
16807	2016	1	7	9	0	0	-99.9
16807	2016	1	7	10	0	0	-99.9
16808	2016	1	7	17	0	0	-99.9
16808	2016	1	7	18	0	0	-99.9
16808	2016	1	7	19	0	0	-99.9
16808	2016	1	8	6	0	0	-99.9
16808	2016	1	8	7	0	0	-99.9
16808	2016	1	8	8	0	0	-99.9
16809	2016	1	8	17	0	0	-99.9
16810	2016	1	9	20	0	0	-99.9
16810	2016	1	10	8	0	0	-99.9
16810	2016	1	10	9	0	0	-99.9
16811	2016	1	10	22	0	0	-99.9
16812	2016	1	12	2	0	0	-99.9
16812	2016	1	12	5	0	0	-99.9
16814	2016	1	13	20	0	0	-99.9
16814	2016	1	13	21	0	0	-99.9
16814	2016	1	13	22	0	0	-99.9
16814	2016	1	14	6	0	0	-99.9
16814	2016	1	14	7	0	0	-99.9
16814	2016	1	14	8	0	0	-99.9
16814	2016	1	14	9	0	0	-99.9
16814	2016	1	14	10	0	0	-99.9
16814	2016	1	14	11	0	0	-99.9
16814	2016	1	14	12	0	0	-99.9
16815	2016	1	14	13	0	0	-99.9
16816	2016	1	15	19	0	0	-99.9
16816	2016	1	15	20	0	0	-99.9
16816	2016	1	15	21	0	0	-99.9
16816	2016	1	15	22	0	0	-99.9
16816	2016	1	15	23	0	0	-99.9
16816	2016	1	16	0	0	0	-99.9
16817	2016	1	16	20	0	0	-99.9
16817	2016	1	16	21	0	0	-99.9
16817	2016	1	16	22	0	0	-99.9
16817	2016	1	17	1	0	0	-99.9
16818	2016	1	17	22	0	0	-99.9
16818	2016	1	18	2	0	0	-99.9
16818	2016	1	18	6	0	0	-99.9
16819	2016	1	18	21	0	0	-99.9
16819	2016	1	18	22	0	0	-99.9
16819	2016	1	18	23	0	0	-99.9
16819	2016	1	19	1	0	0	-99.9
16819	2016	1	19	2	0	0	-99.9
16819	2016	1	19	3	0	0	-99.9
16819	2016	1	19	4	0	0	-99.9
16819	2016	1	19	5	0	0	-99.9
16819	2016	1	19	6	0	0	-99.9
16820	2016	1	19	14	0	0	-99.9
16820	2016	1	19	16	0	0	-99.9
16820	2016	1	19	18	0	0	-99.9
16820	2016	1	19	19	0	0	-99.9
16820	2016	1	19	20	0	0	-99.9
16820	2016	1	19	21	0	0	-99.9
16820	2016	1	19	23	0	0	-99.9
16820	2016	1	20	0	0	0	-99.9
16820	2016	1	20	1	0	0	-99.9
16820	2016	1	20	2	0	0	-99.9
16820	2016	1	20	3	0	0	-99.9
16820	2016	1	20	4	0	0	-99.9
16820	2016	1	20	5	0	0	-99.9
16820	2016	1	20	6	0	0	-99.9
16820	2016	1	20	8	0	0	-99.9
16821	2016	1	20	18	0	0	-99.9
16821	2016	1	20	19	0	0	-99.9
16821	2016	1	20	20	0	0	-99.9
16821	2016	1	20	21	0	0	-99.9
16821	2016	1	20	22	0	0	-99.9
16821	2016	1	20	23	0	0	-99.9
16821	2016	1	21	0	0	0	-99.9
16821	2016	1	21	1	0	0	-99.9
16821	2016	1	21	2	0	0	-99.9
16821	2016	1	21	5	0	0	-99.9
16821	2016	1	21	6	0	0	-99.9
16821	2016	1	21	7	0	0	-99.9
16821	2016	1	21	8	0	0	-99.9
16821	2016	1	21	9	0	0	-99.9
16821	2016	1	21	10	0	0	-99.9
16822	2016	1	21	18	0	0	-99.9
16822	2016	1	21	20	0	0	-99.9
16822	2016	1	21	21	0	0	-99.9
16822	2016	1	21	22	0	0	-99.9
16822	2016	1	21	23	0	0	-99.9
16822	2016	1	22	0	0	0	-99.9
16822	2016	1	22	1	0	0	-99.9
16822	2016	1	22	2	0	0	-99.9
16823	2016	1	22	18	0	0	-99.9
16823	2016	1	22	19	0	0	-99.9
16823	2016	1	22	20	0	0	-99.9
16823	2016	1	22	21	0	0	-99.9
16823	2016	1	22	22	0	0	-99.9
16823	2016	1	23	0	0	0	-99.9
16823	2016	1	23	2	0	0	-99.9
16824	2016	1	23	17	0	0	-99.9
16824	2016	1	23	18	0	0	-99.9
16824	2016	1	23	19	0	0	-99.9
16824	2016	1	23	20	0	0	-99.9
16824	2016	1	23	21	0	0	-99.9
16824	2016	1	23	22	0	0	-99.9
16824	2016	1	24	0	0	0	-99.9
16824	2016	1	24	1	0	0	-99.9
16824	2016	1	24	3	0	0	-99.9
16824	2016	1	24	4	0	0	-99.9
16824	2016	1	24	5	0	0	-99.9
16824	2016	1	24	6	0	0	-99.9
16824	2016	1	24	7	0	0	-99.9
16824	2016	1	24	8	0	0	-99.9
16824	2016	1	24	9	0	0	-99.9
16825	2016	1	24	19	0	0	-99.9
16825	2016	1	24	20	0	0	-99.9
16825	2016	1	24	21	0	0	-99.9
16825	2016	1	24	22	0	0	-99.9
16825	2016	1	24	23	0	0	-99.9
16825	2016	1	25	0	0	0	-99.9
16825	2016	1	25	1	0	0	-99.9
16825	2016	1	25	4	0	0	-99.9
16825	2016	1	25	5	0	0	-99.9
16825	2016	1	25	6	0	0	-99.9
16825	2016	1	25	9	0	0	-99.9
16825	2016	1	25	10	0	0	-99.9
16826	2016	1	25	18	0	0	-99.9
16826	2016	1	25	19	0	0	-99.9
16826	2016	1	25	20	0	0	-99.9
16826	2016	1	25	22	0	0	-99.9
16826	2016	1	26	0	0	0	-99.9
16826	2016	1	26	1	0	0	-99.9
16826	2016	1	26	4	0	0	-99.9
16826	2016	1	26	7	0	0	-99.9
16826	2016	1	26	8	0	0	-99.9
16826	2016	1	26	9	0	0	-99.9
16826	2016	1	26	10	0	0	-99.9
16827	2016	1	26	18	0	0	-99.9
16827	2016	1	26	20	0	0	-99.9
16827	2016	1	26	22	0	0	-99.9
16827	2016	1	26	23	0	0	-99.9
16827	2016	1	27	0	0	0	-99.9
16827	2016	1	27	1	0	0	-99.9
16827	2016	1	27	2	0	0	-99.9
16827	2016	1	27	3	0	0	-99.9
16827	2016	1	27	4	0	0	-99.9
16827	2016	1	27	5	0	0	-99.9
16827	2016	1	27	6	0	0	-99.9
16827	2016	1	27	7	0	0	-99.9
16827	2016	1	27	8	0	0	-99.9
16827	2016	1	27	9	0	0	-99.9
16828	2016	1	27	20	0	0	-99.9
16828	2016	1	27	21	0	0	-99.9
16828	2016	1	27	22	0	0	-99.9
16828	2016	1	27	23	0	0	-99.9
16828	2016	1	28	0	0	0	-99.9
16828	2016	1	28	1	0	0	-99.9
16828	2016	1	28	5	0	0	-99.9
16828	2016	1	28	6	0	0	-99.9
16828	2016	1	28	7	0	0	-99.9
16828	2016	1	28	8	0	0	-99.9
16828	2016	1	28	9	0	0	-99.9
16829	2016	1	28	18	0	0	-99.9
16829	2016	1	28	19	0	0	-99.9
16829	2016	1	28	20	0	0	-99.9
16829	2016	1	28	21	0	0	-99.9
16829	2016	1	28	22	0	0	-99.9
16829	2016	1	28	23	0	0	-99.9
16829	2016	1	29	0	0	0	-99.9
16829	2016	1	29	1	0	0	-99.9
16829	2016	1	29	2	0	0	-99.9
16829	2016	1	29	3	0	0	-99.9
16829	2016	1	29	4	0	0	-99.9
16829	2016	1	29	5	0	0	-99.9
16829	2016	1	29	7	0	0	-99.9
16829	2016	1	29	8	0	0	-99.9
16830	2016	1	29	17	0	0	-99.9
16830	2016	1	29	18	0	0	-99.9
16830	2016	1	29	20	0	0	-99.9
16830	2016	1	30	4	0	0	-99.9
16830	2016	1	30	5	0	0	-99.9
16830	2016	1	30	6	0	0	-99.9
16830	2016	1	30	7	0	0	-99.9
16830	2016	1	30	8	0	0	-99.9
16831	2016	1	30	20	0	0	-99.9
16831	2016	1	30	21	0	0	-99.9
16831	2016	1	30	23	0	0	-99.9
16831	2016	1	31	3	0	0	-99.9
16831	2016	1	31	6	0	0	-99.9
16831	2016	1	31	7	0	0	-99.9
16831	2016	1	31	8	0	0	-99.9
16831	2016	1	31	9	0	0	-99.9
16832	2016	1	31	18	0	0	-99.9
16832	2016	1	31	19	0	0	-99.9
16832	2016	2	1	5	0	0	-99.9
16832	2016	2	1	6	0	0	-99.9
16832	2016	2	1	7	0	0	-99.9
16833	2016	2	1	19	0	0	-99.9
16833	2016	2	1	21	0	0	-99.9
16833	2016	2	2	4	0	0	-99.9
16834	2016	2	2	17	0	0	-99.9
16834	2016	2	2	18	0	0	-99.9
16834	2016	2	2	19	0	0	-99.9
16834	2016	2	2	20	0	0	-99.9
16834	2016	2	2	21	0	0	-99.9
16834	2016	2	2	22	0	0	-99.9
16834	2016	2	2	23	0	0	-99.9
16834	2016	2	3	0	0	0	-99.9
16834	2016	2	3	1	0	0	-99.9
16834	2016	2	3	2	0	0	-99.9
16834	2016	2	3	3	0	0	-99.9
16834	2016	2	3	4	0	0	-99.9
16834	2016	2	3	5	0	0	-99.9
16834	2016	2	3	6	0	0	-99.9
16834	2016	2	3	7	0	0	-99.9
16834	2016	2	3	8	0	0	-99.9
16834	2016	2	3	9	0	0	-99.9
16834	2016	2	3	10	0	0	-99.9
16834	2016	2	3	11	0	0	-99.9
16834	2016	2	3	12	0	0	-99.9
16835	2016	2	3	13	0	0	-99.9
16835	2016	2	3	14	0	0	-99.9
16835	2016	2	4	0	0	0	-99.9
16835	2016	2	4	1	0	0	-99.9
16835	2016	2	4	4	0	0	-99.9
16836	2016	2	4	18	0	0	-99.9
16836	2016	2	4	19	0	0	-99.9
16836	2016	2	4	20	0	0	-99.9
16836	2016	2	4	21	0	0	-99.9
16836	2016	2	5	5	0	0	-99.9
16836	2016	2	5	6	0	0	-99.9
16836	2016	2	5	7	0	0	-99.9
16836	2016	2	5	8	0	0	-99.9
16836	2016	2	5	9	0	0	-99.9
16836	2016	2	5	10	0	0	-99.9
16837	2016	2	5	18	0	0	-99.9
16837	2016	2	5	21	0	0	-99.9
16838	2016	2	6	16	0	0	-99.9
16838	2016	2	6	18	0	0	-99.9
16838	2016	2	6	19	0	0	-99.9
16838	2016	2	6	20	0	0	-99.9
16838	2016	2	6	21	0	0	-99.9
16838	2016	2	6	22	0	0	-99.9
16838	2016	2	6	23	0	0	-99.9
16838	2016	2	7	1	0	0	-99.9
16838	2016	2	7	2	0	0	-99.9
16840	2016	2	8	17	0	0	-99.9
16840	2016	2	8	18	0	0	-99.9
16840	2016	2	8	19	0	0	-99.9
16840	2016	2	8	21	0	0	-99.9
16840	2016	2	8	22	0	0	-99.9
16840	2016	2	8	23	0	0	-99.9
16840	2016	2	9	0	0	0	-99.9
16840	2016	2	9	1	0	0	-99.9
16840	2016	2	9	2	0	0	-99.9
16840	2016	2	9	3	0	0	-99.9
16840	2016	2	9	4	0	0	-99.9
16840	2016	2	9	5	0	0	-99.9
16840	2016	2	9	9	0	0	-99.9
16841	2016	2	9	21	0	0	-99.9
16842	2016	2	11	4	0	0	-99.9
16843	2016	2	11	17	0	0	-99.9
16843	2016	2	11	18	0	0	-99.9
16843	2016	2	11	19	0	0	-99.9
16843	2016	2	11	20	0	0	-99.9
16843	2016	2	11	21	0	0	-99.9
16843	2016	2	11	22	0	0	-99.9
16843	2016	2	11	23	0	0	-99.9
16843	2016	2	12	0	0	0	-99.9
16843	2016	2	12	1	0	0	-99.9
16843	2016	2	12	2	0	0	-99.9
16843	2016	2	12	4	0	0	-99.9
16845	2016	2	14	2	0	0	-99.9
16845	2016	2	14	3	0	0	-99.9
16845	2016	2	14	4	0	0	-99.9
16846	2016	2	14	20	0	0	-99.9
16849	2016	2	17	20	0	0	-99.9
16850	2016	2	19	1	0	0	-99.9
16850	2016	2	19	4	0	0	-99.9
16850	2016	2	19	5	0	0	-99.9
16850	2016	2	19	6	0	0	-99.9
16850	2016	2	19	7	0	0	-99.9
16850	2016	2	19	9	0	0	-99.9
16851	2016	2	20	2	0	0	-99.9
16851	2016	2	20	3	0	0	-99.9
16852	2016	2	20	16	0	0	-99.9
16852	2016	2	20	19	0	0	-99.9
16852	2016	2	20	20	0	0	-99.9
16852	2016	2	20	21	0	0	-99.9
16852	2016	2	20	22	0	0	-99.9
16852	2016	2	21	2	0	0	-99.9
16852	2016	2	21	4	0	0	-99.9
16852	2016	2	21	5	0	0	-99.9
16852	2016	2	21	6	0	0	-99.9
16852	2016	2	21	7	0	0	-99.9
16852	2016	2	21	8	0	0	-99.9
16852	2016	2	21	9	0	0	-99.9
16853	2016	2	21	19	0	0	-99.9
16853	2016	2	21	22	0	0	-99.9
16853	2016	2	21	23	0	0	-99.9
16853	2016	2	22	7	0	0	-99.9
16853	2016	2	22	9	0	0	-99.9
16854	2016	2	23	7	0	0	-99.9
16855	2016	2	23	18	0	0	-99.9
16855	2016	2	23	19	0	0	-99.9
16855	2016	2	23	20	0	0	-99.9
16855	2016	2	23	21	0	0	-99.9
16855	2016	2	24	0	0	0	-99.9
16855	2016	2	24	2	0	0	-99.9
16855	2016	2	24	3	0	0	-99.9
16855	2016	2	24	4	0	0	-99.9
16855	2016	2	24	5	0	0	-99.9
16855	2016	2	24	6	0	0	-99.9
16855	2016	2	24	7	0	0	-99.9
16856	2016	2	25	2	0	0	-99.9
16857	2016	2	25	16	0	0	-99.9
16857	2016	2	25	20	0	0	-99.9
16857	2016	2	26	7	0	0	-99.9
16858	2016	2	27	3	0	0	-99.9
16858	2016	2	27	4	0	0	-99.9
16858	2016	2	27	5	0	0	-99.9
16859	2016	2	28	5	0	0	-99.9
16859	2016	2	28	11	0	0	-99.9
16860	2016	2	28	12	0	0	-99.9
16860	2016	2	28	14	0	0	-99.9
16860	2016	2	28	15	0	0	-99.9
16860	2016	2	28	16	0	0	-99.9
16861	2016	2	29	18	0	0	-99.9
16861	2016	2	29	20	0	0	-99.9
17136	2016	12	1	0	0	0	-99.9
17136	2016	12	1	1	0	0	-99.9
17136	2016	12	1	3	0	0	-99.9
17136	2016	12	1	5	0	0	-99.9
17137	2016	12	1	17	0	0	-99.9
17137	2016	12	1	18	0	0	-99.9
17137	2016	12	1	21	0	0	-99.9
17137	2016	12	1	22	0	0	-99.9
17137	2016	12	2	0	0	0	-99.9
17137	2016	12	2	1	0	0	-99.9
17137	2016	12	2	2	0	0	-99.9
17137	2016	12	2	3	0	0	-99.9
17137	2016	12	2	4	0	0	-99.9
17137	2016	12	2	5	0	0	-99.9
17137	2016	12	2	6	0	0	-99.9
17137	2016	12	2	7	0	0	-99.9
17137	2016	12	2	8	0	0	-99.9
17137	2016	12	2	9	0	0	-99.9
17137	2016	12	2	10	0	0	-99.9
17138	2016	12	2	21	0	0	-99.9
17138	2016	12	2	22	0	0	-99.9
17138	2016	12	2	23	0	0	-99.9
17138	2016	12	3	0	0	0	-99.9
17138	2016	12	3	1	0	0	-99.9
17138	2016	12	3	2	0	0	-99.9
17138	2016	12	3	3	0	0	-99.9
17138	2016	12	3	4	0	0	-99.9
17140	2016	12	5	0	0	0	-99.9
17140	2016	12	5	1	0	0	-99.9
17141	2016	12	5	16	0	0	-99.9
17141	2016	12	5	17	0	0	-99.9
17141	2016	12	5	18	0	0	-99.9
17141	2016	12	5	20	0	0	-99.9
17141	2016	12	6	0	0	0	-99.9
17141	2016	12	6	6	0	0	-99.9
17141	2016	12	6	9	0	0	-99.9
17142	2016	12	7	4	0	0	-99.9
17142	2016	12	7	6	0	0	-99.9
17142	2016	12	7	7	0	0	-99.9
17142	2016	12	7	8	0	0	-99.9
17143	2016	12	7	17	0	0	-99.9
17143	2016	12	8	3	0	0	-99.9
17143	2016	12	8	6	0	0	-99.9
17143	2016	12	8	7	0	0	-99.9
17143	2016	12	8	8	0	0	-99.9
17143	2016	12	8	9	0	0	-99.9
17144	2016	12	8	18	0	0	-99.9
17144	2016	12	8	19	0	0	-99.9
17144	2016	12	8	20	0	0	-99.9
17144	2016	12	8	21	0	0	-99.9
17144	2016	12	8	22	0	0	-99.9
17144	2016	12	9	0	0	0	-99.9
17144	2016	12	9	2	0	0	-99.9
17144	2016	12	9	4	0	0	-99.9
17144	2016	12	9	5	0	0	-99.9
17144	2016	12	9	6	0	0	-99.9
17144	2016	12	9	7	0	0	-99.9
17144	2016	12	9	9	0	0	-99.9
17144	2016	12	9	10	0	0	-99.9
17144	2016	12	9	11	0	0	-99.9
17145	2016	12	9	18	0	0	-99.9
17145	2016	12	9	19	0	0	-99.9
17145	2016	12	9	20	0	0	-99.9
17145	2016	12	9	21	0	0	-99.9
17145	2016	12	10	0	0	0	-99.9
17145	2016	12	10	1	0	0	-99.9
17145	2016	12	10	2	0	0	-99.9
17145	2016	12	10	7	0	0	-99.9
17145	2016	12	10	9	0	0	-99.9
17145	2016	12	10	10	0	0	-99.9
17146	2016	12	10	18	0	0	-99.9
17146	2016	12	10	19	0	0	-99.9
17146	2016	12	10	21	0	0	-99.9
17146	2016	12	10	22	0	0	-99.9
17146	2016	12	10	23	0	0	-99.9
17146	2016	12	11	1	0	0	-99.9
17146	2016	12	11	2	0	0	-99.9
17146	2016	12	11	3	0	0	-99.9
17146	2016	12	11	6	0	0	-99.9
17146	2016	12	11	7	0	0	-99.9
17147	2016	12	11	20	0	0	-99.9
17147	2016	12	11	21	0	0	-99.9
17148	2016	12	12	23	0	0	-99.9
17148	2016	12	13	1	0	0	-99.9
17148	2016	12	13	4	0	0	-99.9
17150	2016	12	14	22	0	0	-99.9
17151	2016	12	15	21	0	0	-99.9
17151	2016	12	16	4	0	0	-99.9
17151	2016	12	16	5	0	0	-99.9
17151	2016	12	16	9	0	0	-99.9
17152	2016	12	17	7	0	0	-99.9
17152	2016	12	17	8	0	0	-99.9
17152	2016	12	17	9	0	0	-99.9
17152	2016	12	17	10	0	0	-99.9
17153	2016	12	17	17	0	0	-99.9
17153	2016	12	17	18	0	0	-99.9
17153	2016	12	17	19	0	0	-99.9
17153	2016	12	17	20	0	0	-99.9
17153	2016	12	17	21	0	0	-99.9
17153	2016	12	17	22	0	0	-99.9
17153	2016	12	18	0	0	0	-99.9
17153	2016	12	18	1	0	0	-99.9
17153	2016	12	18	2	0	0	-99.9
17153	2016	12	18	3	0	0	-99.9
17153	2016	12	18	4	0	0	-99.9
17153	2016	12	18	5	0	0	-99.9
17153	2016	12	18	6	0	0	-99.9
17153	2016	12	18	7	0	0	-99.9
17153	2016	12	18	8	0	0	-99.9
17153	2016	12	18	9	0	0	-99.9
17154	2016	12	18	17	0	0	-99.9
17154	2016	12	18	18	0	0	-99.9
17154	2016	12	18	19	0	0	-99.9
17154	2016	12	18	22	0	0	-99.9
17154	2016	12	19	1	0	0	-99.9
17154	2016	12	19	3	0	0	-99.9
17154	2016	12	19	4	0	0	-99.9
17157	2016	12	21	22	0	0	-99.9
17157	2016	12	21	23	0	0	-99.9
17157	2016	12	22	0	0	0	-99.9
17157	2016	12	22	1	0	0	-99.9
17157	2016	12	22	2	0	0	-99.9
17157	2016	12	22	3	0	0	-99.9
17157	2016	12	22	4	0	0	-99.9
17157	2016	12	22	5	0	0	-99.9
17157	2016	12	22	6	0	0	-99.9
17157	2016	12	22	9	0	0	-99.9
17158	2016	12	22	18	0	0	-99.9
17158	2016	12	22	19	0	0	-99.9
17158	2016	12	22	20	0	0	-99.9
17158	2016	12	22	21	0	0	-99.9
17158	2016	12	22	22	0	0	-99.9
17158	2016	12	23	1	0	0	-99.9
17158	2016	12	23	2	0	0	-99.9
17158	2016	12	23	3	0	0	-99.9
17158	2016	12	23	4	0	0	-99.9
17158	2016	12	23	7	0	0	-99.9
17158	2016	12	23	8	0	0	-99.9
17158	2016	12	23	9	0	0	-99.9
17159	2016	12	23	18	0	0	-99.9
17159	2016	12	23	19	0	0	-99.9
17159	2016	12	24	1	0	0	-99.9
17159	2016	12	24	2	0	0	-99.9
17160	2016	12	24	19	0	0	-99.9
17160	2016	12	24	21	0	0	-99.9
17160	2016	12	24	22	0	0	-99.9
17160	2016	12	24	23	0	0	-99.9
17160	2016	12	25	0	0	0	-99.9
17160	2016	12	25	2	0	0	-99.9
17160	2016	12	25	3	0	0	-99.9
17160	2016	12	25	4	0	0	-99.9
17160	2016	12	25	5	0	0	-99.9
17160	2016	12	25	6	0	0	-99.9
17160	2016	12	25	7	0	0	-99.9
17160	2016	12	25	9	0	0	-99.9
17161	2016	12	25	18	0	0	-99.9
17161	2016	12	25	20	0	0	-99.9
17161	2016	12	25	21	0	0	-99.9
17161	2016	12	25	23	0	0	-99.9
17161	2016	12	26	0	0	0	-99.9
17161	2016	12	26	1	0	0	-99.9
17161	2016	12	26	2	0	0	-99.9
17161	2016	12	26	3	0	0	-99.9
17161	2016	12	26	6	0	0	-99.9
17161	2016	12	26	7	0	0	-99.9
17161	2016	12	26	8	0	0	-99.9
17161	2016	12	26	10	0	0	-99.9
17162	2016	12	26	16	0	0	-99.9
17162	2016	12	26	18	0	0	-99.9
17162	2016	12	26	20	0	0	-99.9
17162	2016	12	26	23	0	0	-99.9
17162	2016	12	27	0	0	0	-99.9
17162	2016	12	27	1	0	0	-99.9
17162	2016	12	27	3	0	0	-99.9
17162	2016	12	27	5	0	0	-99.9
17162	2016	12	27	6	0	0	-99.9
17162	2016	12	27	7	0	0	-99.9
17162	2016	12	27	8	0	0	-99.9
17162	2016	12	27	9	0	0	-99.9
17163	2016	12	27	17	0	0	-99.9
17163	2016	12	27	18	0	0	-99.9
17163	2016	12	27	20	0	0	-99.9
17163	2016	12	27	22	0	0	-99.9
17163	2016	12	27	23	0	0	-99.9
17163	2016	12	28	1	0	0	-99.9
17163	2016	12	28	2	0	0	-99.9
17163	2016	12	28	3	0	0	-99.9
17163	2016	12	28	4	0	0	-99.9
17163	2016	12	28	5	0	0	-99.9
17163	2016	12	28	6	0	0	-99.9
17164	2016	12	28	22	0	0	-99.9
17164	2016	12	28	23	0	0	-99.9
17164	2016	12	29	2	0	0	-99.9
17165	2016	12	29	18	0	0	-99.9
17165	2016	12	29	19	0	0	-99.9
17165	2016	12	29	20	0	0	-99.9
17165	2016	12	29	21	0	0	-99.9
17165	2016	12	29	22	0	0	-99.9
17165	2016	12	29	23	0	0	-99.9
17165	2016	12	30	0	0	0	-99.9
17165	2016	12	30	1	0	0	-99.9
17165	2016	12	30	2	0	0	-99.9
17165	2016	12	30	3	0	0	-99.9
17165	2016	12	30	4	0	0	-99.9
17165	2016	12	30	5	0	0	-99.9
17165	2016	12	30	6	0	0	-99.9
17165	2016	12	30	7	0	0	-99.9
17165	2016	12	30	8	0	0	-99.9
17165	2016	12	30	9	0	0	-99.9
17166	2016	12	30	18	0	0	-99.9
17166	2016	12	30	19	0	0	-99.9
17166	2016	12	30	20	0	0	-99.9
17166	2016	12	30	21	0	0	-99.9
17166	2016	12	30	22	0	0	-99.9
17166	2016	12	30	23	0	0	-99.9
17166	2016	12	31	0	0	0	-99.9
17166	2016	12	31	1	0	0	-99.9
17166	2016	12	31	2	0	0	-99.9
17166	2016	12	31	3	0	0	-99.9
17166	2016	12	31	4	0	0	-99.9
17166	2016	12	31	5	0	0	-99.9
17166	2016	12	31	6	0	0	-99.9
17166	2016	12	31	7	0	0	-99.9
17166	2016	12	31	8	0	0	-99.9
17166	2016	12	31	9	0	0	-99.9
17167	2016	12	31	19	0	0	-99.9
17167	2016	12	31	20	0	0	-99.9
17167	2016	12	31	21	0	0	-99.9
17167	2016	12	31	22	0	0	-99.9
17167	2017	1	1	0	0	0	-99.9
17167	2017	1	1	1	0	0	-99.9
17167	2017	1	1	2	0	0	-99.9
17167	2017	1	1	3	0	0	-99.9
17167	2017	1	1	4	0	0	-99.9
17167	2017	1	1	5	0	0	-99.9
17168	2017	1	1	18	0	0	-99.9
17168	2017	1	1	19	0	0	-99.9
17168	2017	1	1	20	0	0	-99.9
17168	2017	1	1	21	0	0	-99.9
17168	2017	1	1	22	0	0	-99.9
17168	2017	1	1	23	0	0	-99.9
17168	2017	1	2	0	0	0	-99.9
17168	2017	1	2	1	0	0	-99.9
17168	2017	1	2	3	0	0	-99.9
17168	2017	1	2	4	0	0	-99.9
17168	2017	1	2	5	0	0	-99.9
17168	2017	1	2	6	0	0	-99.9
17168	2017	1	2	7	0	0	-99.9
17168	2017	1	2	8	0	0	-99.9
17168	2017	1	2	9	0	0	-99.9
17169	2017	1	2	19	0	0	-99.9
17169	2017	1	2	20	0	0	-99.9
17169	2017	1	2	21	0	0	-99.9
17169	2017	1	2	22	0	0	-99.9
17169	2017	1	2	23	0	0	-99.9
17169	2017	1	3	3	0	0	-99.9
17170	2017	1	4	2	0	0	-99.9
17170	2017	1	4	9	0	0	-99.9
17171	2017	1	4	15	0	0	-99.9
17171	2017	1	4	21	0	0	-99.9
17172	2017	1	5	22	0	0	-99.9
17172	2017	1	6	0	0	0	-99.9
17172	2017	1	6	8	0	0	-99.9
17173	2017	1	6	18	0	0	-99.9
17173	2017	1	6	19	0	0	-99.9
17173	2017	1	6	20	0	0	-99.9
17173	2017	1	6	21	0	0	-99.9
17173	2017	1	6	22	0	0	-99.9
17173	2017	1	6	23	0	0	-99.9
17173	2017	1	7	0	0	0	-99.9
17173	2017	1	7	1	0	0	-99.9
17173	2017	1	7	2	0	0	-99.9
17173	2017	1	7	3	0	0	-99.9
17173	2017	1	7	4	0	0	-99.9
17173	2017	1	7	5	0	0	-99.9
17173	2017	1	7	6	0	0	-99.9
17173	2017	1	7	7	0	0	-99.9
17173	2017	1	7	8	0	0	-99.9
17173	2017	1	7	9	0	0	-99.9
17173	2017	1	7	10	0	0	-99.9
17174	2017	1	7	19	0	0	-99.9
17174	2017	1	7	20	0	0	-99.9
17174	2017	1	7	21	0	0	-99.9
17174	2017	1	7	22	0	0	-99.9
17174	2017	1	7	23	0	0	-99.9
17174	2017	1	8	0	0	0	-99.9
17174	2017	1	8	1	0	0	-99.9
17174	2017	1	8	2	0	0	-99.9
17174	2017	1	8	5	0	0	-99.9
17174	2017	1	8	6	0	0	-99.9
17174	2017	1	8	7	0	0	-99.9
17174	2017	1	8	8	0	0	-99.9
17175	2017	1	8	15	0	0	-99.9
17175	2017	1	8	17	0	0	-99.9
17175	2017	1	8	18	0	0	-99.9
17175	2017	1	8	19	0	0	-99.9
17175	2017	1	8	20	0	0	-99.9
17175	2017	1	8	21	0	0	-99.9
17175	2017	1	8	22	0	0	-99.9
17175	2017	1	8	23	0	0	-99.9
17175	2017	1	9	0	0	0	-99.9
17175	2017	1	9	1	0	0	-99.9
17176	2017	1	9	18	0	0	-99.9
17176	2017	1	9	19	0	0	-99.9
17176	2017	1	9	20	0	0	-99.9
17176	2017	1	10	0	0	0	-99.9
17176	2017	1	10	1	0	0	-99.9
17176	2017	1	10	4	0	0	-99.9
17176	2017	1	10	5	0	0	-99.9
17176	2017	1	10	6	0	0	-99.9
17177	2017	1	11	0	0	0	-99.9
17177	2017	1	11	6	0	0	-99.9
17177	2017	1	11	8	0	0	-99.9
17177	2017	1	11	9	0	0	-99.9
17178	2017	1	11	18	0	0	-99.9
17178	2017	1	11	20	0	0	-99.9
17178	2017	1	11	21	0	0	-99.9
17178	2017	1	12	3	0	0	-99.9
17178	2017	1	12	4	0	0	-99.9
17178	2017	1	12	7	0	0	-99.9
17178	2017	1	12	10	0	0	-99.9
17179	2017	1	12	23	0	0	-99.9
17180	2017	1	14	9	0	0	-99.9
17181	2017	1	14	19	0	0	-99.9
17181	2017	1	14	20	0	0	-99.9
17181	2017	1	14	21	0	0	-99.9
17181	2017	1	14	23	0	0	-99.9
17181	2017	1	15	0	0	0	-99.9
17181	2017	1	15	2	0	0	-99.9
17181	2017	1	15	4	0	0	-99.9
17186	2017	1	19	17	0	0	-99.9
17186	2017	1	19	19	0	0	-99.9
17187	2017	1	20	17	0	0	-99.9
17187	2017	1	20	18	0	0	-99.9
17187	2017	1	20	19	0	0	-99.9
17187	2017	1	20	20	0	0	-99.9
17187	2017	1	20	21	0	0	-99.9
17187	2017	1	20	22	0	0	-99.9
17187	2017	1	20	23	0	0	-99.9
17187	2017	1	21	0	0	0	-99.9
17188	2017	1	21	17	0	0	-99.9
17188	2017	1	21	18	0	0	-99.9
17188	2017	1	21	19	0	0	-99.9
17188	2017	1	21	20	0	0	-99.9
17188	2017	1	21	21	0	0	-99.9
17188	2017	1	21	23	0	0	-99.9
17188	2017	1	22	0	0	0	-99.9
17188	2017	1	22	1	0	0	-99.9
17188	2017	1	22	3	0	0	-99.9
17189	2017	1	22	18	0	0	-99.9
17189	2017	1	22	21	0	0	-99.9
17190	2017	1	23	17	0	0	-99.9
17190	2017	1	24	7	0	0	-99.9
17190	2017	1	24	8	0	0	-99.9
17191	2017	1	24	18	0	0	-99.9
17191	2017	1	24	19	0	0	-99.9
17191	2017	1	24	20	0	0	-99.9
17191	2017	1	24	21	0	0	-99.9
17192	2017	1	25	18	0	0	-99.9
17192	2017	1	25	20	0	0	-99.9
17192	2017	1	25	21	0	0	-99.9
17192	2017	1	25	22	0	0	-99.9
17192	2017	1	25	23	0	0	-99.9
17192	2017	1	26	0	0	0	-99.9
17192	2017	1	26	4	0	0	-99.9
17192	2017	1	26	5	0	0	-99.9
17192	2017	1	26	6	0	0	-99.9
17192	2017	1	26	7	0	0	-99.9
17192	2017	1	26	8	0	0	-99.9
17192	2017	1	26	9	0	0	-99.9
17193	2017	1	26	19	0	0	-99.9
17193	2017	1	26	20	0	0	-99.9
17193	2017	1	26	21	0	0	-99.9
17193	2017	1	26	22	0	0	-99.9
17193	2017	1	26	23	0	0	-99.9
17193	2017	1	27	0	0	0	-99.9
17193	2017	1	27	1	0	0	-99.9
17193	2017	1	27	2	0	0	-99.9
17193	2017	1	27	3	0	0	-99.9
17193	2017	1	27	4	0	0	-99.9
17193	2017	1	27	5	0	0	-99.9
17193	2017	1	27	6	0	0	-99.9
17193	2017	1	27	7	0	0	-99.9
17193	2017	1	27	8	0	0	-99.9
17193	2017	1	27	9	0	0	-99.9
17194	2017	1	27	18	0	0	-99.9
17194	2017	1	27	19	0	0	-99.9
17194	2017	1	27	20	0	0	-99.9
17194	2017	1	27	22	0	0	-99.9
17194	2017	1	27	23	0	0	-99.9
17194	2017	1	28	0	0	0	-99.9
17194	2017	1	28	1	0	0	-99.9
17194	2017	1	28	2	0	0	-99.9
17194	2017	1	28	3	0	0	-99.9
17194	2017	1	28	4	0	0	-99.9
17194	2017	1	28	8	0	0	-99.9
17194	2017	1	28	10	0	0	-99.9
17194	2017	1	28	11	0	0	-99.9
17195	2017	1	28	18	0	0	-99.9
17195	2017	1	28	19	0	0	-99.9
17195	2017	1	28	20	0	0	-99.9
17195	2017	1	28	21	0	0	-99.9
17195	2017	1	28	22	0	0	-99.9
17195	2017	1	28	23	0	0	-99.9
17195	2017	1	29	0	0	0	-99.9
17195	2017	1	29	1	0	0	-99.9
17195	2017	1	29	3	0	0	-99.9
17195	2017	1	29	5	0	0	-99.9
17195	2017	1	29	6	0	0	-99.9
17195	2017	1	29	7	0	0	-99.9
17195	2017	1	29	8	0	0	-99.9
17195	2017	1	29	9	0	0	-99.9
17195	2017	1	29	10	0	0	-99.9
17196	2017	1	29	18	0	0	-99.9
17196	2017	1	29	19	0	0	-99.9
17196	2017	1	29	20	0	0	-99.9
17196	2017	1	29	21	0	0	-99.9
17196	2017	1	29	23	0	0	-99.9
17196	2017	1	30	1	0	0	-99.9
17196	2017	1	30	3	0	0	-99.9
17196	2017	1	30	6	0	0	-99.9
17196	2017	1	30	7	0	0	-99.9
17197	2017	1	30	20	0	0	-99.9
17197	2017	1	30	22	0	0	-99.9
17197	2017	1	31	1	0	0	-99.9
17197	2017	1	31	2	0	0	-99.9
17197	2017	1	31	3	0	0	-99.9
17197	2017	1	31	4	0	0	-99.9
17199	2017	2	1	20	0	0	-99.9
17199	2017	2	1	21	0	0	-99.9
17199	2017	2	1	22	0	0	-99.9
17199	2017	2	1	23	0	0	-99.9
17199	2017	2	2	0	0	0	-99.9
17199	2017	2	2	1	0	0	-99.9
17199	2017	2	2	7	0	0	-99.9
17199	2017	2	2	8	0	0	-99.9
17200	2017	2	2	15	0	0	-99.9
17200	2017	2	2	16	0	0	-99.9
17200	2017	2	2	22	0	0	-99.9
17201	2017	2	3	20	0	0	-99.9
17201	2017	2	4	8	0	0	-99.9
17201	2017	2	4	9	0	0	-99.9
17202	2017	2	5	6	0	0	-99.9
17202	2017	2	5	8	0	0	-99.9
17202	2017	2	5	10	0	0	-99.9
17203	2017	2	5	20	0	0	-99.9
17204	2017	2	7	5	0	0	-99.9
17204	2017	2	7	7	0	0	-99.9
17204	2017	2	7	8	0	0	-99.9
17204	2017	2	7	9	0	0	-99.9
17204	2017	2	7	10	0	0	-99.9
17205	2017	2	7	18	0	0	-99.9
17205	2017	2	7	20	0	0	-99.9
17205	2017	2	7	22	0	0	-99.9
17205	2017	2	7	23	0	0	-99.9
17205	2017	2	8	0	0	0	-99.9
17205	2017	2	8	2	0	0	-99.9
17205	2017	2	8	3	0	0	-99.9
17205	2017	2	8	4	0	0	-99.9
17205	2017	2	8	6	0	0	-99.9
17205	2017	2	8	8	0	0	-99.9
17205	2017	2	8	9	0	0	-99.9
17206	2017	2	9	0	0	0	-99.9
17206	2017	2	9	1	0	0	-99.9
17206	2017	2	9	2	0	0	-99.9
17206	2017	2	9	3	0	0	-99.9
17207	2017	2	10	2	0	0	-99.9
17208	2017	2	10	17	0	0	-99.9
17209	2017	2	11	17	0	0	-99.9
17209	2017	2	11	18	0	0	-99.9
17209	2017	2	11	19	0	0	-99.9
17209	2017	2	11	20	0	0	-99.9
17209	2017	2	12	2	0	0	-99.9
17210	2017	2	12	17	0	0	-99.9
17210	2017	2	12	18	0	0	-99.9
17211	2017	2	13	21	0	0	-99.9
17211	2017	2	13	22	0	0	-99.9
17212	2017	2	14	19	0	0	-99.9
17212	2017	2	14	20	0	0	-99.9
17212	2017	2	14	21	0	0	-99.9
17212	2017	2	15	6	0	0	-99.9
17213	2017	2	15	19	0	0	-99.9
17213	2017	2	15	20	0	0	-99.9
17213	2017	2	15	21	0	0	-99.9
17213	2017	2	16	1	0	0	-99.9
17213	2017	2	16	3	0	0	-99.9
17213	2017	2	16	4	0	0	-99.9
17213	2017	2	16	6	0	0	-99.9
17213	2017	2	16	8	0	0	-99.9
17213	2017	2	16	9	0	0	-99.9
17214	2017	2	16	19	0	0	-99.9
17214	2017	2	17	7	0	0	-99.9
17214	2017	2	17	8	0	0	-99.9
17215	2017	2	18	3	0	0	-99.9
17215	2017	2	18	4	0	0	-99.9
17215	2017	2	18	5	0	0	-99.9
17216	2017	2	18	18	0	0	-99.9
17216	2017	2	18	20	0	0	-99.9
17216	2017	2	18	23	0	0	-99.9
17216	2017	2	19	1	0	0	-99.9
17216	2017	2	19	5	0	0	-99.9
17217	2017	2	19	18	0	0	-99.9
17217	2017	2	19	19	0	0	-99.9
17217	2017	2	19	23	0	0	-99.9
17218	2017	2	20	20	0	0	-99.9
17218	2017	2	20	21	0	0	-99.9
17218	2017	2	20	22	0	0	-99.9
17218	2017	2	20	23	0	0	-99.9
17218	2017	2	21	0	0	0	-99.9
17218	2017	2	21	1	0	0	-99.9
17218	2017	2	21	2	0	0	-99.9
17218	2017	2	21	3	0	0	-99.9
17218	2017	2	21	10	0	0	-99.9
17219	2017	2	21	19	0	0	-99.9
17219	2017	2	22	5	0	0	-99.9
17219	2017	2	22	6	0	0	-99.9
17220	2017	2	22	23	0	0	-99.9
17220	2017	2	23	0	0	0	-99.9
17220	2017	2	23	1	0	0	-99.9
17220	2017	2	23	2	0	0	-99.9
17220	2017	2	23	3	0	0	-99.9
17220	2017	2	23	4	0	0	-99.9
17220	2017	2	23	5	0	0	-99.9
17220	2017	2	23	6	0	0	-99.9
17220	2017	2	23	7	0	0	-99.9
17220	2017	2	23	8	0	0	-99.9
17220	2017	2	23	9	0	0	-99.9
17220	2017	2	23	10	0	0	-99.9
17221	2017	2	23	23	0	0	-99.9
17221	2017	2	24	1	0	0	-99.9
17221	2017	2	24	3	0	0	-99.9
17221	2017	2	24	4	0	0	-99.9
17222	2017	2	25	8	0	0	-99.9
17223	2017	2	25	19	0	0	-99.9
17223	2017	2	25	20	0	0	-99.9
17223	2017	2	25	21	0	0	-99.9
17223	2017	2	25	22	0	0	-99.9
17223	2017	2	25	23	0	0	-99.9
17223	2017	2	26	0	0	0	-99.9
17223	2017	2	26	1	0	0	-99.9
17223	2017	2	26	2	0	0	-99.9
17223	2017	2	26	3	0	0	-99.9
17223	2017	2	26	4	0	0	-99.9
17223	2017	2	26	5	0	0	-99.9
17223	2017	2	26	6	0	0	-99.9
17223	2017	2	26	7	0	0	-99.9
17223	2017	2	26	8	0	0	-99.9
17223	2017	2	26	9	0	0	-99.9
17223	2017	2	26	10	0	0	-99.9
17223	2017	2	26	11	0	0	-99.9
17224	2017	2	26	21	0	0	-99.9
17224	2017	2	26	22	0	0	-99.9
17224	2017	2	26	23	0	0	-99.9
17224	2017	2	27	0	0	0	-99.9
17224	2017	2	27	1	0	0	-99.9
17224	2017	2	27	2	0	0	-99.9
17224	2017	2	27	3	0	0	-99.9
17224	2017	2	27	4	0	0	-99.9
17224	2017	2	27	5	0	0	-99.9
17224	2017	2	27	6	0	0	-99.9
17224	2017	2	27	7	0	0	-99.9
17224	2017	2	27	8	0	0	-99.9
17224	2017	2	27	9	0	0	-99.9
17225	2017	2	27	19	0	0	-99.9
17225	2017	2	27	20	0	0	-99.9
17225	2017	2	27	21	0	0	-99.9
