99999 2016 3 1 3 270 0
99999 2016 3 1 16 112 0
99999 2016 3 1 17 22 0
99999 2016 3 1 18 112 0
99999 2016 3 1 19 112 0
99999 2016 3 1 20 112 0
99999 2016 3 2 2 112 0
99999 2016 3 2 7 315 0
99999 2016 3 2 8 292 0
99999 2016 3 2 10 135 0
99999 2016 3 2 11 45 0
99999 2016 3 2 12 0 2
99999 2016 3 2 13 112 2
99999 2016 3 2 14 112 3
99999 2016 3 2 15 112 2
99999 2016 3 2 16 112 1
99999 2016 3 2 17 112 2
99999 2016 3 2 18 180 5
99999 2016 3 2 19 180 5
99999 2016 3 2 20 180 2
99999 2016 3 2 21 202 1
99999 2016 3 2 22 158 3
99999 2016 3 2 23 135 3
99999 2016 3 3 0 112 2
99999 2016 3 3 1 135 3
99999 2016 3 3 2 270 6
99999 2016 3 3 3 248 2
99999 2016 3 3 4 270 3
99999 2016 3 3 5 270 2
99999 2016 3 3 6 270 2
99999 2016 3 3 7 270 2
99999 2016 3 3 8 315 3
99999 2016 3 3 9 315 4
99999 2016 3 3 10 315 2
99999 2016 3 3 11 0 1
99999 2016 3 3 12 338 0
99999 2016 3 3 13 0 1
99999 2016 3 3 14 0 0
99999 2016 3 3 16 0 1
99999 2016 3 3 17 0 1
99999 2016 3 3 19 112 0
99999 2016 3 3 22 112 0
99999 2016 3 4 4 225 1
99999 2016 3 4 5 225 0
99999 2016 3 4 6 248 1
99999 2016 3 4 7 248 0
99999 2016 3 4 8 270 0
99999 2016 3 4 9 270 0
99999 2016 3 4 10 270 1
99999 2016 3 4 11 292 3
99999 2016 3 4 12 292 3
99999 2016 3 4 13 270 1
99999 2016 3 4 14 270 0
99999 2016 3 4 15 292 0
99999 2016 3 4 16 0 1
99999 2016 3 4 18 112 1
99999 2016 3 4 19 135 0
99999 2016 3 4 20 135 0
99999 2016 3 4 21 158 0
99999 2016 3 4 22 202 1
99999 2016 3 4 23 180 4
99999 2016 3 5 0 180 4
99999 2016 3 5 1 180 4
99999 2016 3 5 2 180 2
99999 2016 3 5 3 158 1
99999 2016 3 5 4 112 1
99999 2016 3 5 5 135 0
99999 2016 3 5 6 112 0
99999 2016 3 5 7 112 2
99999 2016 3 5 8 135 3
99999 2016 3 5 9 112 5
99999 2016 3 5 10 112 3
99999 2016 3 5 11 135 5
99999 2016 3 5 12 135 7
99999 2016 3 5 13 158 7
99999 2016 3 5 14 158 11
99999 2016 3 5 15 112 8
99999 2016 3 5 16 135 2
99999 2016 3 5 17 292 1
99999 2016 3 5 18 315 0
99999 2016 3 5 19 112 1
99999 2016 3 5 21 270 1
99999 2016 3 5 22 292 2
99999 2016 3 5 23 292 1
99999 2016 3 6 0 315 2
99999 2016 3 6 1 270 3
99999 2016 3 6 2 292 1
99999 2016 3 6 3 270 1
99999 2016 3 6 4 270 0
99999 2016 3 6 9 0 0
99999 2016 3 6 10 270 0
99999 2016 3 6 11 338 0
99999 2016 3 6 12 292 2
99999 2016 3 6 13 315 1
99999 2016 3 6 14 45 0
99999 2016 3 6 15 22 0
99999 2016 3 6 16 112 0
99999 2016 3 6 17 112 0
99999 2016 3 6 19 292 1
99999 2016 3 6 20 292 1
99999 2016 3 6 21 338 0
99999 2016 3 6 22 338 0
99999 2016 3 6 23 0 0
99999 2016 3 7 16 270 2
99999 2016 3 7 17 315 2
99999 2016 3 7 20 202 1
99999 2016 3 7 21 180 1
99999 2016 3 7 22 248 0
99999 2016 3 8 0 135 0
99999 2016 3 8 1 158 0
99999 2016 3 8 2 135 0
99999 2016 3 8 3 112 0
99999 2016 3 8 4 180 1
99999 2016 3 8 8 112 0
99999 2016 3 8 9 225 0
99999 2016 3 8 10 292 1
99999 2016 3 8 11 270 1
99999 2016 3 8 13 315 0
99999 2016 3 8 14 0 0
99999 2016 3 8 15 338 0
99999 2016 3 8 16 0 0
99999 2016 3 8 17 292 1
99999 2016 3 8 18 315 1
99999 2016 3 8 19 270 0
99999 2016 3 8 20 225 0
99999 2016 3 8 21 270 0
99999 2016 3 8 22 180 0
99999 2016 3 8 23 292 0
99999 2016 3 9 0 270 1
99999 2016 3 9 1 292 1
99999 2016 3 9 2 270 1
99999 2016 3 9 3 292 2
99999 2016 3 9 4 270 0
99999 2016 3 9 5 45 0
99999 2016 3 9 6 45 0
99999 2016 3 9 7 0 0
99999 2016 3 9 8 0 1
99999 2016 3 9 9 0 1
99999 2016 3 9 10 292 0
99999 2016 3 9 11 292 2
99999 2016 3 9 12 270 2
99999 2016 3 9 13 292 3
99999 2016 3 9 14 292 1
99999 2016 3 9 15 270 1
99999 2016 3 9 16 270 2
99999 2016 3 9 17 292 2
99999 2016 3 9 18 292 1
99999 2016 3 9 19 270 1
99999 2016 3 9 20 270 1
99999 2016 3 9 21 270 0
99999 2016 3 9 22 248 0
99999 2016 3 9 23 270 0
99999 2016 3 10 0 292 1
99999 2016 3 10 14 338 3
99999 2016 3 10 15 292 1
99999 2016 3 10 16 315 1
99999 2016 3 10 17 0 0
99999 2016 3 10 18 22 0
99999 2016 3 10 21 270 1
99999 2016 3 10 22 292 1
99999 2016 3 10 23 270 0
99999 2016 3 11 0 292 1
99999 2016 3 11 1 0 0
99999 2016 3 11 2 112 1
99999 2016 3 11 3 135 0
99999 2016 3 11 5 45 0
99999 2016 3 12 0 315 2
99999 2016 3 12 14 0 3
99999 2016 3 12 15 0 2
99999 2016 3 12 16 45 2
99999 2016 3 12 17 45 1
99999 2016 3 12 18 45 0
99999 2016 3 13 2 112 0
99999 2016 3 13 3 0 0
99999 2016 3 13 4 45 0
99999 2016 3 13 5 45 0
99999 2016 3 13 6 45 1
99999 2016 3 13 7 45 1
99999 2016 3 13 8 45 1
99999 2016 3 13 9 45 3
99999 2016 3 13 10 45 1
99999 2016 3 13 11 45 2
99999 2016 3 13 12 45 4
99999 2016 3 13 13 45 3
99999 2016 3 13 14 45 2
99999 2016 3 13 15 45 2
99999 2016 3 13 16 45 2
99999 2016 3 13 17 45 2
99999 2016 3 13 18 45 1
99999 2016 3 13 19 45 0
99999 2016 3 13 20 45 0
99999 2016 3 13 21 112 0
99999 2016 3 13 22 112 0
99999 2016 3 14 1 112 0
99999 2016 3 14 2 112 0
99999 2016 3 14 3 112 0
99999 2016 3 14 4 112 0
99999 2016 3 14 5 0 0
99999 2016 3 14 7 0 0
99999 2016 3 14 8 338 1
99999 2016 3 14 9 0 1
99999 2016 3 14 10 45 2
99999 2016 3 14 11 22 2
99999 2016 3 14 12 45 3
99999 2016 3 14 13 45 2
99999 2016 3 14 14 45 3
99999 2016 3 14 15 112 2
99999 2016 3 14 16 45 2
99999 2016 3 14 17 22 1
99999 2016 3 14 18 45 0
99999 2016 3 14 19 135 0
99999 2016 3 15 0 270 0
99999 2016 3 15 1 270 0
99999 2016 3 15 4 225 0
99999 2016 3 16 17 112 0
99999 2016 3 16 19 90 0
99999 2016 3 16 23 292 1
99999 2016 3 17 1 0 0
99999 2016 3 17 2 0 0
99999 2016 3 17 4 0 0
99999 2016 3 17 5 292 0
99999 2016 3 17 6 292 1
99999 2016 3 17 7 292 1
99999 2016 3 17 8 292 1
99999 2016 3 17 9 292 2
99999 2016 3 17 10 315 1
99999 2016 3 17 11 315 3
99999 2016 3 17 12 248 2
99999 2016 3 17 13 338 2
99999 2016 3 17 14 292 1
99999 2016 3 17 15 270 1
99999 2016 3 17 16 292 0
99999 2016 3 17 17 0 1
99999 2016 3 17 18 270 0
99999 2016 3 17 19 270 1
99999 2016 3 17 20 270 0
99999 2016 3 17 22 202 0
99999 2016 3 18 2 202 0
99999 2016 3 18 5 225 0
99999 2016 3 18 6 202 1
99999 2016 3 18 7 202 1
99999 2016 3 18 8 202 0
99999 2016 3 18 9 270 1
99999 2016 3 18 10 315 1
99999 2016 3 18 11 315 2
99999 2016 3 18 12 0 2
99999 2016 3 18 13 0 2
99999 2016 3 18 14 0 1
99999 2016 3 18 15 202 1
99999 2016 3 18 16 0 0
99999 2016 3 18 17 45 0
99999 2016 3 18 18 0 0
99999 2016 3 18 23 225 0
99999 2016 3 19 0 202 0
99999 2016 3 19 1 225 0
99999 2016 3 19 2 225 0
99999 2016 3 19 3 225 0
99999 2016 3 19 4 202 1
99999 2016 3 19 5 225 1
99999 2016 3 19 7 202 0
99999 2016 3 19 9 248 0
99999 2016 3 19 10 292 1
99999 2016 3 19 11 0 1
99999 2016 3 19 12 0 1
99999 2016 3 19 13 0 1
99999 2016 3 19 14 0 2
99999 2016 3 19 15 315 1
99999 2016 3 19 16 45 0
99999 2016 3 19 17 45 0
99999 2016 3 19 18 22 0
99999 2016 3 19 20 225 0
99999 2016 3 19 21 202 2
99999 2016 3 19 22 202 3
99999 2016 3 19 23 202 2
99999 2016 3 20 0 225 1
99999 2016 3 20 1 202 3
99999 2016 3 20 2 225 2
99999 2016 3 20 18 202 3
99999 2016 3 20 19 202 1
99999 2016 3 20 20 202 2
99999 2016 3 20 21 202 3
99999 2016 3 20 22 225 3
99999 2016 3 20 23 202 3
99999 2016 3 21 0 225 3
99999 2016 3 21 1 202 2
99999 2016 3 21 2 202 2
99999 2016 3 21 3 248 0
99999 2016 3 22 0 158 0
99999 2016 3 22 1 135 0
99999 2016 3 22 3 270 0
99999 2016 3 22 4 315 0
99999 2016 3 22 5 292 1
99999 2016 3 22 6 315 1
99999 2016 3 22 7 292 1
99999 2016 3 22 8 315 0
99999 2016 3 22 9 292 0
99999 2016 3 22 10 292 0
99999 2016 3 22 11 270 0
99999 2016 3 22 12 248 0
99999 2016 3 22 15 135 2
99999 2016 3 22 16 112 3
99999 2016 3 22 17 112 3
99999 2016 3 22 18 112 3
99999 2016 3 22 19 112 0
99999 2016 3 22 20 112 0
99999 2016 3 22 21 112 0
99999 2016 3 22 22 112 0
99999 2016 3 22 23 112 0
99999 2016 3 23 0 45 1
99999 2016 3 23 1 0 0
99999 2016 3 23 2 338 0
99999 2016 3 23 3 0 0
99999 2016 3 23 4 0 0
99999 2016 3 23 5 0 0
99999 2016 3 23 6 0 1
99999 2016 3 23 7 45 1
99999 2016 3 23 8 0 2
99999 2016 3 23 9 45 3
99999 2016 3 23 10 45 5
99999 2016 3 23 11 45 4
99999 2016 3 23 12 45 5
99999 2016 3 23 13 45 7
99999 2016 3 23 14 112 3
99999 2016 3 23 15 112 3
99999 2016 3 23 16 112 3
99999 2016 3 23 17 112 3
99999 2016 3 23 18 112 1
99999 2016 3 23 19 112 0
99999 2016 3 24 16 112 3
99999 2016 3 24 17 112 5
99999 2016 3 24 18 112 4
99999 2016 3 24 19 112 2
99999 2016 3 24 20 112 1
99999 2016 3 24 21 112 1
99999 2016 3 24 23 112 0
99999 2016 3 25 2 112 0
99999 2016 3 25 5 112 1
99999 2016 3 25 9 0 0
99999 2016 3 25 10 0 0
99999 2016 3 25 11 0 1
99999 2016 3 25 12 45 2
99999 2016 3 25 13 0 1
99999 2016 3 25 14 0 2
99999 2016 3 25 15 0 2
99999 2016 3 25 16 0 3
99999 2016 3 25 17 338 3
99999 2016 3 25 18 338 0
99999 2016 3 25 20 112 0
99999 2016 3 25 22 292 0
99999 2016 3 26 0 202 1
99999 2016 3 26 2 202 0
99999 2016 3 26 4 292 0
99999 2016 3 26 6 315 0
99999 2016 3 27 10 0 0
99999 2016 3 27 11 0 0
99999 2016 3 27 12 0 2
99999 2016 3 27 13 0 1
99999 2016 3 27 14 0 1
99999 2016 3 27 15 0 2
99999 2016 3 27 16 45 0
99999 2016 3 27 17 45 0
99999 2016 3 27 18 0 1
99999 2016 3 27 19 112 1
99999 2016 3 27 20 112 1
99999 2016 3 27 21 45 0
99999 2016 3 27 22 22 0
99999 2016 3 28 0 112 0
99999 2016 3 28 1 0 0
99999 2016 3 28 2 292 0
99999 2016 3 28 3 292 0
99999 2016 3 28 4 338 0
99999 2016 3 28 7 112 0
99999 2016 3 29 16 0 3
99999 2016 3 29 17 338 1
99999 2016 3 29 18 0 2
99999 2016 3 29 19 315 0
99999 2016 3 29 20 202 3
99999 2016 3 29 21 202 3
99999 2016 3 29 22 202 3
99999 2016 3 29 23 202 3
99999 2016 3 30 0 180 1
99999 2016 3 30 1 202 3
99999 2016 3 30 2 202 3
99999 2016 3 30 3 202 3
99999 2016 3 30 4 225 2
99999 2016 3 30 5 292 0
99999 2016 3 30 6 270 0
99999 2016 3 30 7 22 0
99999 2016 3 30 8 90 0
99999 2016 3 30 9 0 0
99999 2016 3 30 10 202 3
99999 2016 3 30 11 202 2
99999 2016 3 30 12 225 2
99999 2016 3 30 13 180 3
99999 2016 3 30 14 180 2
99999 2016 3 30 15 180 3
99999 2016 3 30 16 180 3
99999 2016 3 30 17 180 3
99999 2016 3 30 18 180 1
99999 2016 3 30 19 202 3
99999 2016 3 30 20 202 0
99999 2016 3 30 22 180 1
99999 2016 3 30 23 248 0
99999 2016 3 31 0 292 0
99999 2016 3 31 1 248 0
99999 2016 3 31 2 202 0
99999 2016 3 31 3 202 0
99999 2016 3 31 4 158 1
99999 2016 3 31 5 248 2
99999 2016 3 31 6 338 0
99999 2016 3 31 7 292 1
99999 2016 3 31 8 292 2
99999 2016 3 31 9 315 1
99999 2016 3 31 10 292 2
99999 2016 3 31 11 338 3
99999 2016 3 31 12 0 3
99999 2016 3 31 13 338 0
99999 2016 3 31 14 0 1
99999 2016 3 31 15 112 1
99999 2016 3 31 16 112 1
99999 2016 3 31 17 112 2
99999 2016 3 31 18 112 3
99999 2016 3 31 19 112 1
99999 2016 3 31 20 112 1
99999 2016 3 31 21 45 1
99999 2016 3 31 22 112 0
99999 2016 3 31 23 112 1
99999 2016 4 1 16 0 0
99999 2016 4 1 17 112 0
99999 2016 4 1 18 270 0
99999 2016 4 1 19 0 0
99999 2016 4 1 20 338 0
99999 2016 4 2 0 0 0
99999 2016 4 2 1 45 0
99999 2016 4 2 2 112 0
99999 2016 4 2 3 112 0
99999 2016 4 2 5 45 0
99999 2016 4 2 6 112 0
99999 2016 4 2 8 135 0
99999 2016 4 3 0 22 0
99999 2016 4 3 3 292 0
99999 2016 4 3 4 248 0
99999 2016 4 3 5 292 0
99999 2016 4 3 6 292 0
99999 2016 4 3 9 270 0
99999 2016 4 3 10 270 1
99999 2016 4 4 0 112 1
99999 2016 4 4 1 112 0
99999 2016 4 4 2 112 0
99999 2016 4 4 3 112 1
99999 2016 4 4 4 112 1
99999 2016 4 4 5 112 0
99999 2016 4 4 6 112 1
99999 2016 4 4 7 112 1
99999 2016 4 4 10 45 0
99999 2016 4 4 11 45 0
99999 2016 4 4 12 0 0
99999 2016 4 4 13 45 1
99999 2016 4 4 14 112 2
99999 2016 4 4 15 112 2
99999 2016 4 4 16 112 3
99999 2016 4 4 17 112 3
99999 2016 4 4 18 112 3
99999 2016 4 4 19 112 2
99999 2016 4 4 20 112 1
99999 2016 4 4 21 112 2
99999 2016 4 4 22 112 1
99999 2016 4 4 23 112 2
99999 2016 4 5 0 112 1
99999 2016 4 5 1 112 1
99999 2016 4 5 17 112 2
99999 2016 4 5 18 112 2
99999 2016 4 5 19 112 0
99999 2016 4 5 21 292 1
99999 2016 4 5 22 292 3
99999 2016 4 5 23 270 3
99999 2016 4 7 1 45 0
99999 2016 4 7 2 22 0
99999 2016 4 7 3 45 0
99999 2016 4 7 4 112 1
99999 2016 4 7 5 112 46
99999 2016 4 7 11 45 10
99999 2016 4 7 12 45 0
99999 2016 4 7 13 112 1
99999 2016 4 7 14 22 1
99999 2016 4 7 15 112 1
99999 2016 4 7 16 112 1
99999 2016 4 7 17 135 2
99999 2016 4 7 18 112 1
99999 2016 4 7 19 112 2
99999 2016 4 7 20 112 1
99999 2016 4 7 21 45 0
99999 2016 4 7 22 112 0
99999 2016 4 7 23 45 0
99999 2016 4 8 0 112 0
99999 2016 4 8 1 22 0
99999 2016 4 8 2 112 0
99999 2016 4 8 3 112 3
99999 2016 4 8 4 112 40
99999 2016 4 8 5 112 0
99999 2016 4 8 8 0 1
99999 2016 4 8 9 292 2
99999 2016 4 8 10 292 2
99999 2016 4 8 11 0 1
99999 2016 4 8 12 0 0
99999 2016 4 8 13 270 2
99999 2016 4 8 14 0 0
99999 2016 4 8 15 315 1
99999 2016 4 8 16 292 1
99999 2016 4 8 17 180 0
99999 2016 4 8 18 112 1
99999 2016 4 8 20 112 1
99999 2016 4 8 21 112 1
99999 2016 4 8 22 112 0
99999 2016 4 8 23 112 0
99999 2016 4 9 0 112 0
99999 2016 4 9 2 225 1
99999 2016 4 9 3 270 1
99999 2016 4 9 4 270 1
99999 2016 4 9 5 292 0
99999 2016 4 9 6 270 2
99999 2016 4 9 7 270 2
99999 2016 4 9 8 292 3
99999 2016 4 9 9 292 3
99999 2016 4 9 10 292 1
99999 2016 4 9 11 315 3
99999 2016 4 9 12 292 2
99999 2016 4 9 13 0 1
99999 2016 4 9 14 338 1
99999 2016 4 9 15 45 2
99999 2016 4 9 16 45 1
99999 2016 4 9 17 135 0
99999 2016 4 9 18 45 1
99999 2016 4 9 21 0 0
99999 2016 4 9 22 202 0
99999 2016 4 9 23 158 0
99999 2016 4 10 2 225 0
99999 2016 4 10 3 225 3
99999 2016 4 10 4 225 3
99999 2016 4 10 5 202 0
99999 2016 4 10 6 248 0
99999 2016 4 10 9 292 0
99999 2016 4 10 10 0 0
99999 2016 4 10 11 0 2
99999 2016 4 10 12 315 3
99999 2016 4 10 13 0 3
99999 2016 4 10 14 315 2
99999 2016 4 10 15 338 2
99999 2016 4 10 16 0 1
99999 2016 4 10 17 0 1
99999 2016 4 10 18 45 1
99999 2016 4 10 19 112 1
99999 2016 4 10 20 112 1
99999 2016 4 10 22 225 0
99999 2016 4 10 23 225 1
99999 2016 4 11 0 202 4
99999 2016 4 11 1 202 3
99999 2016 4 11 2 225 2
99999 2016 4 11 3 292 0
99999 2016 4 11 4 292 0
99999 2016 4 11 5 225 0
99999 2016 4 11 18 158 5
99999 2016 4 11 19 180 2
99999 2016 4 11 20 225 1
99999 2016 4 11 21 202 3
99999 2016 4 11 22 180 3
99999 2016 4 11 23 180 5
99999 2016 4 12 0 180 6
99999 2016 4 12 1 180 5
99999 2016 4 12 2 180 5
99999 2016 4 12 3 180 4
99999 2016 4 12 4 202 3
99999 2016 4 12 5 180 3
99999 2016 4 12 6 202 4
99999 2016 4 13 0 180 1
99999 2016 4 13 1 180 2
99999 2016 4 13 2 292 0
99999 2016 4 13 4 315 0
99999 2016 4 13 5 292 0
99999 2016 4 13 6 315 0
99999 2016 4 13 8 248 0
99999 2016 4 13 9 0 0
99999 2016 4 13 10 0 2
99999 2016 4 13 11 0 1
99999 2016 4 13 12 112 1
99999 2016 4 13 13 112 2
99999 2016 4 13 14 112 1
99999 2016 4 13 15 0 3
99999 2016 4 13 16 0 2
99999 2016 4 13 17 0 0
99999 2016 4 13 18 45 0
99999 2016 4 13 19 112 2
99999 2016 4 13 20 112 3
99999 2016 4 13 21 135 0
99999 2016 4 13 22 202 4
99999 2016 4 13 23 202 4
99999 2016 4 14 0 225 2
99999 2016 4 14 1 315 0
99999 2016 4 14 2 292 0
99999 2016 4 14 3 292 2
99999 2016 4 14 4 270 1
99999 2016 4 14 5 270 1
99999 2016 4 14 6 270 0
99999 2016 4 14 7 292 1
99999 2016 4 14 8 292 0
99999 2016 4 14 9 270 2
99999 2016 4 14 10 292 3
99999 2016 4 14 11 270 3
99999 2016 4 14 12 338 2
99999 2016 4 14 13 0 2
99999 2016 4 14 14 292 2
99999 2016 4 14 15 292 1
99999 2016 4 14 16 135 1
99999 2016 4 14 17 112 3
99999 2016 4 14 18 112 3
99999 2016 4 14 19 112 2
99999 2016 4 14 20 135 1
99999 2016 4 14 21 180 3
99999 2016 4 14 22 202 4
99999 2016 4 14 23 202 6
99999 2016 4 15 0 202 5
99999 2016 4 15 1 202 4
99999 2016 4 15 2 202 3
99999 2016 4 15 23 225 2
99999 2016 4 16 0 180 2
99999 2016 4 16 1 180 3
99999 2016 4 16 2 180 3
99999 2016 4 16 3 180 1
99999 2016 4 16 6 158 0
99999 2016 4 16 7 112 0
99999 2016 4 16 8 225 1
99999 2016 4 16 9 158 1
99999 2016 4 16 10 202 3
99999 2016 4 16 11 180 3
99999 2016 4 16 12 202 6
99999 2016 4 16 13 180 5
99999 2016 4 16 14 158 6
99999 2016 4 16 15 180 3
99999 2016 4 16 16 180 4
99999 2016 4 16 17 225 2
99999 2016 4 16 18 180 2
99999 2016 4 16 19 180 3
99999 2016 4 16 20 180 1
99999 2016 4 16 21 180 3
99999 2016 4 16 22 180 3
99999 2016 4 16 23 158 1
99999 2016 4 18 0 202 1
99999 2016 4 18 1 158 0
99999 2016 4 18 2 180 2
99999 2016 4 18 3 180 2
99999 2016 4 18 4 180 0
99999 2016 4 18 5 158 0
99999 2016 4 18 6 158 1
99999 2016 4 18 7 158 1
99999 2016 4 18 8 248 2
99999 2016 4 18 9 180 1
99999 2016 4 18 10 202 0
99999 2016 4 18 11 112 0
99999 2016 4 18 12 180 2
99999 2016 4 18 13 180 2
99999 2016 4 18 14 158 3
99999 2016 4 18 15 202 4
99999 2016 4 18 16 180 3
99999 2016 4 18 17 180 4
99999 2016 4 18 18 180 4
99999 2016 4 18 19 158 3
99999 2016 4 18 20 202 3
99999 2016 4 18 21 112 0
99999 2016 4 18 23 180 0
99999 2016 4 19 0 135 0
99999 2016 4 19 1 338 1
99999 2016 4 19 2 270 0
99999 2016 4 19 3 248 0
99999 2016 4 19 4 225 1
99999 2016 4 19 5 180 0
99999 2016 4 19 6 202 2
99999 2016 4 19 7 270 4
99999 2016 4 19 8 292 3
99999 2016 4 19 9 315 3
99999 2016 4 19 10 315 3
99999 2016 4 19 11 315 2
99999 2016 4 19 12 338 3
99999 2016 4 19 13 338 2
99999 2016 4 19 14 315 2
99999 2016 4 19 15 0 3
99999 2016 4 19 16 112 1
99999 2016 4 19 17 0 1
99999 2016 4 19 18 0 0
99999 2016 4 19 19 112 1
99999 2016 4 19 20 112 1
99999 2016 4 19 21 112 1
99999 2016 4 19 22 135 0
99999 2016 4 20 8 45 0
99999 2016 4 20 9 112 1
99999 2016 4 20 10 112 5
99999 2016 4 20 11 112 7
99999 2016 4 20 12 112 5
99999 2016 4 20 13 112 5
99999 2016 4 20 14 112 3
99999 2016 4 20 15 112 3
99999 2016 4 20 16 112 3
99999 2016 4 20 17 112 3
99999 2016 4 20 18 112 3
99999 2016 4 20 19 112 2
99999 2016 4 20 20 112 0
99999 2016 4 20 23 112 0
99999 2016 4 21 10 112 1
99999 2016 4 21 11 112 1
99999 2016 4 21 12 112 3
99999 2016 4 21 13 112 2
99999 2016 4 21 14 112 2
99999 2016 4 21 15 112 2
99999 2016 4 21 16 112 1
99999 2016 4 21 17 112 1
99999 2016 4 21 18 112 1
99999 2016 4 21 19 112 1
99999 2016 4 21 20 112 1
99999 2016 4 21 21 112 1
99999 2016 4 21 22 112 0
99999 2016 4 22 0 45 0
99999 2016 4 22 2 180 0
99999 2016 4 22 3 292 0
99999 2016 4 22 4 315 0
99999 2016 4 22 7 225 0
99999 2016 4 22 8 225 1
99999 2016 4 22 9 202 0
99999 2016 4 22 10 45 0
99999 2016 4 22 11 112 0
99999 2016 4 22 12 202 0
99999 2016 4 22 13 225 1
99999 2016 4 22 14 292 1
99999 2016 4 22 15 135 0
99999 2016 4 22 16 112 0
99999 2016 4 22 17 112 3
99999 2016 4 22 18 112 2
99999 2016 4 22 19 135 2
99999 2016 4 22 20 158 0
99999 2016 4 22 21 202 0
99999 2016 4 22 22 202 2
99999 2016 4 22 23 202 3
99999 2016 4 23 0 225 2
99999 2016 4 23 1 248 0
99999 2016 4 23 2 225 1
99999 2016 4 23 3 202 2
99999 2016 4 23 4 292 0
99999 2016 4 23 9 180 1
99999 2016 4 23 10 202 1
99999 2016 4 23 11 0 1
99999 2016 4 23 12 0 2
99999 2016 4 23 13 0 1
99999 2016 4 23 14 180 2
99999 2016 4 23 15 202 1
99999 2016 4 23 16 270 3
99999 2016 4 23 17 292 1
99999 2016 4 23 18 112 0
99999 2016 4 23 19 112 2
99999 2016 4 23 20 112 1
99999 2016 4 23 22 202 0
99999 2016 4 23 23 270 1
99999 2016 4 24 1 0 0
99999 2016 4 24 2 292 0
99999 2016 4 24 4 270 1
99999 2016 4 24 5 292 1
99999 2016 4 24 6 315 1
99999 2016 4 24 7 292 1
99999 2016 4 24 8 315 1
99999 2016 4 24 9 270 2
99999 2016 4 24 10 292 1
99999 2016 4 24 11 270 2
99999 2016 4 24 12 0 3
99999 2016 4 24 13 0 3
99999 2016 4 24 14 0 1
99999 2016 4 24 15 45 3
99999 2016 4 24 16 45 1
99999 2016 4 24 17 112 1
99999 2016 4 24 18 112 2
99999 2016 4 24 19 112 1
99999 2016 4 24 20 112 1
99999 2016 4 24 21 112 0
99999 2016 4 24 22 45 0
99999 2016 4 24 23 45 1
99999 2016 4 25 0 45 0
99999 2016 4 25 1 0 2
99999 2016 4 25 2 0 1
99999 2016 4 25 3 292 0
99999 2016 4 25 4 270 0
99999 2016 4 25 5 202 0
99999 2016 4 25 6 0 1
99999 2016 4 25 7 0 1
99999 2016 4 25 8 292 1
99999 2016 4 25 9 315 1
99999 2016 4 25 10 315 1
99999 2016 4 25 11 270 3
99999 2016 4 25 12 270 2
99999 2016 4 25 13 315 3
99999 2016 4 25 14 315 2
99999 2016 4 25 15 338 2
99999 2016 4 25 16 338 3
99999 2016 4 25 17 315 3
99999 2016 4 25 18 315 1
99999 2016 4 25 19 292 0
99999 2016 4 25 20 292 0
99999 2016 4 25 21 112 0
99999 2016 4 25 23 180 0
99999 2016 4 26 0 202 2
99999 2016 4 26 1 202 2
99999 2016 4 26 2 202 1
99999 2016 4 26 3 202 2
99999 2016 4 26 4 225 0
99999 2016 4 26 5 0 0
99999 2016 4 26 8 202 0
99999 2016 4 26 9 158 1
99999 2016 4 26 10 225 1
99999 2016 4 26 11 180 4
99999 2016 4 26 12 180 4
99999 2016 4 26 13 202 3
99999 2016 4 26 14 202 4
99999 2016 4 26 15 225 3
99999 2016 4 26 16 225 3
99999 2016 4 26 17 202 5
99999 2016 4 26 18 202 5
99999 2016 4 26 19 202 3
99999 2016 4 26 20 225 3
99999 2016 4 26 21 202 2
99999 2016 4 26 22 225 2
99999 2016 4 26 23 225 0
99999 2016 4 27 23 225 2
99999 2016 4 28 0 45 1
99999 2016 4 28 1 112 0
99999 2016 4 28 2 112 0
99999 2016 4 28 3 112 0
99999 2016 4 28 21 112 0
99999 2016 4 28 22 112 0
99999 2016 4 28 23 112 0
99999 2016 4 29 0 45 0
99999 2016 4 29 1 22 0
99999 2016 4 29 2 112 0
99999 2016 4 29 3 45 0
99999 2016 4 29 4 112 0
99999 2016 4 29 5 112 0
99999 2016 4 29 6 0 0
99999 2016 4 29 8 0 1
99999 2016 4 29 23 180 0
99999 2016 4 30 0 112 0
99999 2016 4 30 2 180 0
99999 2016 4 30 10 112 0
99999 2016 4 30 11 112 2
99999 2016 4 30 12 112 2
99999 2016 4 30 13 112 3
99999 2016 4 30 14 112 3
99999 2016 4 30 15 112 5
99999 2016 4 30 16 112 3
99999 2016 4 30 17 112 3
99999 2016 4 30 18 112 3
99999 2016 4 30 19 112 1
99999 2016 4 30 20 112 0
99999 2016 4 30 21 135 0
99999 2016 4 30 22 112 0
99999 2016 5 1 1 112 0
99999 2016 5 1 2 112 0
99999 2016 5 1 3 112 0
99999 2016 5 1 4 112 0
99999 2016 5 1 6 270 0
99999 2016 5 1 7 292 0
99999 2016 5 1 8 292 1
99999 2016 5 1 9 270 1
99999 2016 5 1 10 338 3
99999 2016 5 1 11 338 2
99999 2016 5 1 12 0 3
99999 2016 5 1 13 0 3
99999 2016 5 1 14 45 2
99999 2016 5 1 15 0 2
99999 2016 5 1 16 0 1
99999 2016 5 1 17 0 1
99999 2016 5 1 18 0 0
99999 2016 5 1 19 0 1
99999 2016 5 1 20 0 1
99999 2016 5 1 21 338 0
99999 2016 5 1 22 315 0
99999 2016 5 1 23 292 1
99999 2016 5 2 0 315 2
99999 2016 5 2 1 315 3
99999 2016 5 2 2 292 2
99999 2016 5 2 3 292 2
99999 2016 5 2 4 292 2
99999 2016 5 3 0 270 0
99999 2016 5 3 1 270 1
99999 2016 5 3 2 292 0
99999 2016 5 3 3 270 0
99999 2016 5 3 20 270 2
99999 2016 5 3 21 180 3
99999 2016 5 3 22 0 3
99999 2016 5 3 23 135 2
99999 2016 5 4 0 158 3
99999 2016 5 4 1 225 3
99999 2016 5 4 2 202 3
99999 2016 5 4 3 270 1
99999 2016 5 4 4 112 0
99999 2016 5 4 5 135 2
99999 2016 5 4 6 292 1
99999 2016 5 4 7 270 0
99999 2016 5 4 8 270 1
99999 2016 5 4 9 270 3
99999 2016 5 4 10 292 3
99999 2016 5 4 11 270 3
99999 2016 5 4 12 338 1
99999 2016 5 4 13 338 1
99999 2016 5 4 14 0 1
99999 2016 5 4 15 0 2
99999 2016 5 4 16 0 1
99999 2016 5 4 17 112 1
99999 2016 5 4 18 0 0
99999 2016 5 4 19 112 2
99999 2016 5 4 20 112 1
99999 2016 5 4 22 135 1
99999 2016 5 4 23 112 0
99999 2016 5 5 0 112 1
99999 2016 5 5 1 112 0
99999 2016 5 5 2 112 3
99999 2016 5 5 3 112 2
99999 2016 5 5 19 45 0
99999 2016 5 5 20 45 0
99999 2016 5 6 0 225 0
99999 2016 5 6 1 248 0
99999 2016 5 6 3 202 0
99999 2016 5 6 4 22 0
99999 2016 5 6 5 292 0
99999 2016 5 6 21 112 2
99999 2016 5 6 22 158 0
99999 2016 5 7 1 248 0
99999 2016 5 7 2 225 0
99999 2016 5 7 3 202 0
99999 2016 5 7 9 0 0
99999 2016 5 7 11 135 1
99999 2016 5 7 12 135 1
99999 2016 5 7 13 112 1
99999 2016 5 7 14 112 1
99999 2016 5 7 15 112 3
99999 2016 5 7 16 112 1
99999 2016 5 7 17 112 3
99999 2016 5 7 18 202 3
99999 2016 5 7 19 180 0
99999 2016 5 7 20 180 0
99999 2016 5 7 22 202 0
99999 2016 5 8 8 338 0
99999 2016 5 8 10 0 0
99999 2016 5 8 11 112 1
99999 2016 5 8 12 112 2
99999 2016 5 8 13 112 3
99999 2016 5 8 14 112 3
99999 2016 5 8 15 112 3
99999 2016 5 8 16 112 4
99999 2016 5 8 17 112 1
99999 2016 5 8 18 135 1
99999 2016 5 8 19 112 1
99999 2016 5 8 20 112 1
99999 2016 5 8 21 112 2
99999 2016 5 8 23 90 0
99999 2016 5 9 0 112 0
99999 2016 5 9 2 202 0
99999 2016 5 9 3 338 0
99999 2016 5 9 4 315 0
99999 2016 5 9 5 292 0
99999 2016 5 9 6 270 0
99999 2016 5 9 7 315 1
99999 2016 5 9 8 270 2
99999 2016 5 9 9 270 3
99999 2016 5 9 10 270 3
99999 2016 5 9 11 270 2
99999 2016 5 9 12 338 1
99999 2016 5 9 13 22 0
99999 2016 5 9 14 0 1
99999 2016 5 9 15 0 2
99999 2016 5 9 16 0 1
99999 2016 5 9 17 0 1
99999 2016 5 9 18 0 1
99999 2016 5 9 19 22 0
99999 2016 5 9 20 112 0
99999 2016 5 9 21 112 0
99999 2016 5 10 0 112 0
99999 2016 5 10 4 292 0
99999 2016 5 10 5 292 0
99999 2016 5 10 6 248 0
99999 2016 5 10 20 112 0
99999 2016 5 10 21 112 0
99999 2016 5 10 22 112 0
99999 2016 5 10 23 112 0
99999 2016 5 11 1 0 0
99999 2016 5 11 2 0 0
99999 2016 5 11 3 0 0
99999 2016 5 11 4 68 0
99999 2016 5 11 6 68 0
99999 2016 5 11 7 68 0
99999 2016 5 11 8 45 0
99999 2016 5 11 9 112 0
99999 2016 5 11 10 112 0
99999 2016 5 11 11 202 0
99999 2016 5 11 13 112 0
99999 2016 5 11 14 112 0
99999 2016 5 11 15 112 1
99999 2016 5 11 16 112 2
99999 2016 5 11 17 112 1
99999 2016 5 11 18 112 1
99999 2016 5 11 19 112 1
99999 2016 5 11 20 112 1
99999 2016 5 11 21 90 0
99999 2016 5 11 22 0 0
99999 2016 5 11 23 45 0
99999 2016 5 12 0 0 0
99999 2016 5 12 1 292 0
99999 2016 5 12 2 315 0
99999 2016 5 12 4 315 2
99999 2016 5 12 5 292 1
99999 2016 5 12 6 315 1
99999 2016 5 12 7 270 1
99999 2016 5 12 8 270 0
99999 2016 5 12 9 270 0
99999 2016 5 12 10 292 0
99999 2016 5 12 11 180 1
99999 2016 5 12 12 180 3
99999 2016 5 12 13 0 1
99999 2016 5 12 14 0 2
99999 2016 5 12 16 292 0
99999 2016 5 12 17 225 4
99999 2016 5 12 18 202 3
99999 2016 5 12 19 202 2
99999 2016 5 12 20 225 2
99999 2016 5 12 21 225 3
99999 2016 5 12 22 225 2
99999 2016 5 12 23 202 2
99999 2016 5 13 0 202 0
99999 2016 5 13 1 225 1
99999 2016 5 13 2 270 0
99999 2016 5 13 5 112 0
99999 2016 5 13 7 225 1
99999 2016 5 13 8 225 1
99999 2016 5 13 9 225 1
99999 2016 5 13 10 292 1
99999 2016 5 13 11 292 1
99999 2016 5 13 12 292 0
99999 2016 5 13 13 202 2
99999 2016 5 13 14 338 0
99999 2016 5 13 15 315 0
99999 2016 5 13 16 0 1
99999 2016 5 13 17 112 0
99999 2016 5 13 18 112 0
99999 2016 5 13 19 158 0
99999 2016 5 13 20 180 3
99999 2016 5 13 21 180 3
99999 2016 5 13 22 202 3
99999 2016 5 13 23 225 3
99999 2016 5 14 0 248 1
99999 2016 5 14 1 225 1
99999 2016 5 14 2 202 3
99999 2016 5 14 3 202 2
99999 2016 5 14 4 202 3
99999 2016 5 14 5 202 3
99999 2016 5 14 6 225 3
99999 2016 5 14 7 292 2
99999 2016 5 14 8 270 0
99999 2016 5 14 9 225 0
99999 2016 5 14 10 270 1
99999 2016 5 14 11 315 2
99999 2016 5 14 12 292 1
99999 2016 5 14 13 338 1
99999 2016 5 14 14 0 1
99999 2016 5 14 15 0 1
99999 2016 5 14 16 0 0
99999 2016 5 14 17 112 0
99999 2016 5 14 19 22 0
99999 2016 5 14 21 0 3
99999 2016 5 14 22 338 1
99999 2016 5 15 1 225 0
99999 2016 5 15 2 225 0
99999 2016 5 15 7 0 0
99999 2016 5 15 11 0 1
99999 2016 5 15 12 22 0
99999 2016 5 15 13 22 0
99999 2016 5 15 14 112 1
99999 2016 5 15 15 135 1
99999 2016 5 15 16 112 1
99999 2016 5 15 17 0 1
99999 2016 5 15 18 0 3
99999 2016 5 15 19 112 10
99999 2016 5 15 20 135 4
99999 2016 5 15 21 158 0
99999 2016 5 16 1 135 1
99999 2016 5 16 2 0 0
99999 2016 5 16 3 0 0
99999 2016 5 16 4 112 0
99999 2016 5 16 5 22 0
99999 2016 5 16 7 112 0
99999 2016 5 16 9 112 0
99999 2016 5 17 0 112 0
99999 2016 5 17 3 315 0
99999 2016 5 17 5 202 0
99999 2016 5 18 5 202 1
99999 2016 5 18 6 225 0
99999 2016 5 18 8 225 0
99999 2016 5 18 10 135 0
99999 2016 5 18 11 112 0
99999 2016 5 18 12 112 1
99999 2016 5 18 13 0 1
99999 2016 5 18 14 112 3
99999 2016 5 18 15 112 2
99999 2016 5 18 16 112 1
99999 2016 5 18 17 112 1
99999 2016 5 18 18 112 1
99999 2016 5 18 19 112 3
99999 2016 5 18 20 112 3
99999 2016 5 18 21 112 0
99999 2016 5 18 22 202 3
99999 2016 5 18 23 202 3
99999 2016 5 19 0 202 3
99999 2016 5 19 1 180 2
99999 2016 5 19 2 202 3
99999 2016 5 19 3 202 3
99999 2016 5 19 4 202 3
99999 2016 5 19 5 270 1
99999 2016 5 19 6 202 3
99999 2016 5 19 7 180 3
99999 2016 5 19 8 180 2
99999 2016 5 19 9 180 4
99999 2016 5 19 10 180 6
99999 2016 5 19 11 180 5
99999 2016 5 19 12 180 5
99999 2016 5 19 13 180 3
99999 2016 5 19 14 180 3
99999 2016 5 19 15 270 3
99999 2016 5 19 16 135 3
99999 2016 5 19 17 270 3
99999 2016 5 19 18 292 1
99999 2016 5 19 19 338 1
99999 2016 5 19 20 0 0
99999 2016 5 19 21 338 1
99999 2016 5 19 22 0 1
99999 2016 5 19 23 292 2
99999 2016 5 20 16 112 1
99999 2016 5 20 17 0 0
99999 2016 5 20 18 112 1
99999 2016 5 20 19 112 0
99999 2016 5 20 20 0 0
99999 2016 5 20 21 0 0
99999 2016 5 21 0 225 1
99999 2016 5 21 1 225 1
99999 2016 5 21 2 225 0
99999 2016 5 21 3 202 0
99999 2016 5 21 5 225 0
99999 2016 5 21 6 225 1
99999 2016 5 21 7 202 0
99999 2016 5 21 8 225 0
99999 2016 5 21 23 112 0
99999 2016 5 22 4 202 0
99999 2016 5 22 5 202 0
99999 2016 5 22 6 202 0
99999 2016 5 22 7 202 0
99999 2016 5 22 8 202 0
99999 2016 5 22 10 0 0
99999 2016 5 22 11 0 0
99999 2016 5 22 12 112 2
99999 2016 5 22 13 112 2
99999 2016 5 22 14 112 3
99999 2016 5 22 15 112 4
99999 2016 5 22 16 112 3
99999 2016 5 22 17 112 4
99999 2016 5 22 18 112 3
99999 2016 5 22 19 112 3
99999 2016 5 22 20 112 3
99999 2016 5 22 21 112 2
99999 2016 5 22 22 112 0
99999 2016 5 22 23 112 0
99999 2016 5 23 2 112 0
99999 2016 5 23 3 158 1
99999 2016 5 23 4 180 2
99999 2016 5 23 5 135 0
99999 2016 5 23 6 202 1
99999 2016 5 23 7 158 1
99999 2016 5 23 8 202 1
99999 2016 5 23 9 180 6
99999 2016 5 23 10 180 3
99999 2016 5 23 11 158 3
99999 2016 5 23 12 180 2
99999 2016 5 23 13 180 4
99999 2016 5 23 14 180 5
99999 2016 5 23 15 180 5
99999 2016 5 23 16 202 5
99999 2016 5 23 17 202 6
99999 2016 5 23 18 248 3
99999 2016 5 23 19 202 5
99999 2016 5 23 20 180 4
99999 2016 5 23 21 180 1
99999 2016 5 23 22 248 0
99999 2016 5 23 23 292 2
99999 2016 5 24 0 270 2
99999 2016 5 24 1 248 1
99999 2016 5 24 19 225 0
99999 2016 5 24 20 202 3
99999 2016 5 24 21 202 4
99999 2016 5 24 22 202 6
99999 2016 5 24 23 202 6
99999 2016 5 25 0 202 4
99999 2016 5 25 1 202 6
99999 2016 5 25 2 202 3
99999 2016 5 25 3 225 1
99999 2016 5 25 4 225 1
99999 2016 5 25 5 225 2
99999 2016 5 25 6 225 3
99999 2016 5 25 8 225 0
99999 2016 5 25 9 315 2
99999 2016 5 25 10 270 4
99999 2016 5 25 11 292 3
99999 2016 5 25 12 270 3
99999 2016 5 25 13 270 2
99999 2016 5 25 14 338 1
99999 2016 5 25 15 315 1
99999 2016 5 25 16 112 1
99999 2016 5 25 17 202 3
99999 2016 5 25 18 202 3
99999 2016 5 25 19 180 2
99999 2016 5 25 20 202 3
99999 2016 5 25 21 202 3
99999 2016 5 25 22 202 4
99999 2016 5 25 23 225 4
99999 2016 5 26 0 202 4
99999 2016 5 26 1 202 3
99999 2016 5 26 2 225 3
99999 2016 5 26 3 225 0
99999 2016 5 26 4 202 0
99999 2016 5 26 5 225 0
99999 2016 5 26 7 202 0
99999 2016 5 26 8 270 0
99999 2016 5 26 21 112 0
99999 2016 5 26 22 135 0
99999 2016 5 27 4 202 0
99999 2016 5 27 5 202 0
99999 2016 5 27 6 202 0
99999 2016 5 27 7 225 0
99999 2016 5 27 9 45 0
99999 2016 5 27 10 45 0
99999 2016 5 27 11 0 1
99999 2016 5 27 12 0 2
99999 2016 5 27 13 112 3
99999 2016 5 27 14 112 3
99999 2016 5 27 15 112 3
99999 2016 5 27 16 0 1
99999 2016 5 27 17 112 2
99999 2016 5 27 18 112 1
99999 2016 5 27 19 112 1
99999 2016 5 27 20 112 1
99999 2016 5 27 21 112 2
99999 2016 5 27 22 112 2
99999 2016 5 28 5 0 0
99999 2016 5 28 6 292 0
99999 2016 5 28 20 112 3
99999 2016 5 28 21 112 0
99999 2016 5 28 22 112 2
99999 2016 5 29 1 180 4
99999 2016 5 29 2 202 4
99999 2016 5 29 3 202 3
99999 2016 5 29 4 0 0
99999 2016 5 29 6 135 0
99999 2016 5 29 7 0 0
99999 2016 5 29 8 112 0
99999 2016 5 29 9 315 3
99999 2016 5 29 10 315 2
99999 2016 5 29 11 270 3
99999 2016 5 29 12 248 2
99999 2016 5 29 13 0 0
99999 2016 5 29 14 112 3
99999 2016 5 29 15 135 6
99999 2016 5 29 16 158 2
99999 2016 5 29 17 158 4
99999 2016 5 29 18 202 3
99999 2016 5 29 19 292 1
99999 2016 5 29 20 0 0
99999 2016 5 29 22 248 0
99999 2016 5 29 23 180 0
99999 2016 5 30 18 180 3
99999 2016 5 30 19 180 3
99999 2016 5 30 20 180 3
99999 2016 5 30 21 180 2
99999 2016 5 30 22 158 2
99999 2016 5 30 23 225 3
99999 2016 5 31 0 225 3
99999 2016 5 31 1 225 1
99999 2016 5 31 2 292 0
99999 2016 5 31 3 180 1
99999 2016 5 31 4 180 1
99999 2016 5 31 7 158 0
99999 2016 5 31 8 180 3
99999 2016 5 31 9 202 2
99999 2016 5 31 10 180 1
99999 2016 5 31 11 112 0
99999 2016 5 31 12 225 4
99999 2016 5 31 13 202 5
99999 2016 5 31 14 180 4
99999 2016 5 31 15 202 4
99999 2016 5 31 16 202 5
99999 2016 5 31 17 202 8
99999 2016 5 31 18 225 5
99999 2016 5 31 19 202 4
99999 2016 5 31 20 202 3
99999 2016 5 31 21 202 2
99999 2016 5 31 22 202 2
99999 2016 5 31 23 180 2
99999 2017 3 1 0 202 3
99999 2017 3 1 1 225 1
99999 2017 3 1 2 225 1
99999 2017 3 1 3 315 1
99999 2017 3 1 4 225 2
99999 2017 3 1 5 202 3
99999 2017 3 1 6 292 2
99999 2017 3 1 7 292 3
99999 2017 3 1 8 270 4
99999 2017 3 1 9 270 4
99999 2017 3 1 10 270 4
99999 2017 3 1 11 270 4
99999 2017 3 1 12 315 5
99999 2017 3 1 13 292 4
99999 2017 3 1 14 292 4
99999 2017 3 1 15 270 3
99999 2017 3 1 16 315 1
99999 2017 3 1 17 315 1
99999 2017 3 1 20 180 2
99999 2017 3 1 21 180 3
99999 2017 3 1 22 180 3
99999 2017 3 1 23 202 3
99999 2017 3 2 0 225 3
99999 2017 3 2 1 202 3
99999 2017 3 2 2 180 4
99999 2017 3 2 3 315 0
99999 2017 3 2 4 292 0
99999 2017 3 2 7 112 0
99999 2017 3 2 10 45 0
99999 2017 3 2 11 0 0
99999 2017 3 2 12 45 1
99999 2017 3 2 13 0 0
99999 2017 3 2 14 68 0
99999 2017 3 2 15 0 0
99999 2017 3 2 16 45 1
99999 2017 3 2 17 45 0
99999 2017 3 2 18 45 0
99999 2017 3 2 19 45 0
99999 2017 3 2 21 270 0
99999 2017 3 2 22 248 0
99999 2017 3 3 0 0 0
99999 2017 3 3 3 0 0
99999 2017 3 3 8 112 0
99999 2017 3 3 9 135 0
99999 2017 3 3 10 22 0
99999 2017 3 3 11 45 1
99999 2017 3 3 12 22 1
99999 2017 3 3 13 112 2
99999 2017 3 3 14 112 2
99999 2017 3 3 15 112 3
99999 2017 3 3 16 112 3
99999 2017 3 3 17 112 3
99999 2017 3 3 18 112 2
99999 2017 3 3 19 112 1
99999 2017 3 3 20 112 2
99999 2017 3 3 21 112 2
99999 2017 3 3 22 112 0
99999 2017 3 4 1 292 0
99999 2017 3 4 2 270 0
99999 2017 3 4 3 292 0
99999 2017 3 4 4 112 0
99999 2017 3 4 5 158 0
99999 2017 3 4 6 135 0
99999 2017 3 4 7 112 1
99999 2017 3 4 8 112 1
99999 2017 3 4 9 112 3
99999 2017 3 4 10 112 1
99999 2017 3 4 11 112 3
99999 2017 3 4 12 112 3
99999 2017 3 4 13 112 3
99999 2017 3 4 14 112 2
99999 2017 3 4 15 202 2
99999 2017 3 4 16 292 0
99999 2017 3 4 17 248 3
99999 2017 3 4 18 225 1
99999 2017 3 4 19 225 1
99999 2017 3 4 20 180 2
99999 2017 3 4 21 180 3
99999 2017 3 4 22 158 3
99999 2017 3 4 23 158 0
99999 2017 3 5 0 180 1
99999 2017 3 5 1 180 1
99999 2017 3 5 2 180 0
99999 2017 3 5 3 292 0
99999 2017 3 5 4 180 3
99999 2017 3 5 5 158 3
99999 2017 3 5 6 135 5
99999 2017 3 5 7 158 1
99999 2017 3 5 8 180 4
99999 2017 3 5 9 180 5
99999 2017 3 5 10 180 3
99999 2017 3 5 11 180 2
99999 2017 3 5 12 248 0
99999 2017 3 5 13 338 0
99999 2017 3 5 14 248 0
99999 2017 3 5 15 112 0
99999 2017 3 5 16 112 0
99999 2017 3 5 17 202 2
99999 2017 3 5 18 225 3
99999 2017 3 5 19 180 3
99999 2017 3 5 20 180 3
99999 2017 3 5 21 180 3
99999 2017 3 5 22 180 1
99999 2017 3 6 1 202 0
99999 2017 3 6 8 225 1
99999 2017 3 6 9 180 0
99999 2017 3 6 10 270 0
99999 2017 3 6 11 0 0
99999 2017 3 6 12 45 0
99999 2017 3 6 13 202 2
99999 2017 3 6 14 292 0
99999 2017 3 6 18 45 0
99999 2017 3 6 19 158 1
99999 2017 3 6 20 112 0
99999 2017 3 6 21 315 1
99999 2017 3 6 22 112 2
99999 2017 3 6 23 338 0
99999 2017 3 7 0 0 1
99999 2017 3 7 1 338 2
99999 2017 3 7 2 315 2
99999 2017 3 7 3 292 2
99999 2017 3 7 4 292 2
99999 2017 3 7 5 292 2
99999 2017 3 7 6 292 3
99999 2017 3 7 7 315 2
99999 2017 3 7 8 292 2
99999 2017 3 7 9 270 4
99999 2017 3 7 10 270 3
99999 2017 3 7 11 270 4
99999 2017 3 7 12 315 3
99999 2017 3 7 13 0 3
99999 2017 3 7 14 338 2
99999 2017 3 7 15 338 1
99999 2017 3 7 16 45 1
99999 2017 3 7 17 338 1
99999 2017 3 7 18 338 0
99999 2017 3 7 19 112 1
99999 2017 3 7 20 112 0
99999 2017 3 7 21 158 0
99999 2017 3 7 23 315 1
99999 2017 3 8 16 45 0
99999 2017 3 8 17 45 0
99999 2017 3 8 18 22 0
99999 2017 3 8 21 225 0
99999 2017 3 8 23 180 0
99999 2017 3 9 0 225 1
99999 2017 3 9 1 225 0
99999 2017 3 9 3 202 0
99999 2017 3 9 4 225 0
99999 2017 3 9 5 202 0
99999 2017 3 9 6 225 0
99999 2017 3 9 7 225 0
99999 2017 3 9 8 225 0
99999 2017 3 9 10 315 1
99999 2017 3 9 11 292 1
99999 2017 3 9 12 0 2
99999 2017 3 9 13 292 1
99999 2017 3 9 14 0 2
99999 2017 3 9 15 0 1
99999 2017 3 9 16 0 1
99999 2017 3 9 17 338 1
99999 2017 3 9 18 315 0
99999 2017 3 10 3 202 0
99999 2017 3 10 4 270 0
99999 2017 3 10 5 315 0
99999 2017 3 10 6 292 0
99999 2017 3 10 8 270 3
99999 2017 3 10 9 270 4
99999 2017 3 10 10 292 4
99999 2017 3 10 11 315 2
99999 2017 3 10 12 0 1
99999 2017 3 10 13 112 3
99999 2017 3 10 14 112 1
99999 2017 3 10 15 0 1
99999 2017 3 10 16 0 3
99999 2017 3 10 17 338 2
99999 2017 3 10 18 292 2
99999 2017 3 10 19 112 2
99999 2017 3 10 20 112 3
99999 2017 3 10 21 112 2
99999 2017 3 10 22 112 2
99999 2017 3 10 23 112 1
99999 2017 3 11 8 135 0
99999 2017 3 11 9 112 0
99999 2017 3 11 10 112 2
99999 2017 3 11 11 112 3
99999 2017 3 11 12 112 4
99999 2017 3 11 13 112 3
99999 2017 3 11 14 112 2
99999 2017 3 11 15 112 3
99999 2017 3 11 16 112 3
99999 2017 3 11 17 112 3
99999 2017 3 11 18 112 0
99999 2017 3 11 19 112 0
99999 2017 3 12 10 112 0
99999 2017 3 12 11 112 1
99999 2017 3 12 12 112 2
99999 2017 3 12 13 112 1
99999 2017 3 12 14 112 3
99999 2017 3 12 15 112 1
99999 2017 3 12 16 112 3
99999 2017 3 12 17 112 3
99999 2017 3 12 18 112 1
99999 2017 3 12 19 112 1
99999 2017 3 12 20 112 1
99999 2017 3 12 21 112 0
99999 2017 3 12 22 112 0
99999 2017 3 13 6 292 0
99999 2017 3 13 7 315 0
99999 2017 3 13 8 292 0
99999 2017 3 13 9 315 0
99999 2017 3 13 10 338 0
99999 2017 3 13 11 112 2
99999 2017 3 13 12 22 2
99999 2017 3 13 13 112 3
99999 2017 3 13 14 112 1
99999 2017 3 13 15 112 0
99999 2017 3 13 16 112 1
99999 2017 3 13 17 112 1
99999 2017 3 13 18 112 1
99999 2017 3 13 23 158 0
99999 2017 3 14 0 202 0
99999 2017 3 14 1 180 0
99999 2017 3 14 2 180 0
99999 2017 3 14 4 225 0
99999 2017 3 14 5 180 1
99999 2017 3 14 6 225 0
99999 2017 3 14 7 202 0
99999 2017 3 14 9 248 2
99999 2017 3 14 10 270 1
99999 2017 3 14 11 0 0
99999 2017 3 14 12 0 2
99999 2017 3 14 13 0 1
99999 2017 3 14 14 270 1
99999 2017 3 14 15 338 0
99999 2017 3 14 16 0 0
99999 2017 3 14 17 135 2
99999 2017 3 14 18 112 0
99999 2017 3 14 19 112 0
99999 2017 3 15 5 45 0
99999 2017 3 15 6 112 0
99999 2017 3 15 7 158 0
99999 2017 3 15 8 180 0
99999 2017 3 15 10 112 1
99999 2017 3 15 11 112 1
99999 2017 3 15 12 112 2
99999 2017 3 15 13 112 2
99999 2017 3 15 14 112 2
99999 2017 3 15 15 112 2
99999 2017 3 15 16 112 2
99999 2017 3 15 17 112 2
99999 2017 3 15 18 112 2
99999 2017 3 15 19 112 0
99999 2017 3 15 20 112 1
99999 2017 3 16 2 292 0
99999 2017 3 16 9 315 0
99999 2017 3 16 10 0 0
99999 2017 3 16 11 0 0
99999 2017 3 16 12 0 1
99999 2017 3 16 13 112 1
99999 2017 3 16 14 338 0
99999 2017 3 16 15 0 0
99999 2017 3 16 16 112 0
99999 2017 3 16 17 112 0
99999 2017 3 16 18 112 0
99999 2017 3 16 19 112 1
99999 2017 3 16 23 45 0
99999 2017 3 17 3 225 1
99999 2017 3 17 5 0 0
99999 2017 3 17 9 270 1
99999 2017 3 17 10 338 2
99999 2017 3 17 11 338 2
99999 2017 3 17 12 338 0
99999 2017 3 17 13 0 1
99999 2017 3 17 14 0 1
99999 2017 3 17 15 135 1
99999 2017 3 17 16 22 0
99999 2017 3 17 17 112 3
99999 2017 3 17 18 180 2
99999 2017 3 17 19 202 3
99999 2017 3 17 20 202 3
99999 2017 3 17 21 202 3
99999 2017 3 17 22 202 3
99999 2017 3 17 23 202 2
99999 2017 3 18 0 202 2
99999 2017 3 18 1 202 3
99999 2017 3 18 2 202 3
99999 2017 3 18 3 225 1
99999 2017 3 18 4 202 2
99999 2017 3 18 5 225 0
99999 2017 3 18 18 202 3
99999 2017 3 18 19 202 2
99999 2017 3 18 20 202 3
99999 2017 3 18 21 202 4
99999 2017 3 18 22 202 3
99999 2017 3 18 23 202 3
99999 2017 3 19 0 202 3
99999 2017 3 19 1 202 3
99999 2017 3 19 2 225 0
99999 2017 3 19 3 202 0
99999 2017 3 19 9 338 1
99999 2017 3 19 10 338 0
99999 2017 3 19 11 0 0
99999 2017 3 19 13 0 1
99999 2017 3 19 14 45 0
99999 2017 3 19 15 22 0
99999 2017 3 19 16 45 1
99999 2017 3 19 17 45 0
99999 2017 3 19 18 22 1
99999 2017 3 19 19 112 2
99999 2017 3 19 20 112 2
99999 2017 3 19 21 112 1
99999 2017 3 19 22 112 1
99999 2017 3 19 23 112 0
99999 2017 3 20 20 112 3
99999 2017 3 20 21 112 0
99999 2017 3 20 23 0 0
99999 2017 3 21 0 292 0
99999 2017 3 21 4 45 1
99999 2017 3 21 5 112 2
99999 2017 3 21 6 112 2
99999 2017 3 21 7 112 0
99999 2017 3 21 8 0 0
99999 2017 3 21 21 112 0
99999 2017 3 21 22 112 0
99999 2017 3 21 23 112 2
99999 2017 3 22 0 112 0
99999 2017 3 22 2 112 0
99999 2017 3 22 3 112 0
99999 2017 3 22 4 45 0
99999 2017 3 22 5 292 1
99999 2017 3 22 6 292 0
99999 2017 3 22 8 292 0
99999 2017 3 22 21 112 3
99999 2017 3 22 22 112 0
99999 2017 3 22 23 112 1
99999 2017 3 23 0 112 1
99999 2017 3 23 1 112 0
99999 2017 3 23 2 292 0
99999 2017 3 23 3 0 0
99999 2017 3 23 4 292 1
99999 2017 3 23 5 315 0
99999 2017 3 23 6 292 1
99999 2017 3 23 7 292 1
99999 2017 3 23 8 0 0
99999 2017 3 23 9 270 0
99999 2017 3 23 10 112 1
99999 2017 3 23 11 112 2
99999 2017 3 23 12 22 2
99999 2017 3 23 13 180 3
99999 2017 3 23 14 202 1
99999 2017 3 23 15 112 3
99999 2017 3 23 16 158 3
99999 2017 3 23 17 112 2
99999 2017 3 23 18 112 3
99999 2017 3 23 19 112 2
99999 2017 3 23 20 112 2
99999 2017 3 23 21 112 0
99999 2017 3 24 0 0 0
99999 2017 3 24 2 112 0
99999 2017 3 24 4 0 1
99999 2017 3 24 5 270 0
99999 2017 3 24 6 135 0
99999 2017 3 24 8 112 0
99999 2017 3 24 9 112 0
99999 2017 3 24 10 0 0
99999 2017 3 24 11 0 1
99999 2017 3 24 12 0 1
99999 2017 3 24 13 112 1
99999 2017 3 24 14 112 1
99999 2017 3 24 15 112 1
99999 2017 3 24 16 112 1
99999 2017 3 24 17 112 2
99999 2017 3 24 18 112 0
99999 2017 3 24 19 112 0
99999 2017 3 24 20 112 0
99999 2017 3 24 21 270 2
99999 2017 3 24 22 270 3
99999 2017 3 24 23 292 2
99999 2017 3 25 0 292 1
99999 2017 3 25 1 292 2
99999 2017 3 25 2 292 1
99999 2017 3 25 3 270 1
99999 2017 3 25 4 270 1
99999 2017 3 25 5 315 0
99999 2017 3 25 7 315 0
99999 2017 3 25 8 292 1
99999 2017 3 25 9 270 2
99999 2017 3 25 10 0 1
99999 2017 3 25 11 0 1
99999 2017 3 25 12 45 0
99999 2017 3 25 13 45 1
99999 2017 3 25 14 112 3
99999 2017 3 25 15 112 3
99999 2017 3 25 16 112 3
99999 2017 3 25 17 112 2
99999 2017 3 25 18 112 3
99999 2017 3 25 19 112 4
99999 2017 3 25 20 112 3
99999 2017 3 25 21 112 1
99999 2017 3 25 23 202 0
99999 2017 3 26 0 180 1
99999 2017 3 26 1 180 1
99999 2017 3 26 3 292 1
99999 2017 3 26 4 315 2
99999 2017 3 26 5 270 1
99999 2017 3 26 6 292 1
99999 2017 3 26 7 315 1
99999 2017 3 26 8 202 1
99999 2017 3 26 9 202 3
99999 2017 3 26 10 202 2
99999 2017 3 26 11 292 2
99999 2017 3 26 12 338 3
99999 2017 3 26 13 292 1
99999 2017 3 26 14 338 3
99999 2017 3 26 15 338 1
99999 2017 3 26 16 0 1
99999 2017 3 26 17 45 0
99999 2017 3 26 18 158 3
99999 2017 3 26 19 0 0
99999 2017 3 26 22 112 4
99999 2017 3 26 23 112 1
99999 2017 3 27 0 112 0
99999 2017 3 27 3 45 0
99999 2017 3 27 7 315 0
99999 2017 3 27 8 315 0
99999 2017 3 27 9 270 2
99999 2017 3 27 10 315 1
99999 2017 3 27 11 338 1
99999 2017 3 27 12 45 1
99999 2017 3 27 13 112 3
99999 2017 3 27 14 45 2
99999 2017 3 27 15 112 2
99999 2017 3 27 16 112 1
99999 2017 3 27 17 0 2
99999 2017 3 27 18 45 0
99999 2017 3 27 19 112 0
99999 2017 3 28 8 270 0
99999 2017 3 28 9 270 2
99999 2017 3 28 10 292 3
99999 2017 3 28 11 315 4
99999 2017 3 28 12 315 4
99999 2017 3 28 13 338 3
99999 2017 3 28 14 0 2
99999 2017 3 28 15 0 1
99999 2017 3 28 16 0 1
99999 2017 3 28 17 0 0
99999 2017 3 28 18 0 0
99999 2017 3 28 19 338 1
99999 2017 3 29 0 225 0
99999 2017 3 29 1 225 1
99999 2017 3 29 2 225 1
99999 2017 3 29 3 202 0
99999 2017 3 29 4 225 0
99999 2017 3 29 5 202 0
99999 2017 3 29 6 248 0
99999 2017 3 29 7 202 0
99999 2017 3 29 8 225 1
99999 2017 3 29 10 270 2
99999 2017 3 29 11 315 3
99999 2017 3 29 12 338 3
99999 2017 3 29 13 338 2
99999 2017 3 29 14 338 2
99999 2017 3 29 15 0 1
99999 2017 3 29 16 338 1
99999 2017 3 29 17 45 0
99999 2017 3 29 18 45 0
99999 2017 3 30 2 225 0
99999 2017 3 30 3 202 0
99999 2017 3 30 5 180 0
99999 2017 3 30 6 270 0
99999 2017 3 30 20 112 0
99999 2017 3 30 21 90 0
99999 2017 3 31 0 202 0
99999 2017 3 31 8 180 0
99999 2017 3 31 10 270 0
99999 2017 3 31 11 338 0
99999 2017 3 31 12 0 1
99999 2017 3 31 13 0 2
99999 2017 3 31 14 112 2
99999 2017 3 31 15 112 3
99999 2017 3 31 16 112 2
99999 2017 3 31 17 112 3
99999 2017 3 31 18 112 3
99999 2017 3 31 19 112 3
99999 2017 3 31 20 112 0
99999 2017 3 31 21 112 3
99999 2017 4 1 0 202 2
99999 2017 4 1 1 202 3
99999 2017 4 1 2 202 3
99999 2017 4 1 3 315 0
99999 2017 4 1 4 248 1
99999 2017 4 1 5 225 2
99999 2017 4 1 6 202 2
99999 2017 4 1 7 202 3
99999 2017 4 1 8 202 4
99999 2017 4 1 9 225 3
99999 2017 4 2 0 45 0
99999 2017 4 2 23 45 0
99999 2017 4 3 0 45 0
99999 2017 4 3 1 45 0
99999 2017 4 3 2 0 0
99999 2017 4 3 4 315 0
99999 2017 4 3 5 270 1
99999 2017 4 3 6 315 2
99999 2017 4 3 7 292 2
99999 2017 4 3 8 270 2
99999 2017 4 3 9 315 2
99999 2017 4 3 10 292 3
99999 2017 4 3 11 270 3
99999 2017 4 3 12 270 3
99999 2017 4 3 13 270 2
99999 2017 4 3 14 315 3
99999 2017 4 3 15 315 3
99999 2017 4 3 16 338 3
99999 2017 4 3 17 315 2
99999 2017 4 3 18 0 2
99999 2017 4 3 19 315 0
99999 2017 4 3 21 270 0
99999 2017 4 3 22 270 0
99999 2017 4 3 23 225 0
99999 2017 4 4 0 270 0
99999 2017 4 4 1 270 0
99999 2017 4 4 2 292 0
99999 2017 4 4 3 112 0
99999 2017 4 4 5 292 0
99999 2017 4 4 10 338 0
99999 2017 4 4 11 0 1
99999 2017 4 4 12 22 1
99999 2017 4 4 13 315 1
99999 2017 4 4 14 0 1
99999 2017 4 4 15 0 1
99999 2017 4 4 16 112 2
99999 2017 4 4 17 112 3
99999 2017 4 4 18 112 1
99999 2017 4 4 19 112 2
99999 2017 4 4 20 112 3
99999 2017 4 4 21 112 1
99999 2017 4 4 22 112 0
99999 2017 4 4 23 0 1
99999 2017 4 5 0 112 0
99999 2017 4 5 1 112 2
99999 2017 4 5 2 112 1
99999 2017 4 5 17 270 2
99999 2017 4 5 18 270 2
99999 2017 4 5 19 292 2
99999 2017 4 5 20 315 0
99999 2017 4 5 23 248 0
99999 2017 4 6 14 112 5
99999 2017 4 6 15 112 5
99999 2017 4 6 16 112 2
99999 2017 4 6 17 112 1
99999 2017 4 6 18 112 2
99999 2017 4 6 19 112 3
99999 2017 4 6 20 112 0
99999 2017 4 6 21 112 0
99999 2017 4 6 22 112 0
99999 2017 4 6 23 112 0
99999 2017 4 7 0 112 0
99999 2017 4 7 1 112 1
99999 2017 4 7 4 112 0
99999 2017 4 7 5 112 0
99999 2017 4 7 6 135 0
99999 2017 4 7 9 338 0
99999 2017 4 7 10 22 0
99999 2017 4 7 11 112 1
99999 2017 4 7 12 0 1
99999 2017 4 7 13 135 2
99999 2017 4 7 14 0 2
99999 2017 4 7 15 0 1
99999 2017 4 7 16 338 3
99999 2017 4 7 17 292 2
99999 2017 4 7 18 0 2
99999 2017 4 7 19 338 1
99999 2017 4 7 20 45 0
99999 2017 4 7 21 112 1
99999 2017 4 7 22 112 1
99999 2017 4 8 9 315 1
99999 2017 4 8 10 0 0
99999 2017 4 8 11 0 1
99999 2017 4 8 12 45 2
99999 2017 4 8 13 112 2
99999 2017 4 8 14 112 2
99999 2017 4 8 15 112 2
99999 2017 4 8 16 112 3
99999 2017 4 8 17 112 1
99999 2017 4 8 18 112 2
99999 2017 4 8 19 112 3
99999 2017 4 8 20 112 3
99999 2017 4 8 21 112 3
99999 2017 4 9 4 292 0
99999 2017 4 9 5 45 0
99999 2017 4 9 7 0 0
99999 2017 4 9 9 270 1
99999 2017 4 9 22 112 2
99999 2017 4 10 4 45 0
99999 2017 4 10 6 292 0
99999 2017 4 10 9 0 0
99999 2017 4 10 10 315 0
99999 2017 4 10 11 338 1
99999 2017 4 10 12 0 3
99999 2017 4 10 13 0 2
99999 2017 4 10 14 0 2
99999 2017 4 10 15 135 2
99999 2017 4 10 16 135 1
99999 2017 4 10 17 202 0
99999 2017 4 10 18 315 1
99999 2017 4 10 19 202 2
99999 2017 4 10 20 225 0
99999 2017 4 10 22 135 0
99999 2017 4 11 0 180 1
99999 2017 4 11 1 225 2
99999 2017 4 11 2 225 3
99999 2017 4 11 3 202 2
99999 2017 4 11 4 202 0
99999 2017 4 11 5 225 0
99999 2017 4 11 7 225 1
99999 2017 4 11 9 292 1
99999 2017 4 11 10 292 0
99999 2017 4 11 11 338 1
99999 2017 4 11 12 0 2
99999 2017 4 11 13 0 2
99999 2017 4 11 14 315 2
99999 2017 4 11 15 0 1
99999 2017 4 11 16 0 1
99999 2017 4 11 17 0 2
99999 2017 4 11 18 45 1
99999 2017 4 11 19 338 1
99999 2017 4 12 12 135 1
99999 2017 4 12 13 135 1
99999 2017 4 12 14 112 2
99999 2017 4 12 15 112 2
99999 2017 4 12 16 112 2
99999 2017 4 12 17 112 1
99999 2017 4 12 18 112 1
99999 2017 4 12 19 112 3
99999 2017 4 12 20 112 1
99999 2017 4 12 21 112 2
99999 2017 4 12 22 112 2
99999 2017 4 13 0 225 0
99999 2017 4 13 1 225 0
99999 2017 4 13 2 180 0
99999 2017 4 13 3 248 3
99999 2017 4 13 4 225 3
99999 2017 4 13 5 225 3
99999 2017 4 13 6 202 4
99999 2017 4 13 7 225 3
99999 2017 4 13 8 292 2
99999 2017 4 13 9 202 2
99999 2017 4 13 10 292 1
99999 2017 4 13 11 292 2
99999 2017 4 13 12 315 1
99999 2017 4 13 13 270 1
99999 2017 4 13 14 202 1
99999 2017 4 13 15 180 1
99999 2017 4 13 16 180 1
99999 2017 4 13 17 202 3
99999 2017 4 13 18 202 3
99999 2017 4 13 19 180 3
99999 2017 4 13 20 180 2
99999 2017 4 13 21 202 3
99999 2017 4 13 22 202 3
99999 2017 4 13 23 202 3
99999 2017 4 14 0 202 2
99999 2017 4 14 1 225 1
99999 2017 4 14 3 202 0
99999 2017 4 14 4 202 2
99999 2017 4 14 9 270 2
99999 2017 4 14 10 315 2
99999 2017 4 14 11 315 2
99999 2017 4 14 12 0 2
99999 2017 4 14 13 0 2
99999 2017 4 14 14 338 1
99999 2017 4 14 15 270 1
99999 2017 4 14 16 135 0
99999 2017 4 14 17 0 0
99999 2017 4 14 18 180 1
99999 2017 4 14 19 180 3
99999 2017 4 14 20 180 2
99999 2017 4 14 21 180 3
99999 2017 4 14 22 180 4
99999 2017 4 14 23 202 4
99999 2017 4 15 0 202 3
99999 2017 4 15 1 225 2
99999 2017 4 15 2 292 0
99999 2017 4 15 3 225 0
99999 2017 4 15 4 292 2
99999 2017 4 15 5 248 1
99999 2017 4 15 6 225 0
99999 2017 4 15 7 248 0
99999 2017 4 15 8 202 1
99999 2017 4 15 9 248 1
99999 2017 4 15 10 270 1
99999 2017 4 15 11 338 3
99999 2017 4 15 12 338 3
99999 2017 4 15 13 338 3
99999 2017 4 15 14 0 2
99999 2017 4 15 15 0 2
99999 2017 4 15 18 112 1
99999 2017 4 15 19 45 0
99999 2017 4 15 20 112 1
99999 2017 4 15 23 315 0
99999 2017 4 16 0 292 2
99999 2017 4 16 19 315 2
99999 2017 4 16 22 112 0
99999 2017 4 16 23 112 2
99999 2017 4 17 0 112 3
99999 2017 4 17 1 112 3
99999 2017 4 17 2 112 1
99999 2017 4 17 6 112 3
99999 2017 4 17 7 112 1
99999 2017 4 17 11 112 1
99999 2017 4 17 12 135 1
99999 2017 4 17 13 112 1
99999 2017 4 17 14 112 3
99999 2017 4 17 15 112 1
99999 2017 4 17 16 112 1
99999 2017 4 17 17 112 1
99999 2017 4 17 18 112 0
99999 2017 4 17 19 112 1
99999 2017 4 17 20 112 1
99999 2017 4 17 21 112 1
99999 2017 4 17 22 112 0
99999 2017 4 17 23 112 1
99999 2017 4 18 1 180 0
99999 2017 4 18 2 202 1
99999 2017 4 18 4 202 0
99999 2017 4 18 9 248 0
99999 2017 4 18 10 315 1
99999 2017 4 18 11 338 2
99999 2017 4 18 12 0 2
99999 2017 4 18 13 45 3
99999 2017 4 18 14 135 0
99999 2017 4 18 15 112 0
99999 2017 4 18 16 135 3
99999 2017 4 18 17 135 2
99999 2017 4 18 18 112 0
99999 2017 4 18 20 112 0
99999 2017 4 18 21 135 0
99999 2017 4 18 23 338 0
99999 2017 4 19 1 270 1
99999 2017 4 19 2 292 1
99999 2017 4 19 3 270 1
99999 2017 4 19 4 292 1
99999 2017 4 19 5 270 1
99999 2017 4 19 6 270 1
99999 2017 4 19 7 292 1
99999 2017 4 19 8 315 1
99999 2017 4 19 9 270 3
99999 2017 4 19 10 315 3
99999 2017 4 19 11 292 2
99999 2017 4 19 12 315 2
99999 2017 4 19 13 338 2
99999 2017 4 19 14 270 1
99999 2017 4 19 15 270 2
99999 2017 4 19 16 135 3
99999 2017 4 19 17 270 3
99999 2017 4 19 18 0 3
99999 2017 4 19 19 135 1
99999 2017 4 19 20 202 0
99999 2017 4 19 21 0 0
99999 2017 4 20 9 292 2
99999 2017 4 20 10 270 3
99999 2017 4 20 11 315 2
99999 2017 4 20 12 248 2
99999 2017 4 20 13 315 3
99999 2017 4 20 14 315 4
99999 2017 4 20 15 315 2
99999 2017 4 20 16 135 0
99999 2017 4 20 17 0 1
99999 2017 4 20 18 0 0
99999 2017 4 20 19 22 0
99999 2017 4 20 20 112 2
99999 2017 4 20 21 112 3
99999 2017 4 20 22 135 0
99999 2017 4 20 23 112 1
99999 2017 4 21 0 135 0
99999 2017 4 21 1 112 0
99999 2017 4 21 4 112 0
99999 2017 4 21 5 112 0
99999 2017 4 21 6 112 1
99999 2017 4 21 7 112 0
99999 2017 4 21 8 135 1
99999 2017 4 21 9 135 2
99999 2017 4 21 10 112 3
99999 2017 4 21 11 112 3
99999 2017 4 21 12 112 2
99999 2017 4 21 13 112 1
99999 2017 4 21 14 0 2
99999 2017 4 21 15 0 1
99999 2017 4 21 16 0 0
99999 2017 4 21 17 22 0
99999 2017 4 21 18 45 0
99999 2017 4 21 19 22 0
99999 2017 4 21 20 112 0
99999 2017 4 21 22 112 1
99999 2017 4 21 23 202 0
99999 2017 4 22 0 202 0
99999 2017 4 22 1 202 1
99999 2017 4 22 2 202 1
99999 2017 4 22 3 180 1
99999 2017 4 22 4 225 1
99999 2017 4 22 5 202 2
99999 2017 4 22 6 202 1
99999 2017 4 22 8 338 0
99999 2017 4 22 10 338 0
99999 2017 4 22 11 45 0
99999 2017 4 22 12 0 1
99999 2017 4 22 13 0 1
99999 2017 4 22 14 0 1
99999 2017 4 22 15 0 1
99999 2017 4 22 16 112 2
99999 2017 4 22 17 135 2
99999 2017 4 22 18 202 3
99999 2017 4 22 19 180 3
99999 2017 4 22 20 202 3
99999 2017 4 22 21 202 3
99999 2017 4 22 22 202 3
99999 2017 4 22 23 202 3
99999 2017 4 23 0 202 3
99999 2017 4 23 1 315 1
99999 2017 4 23 2 315 1
99999 2017 4 23 3 0 0
99999 2017 4 23 4 225 3
99999 2017 4 23 18 112 4
99999 2017 4 23 19 112 3
99999 2017 4 23 20 112 2
99999 2017 4 23 21 112 1
99999 2017 4 23 22 112 2
99999 2017 4 23 23 112 0
99999 2017 4 24 0 112 1
99999 2017 4 24 1 112 0
99999 2017 4 24 3 338 0
99999 2017 4 24 5 270 0
99999 2017 4 24 6 292 0
99999 2017 4 24 7 202 0
99999 2017 4 25 2 180 2
99999 2017 4 25 3 180 0
99999 2017 4 25 4 225 1
99999 2017 4 25 5 292 0
99999 2017 4 25 6 202 3
99999 2017 4 25 7 225 3
99999 2017 4 25 8 202 4
99999 2017 4 25 9 225 4
99999 2017 4 25 10 225 5
99999 2017 4 25 11 202 4
99999 2017 4 25 12 180 4
99999 2017 4 25 13 180 4
99999 2017 4 25 14 180 5
99999 2017 4 25 15 180 5
99999 2017 4 25 16 180 4
99999 2017 4 25 17 180 5
99999 2017 4 25 18 180 3
99999 2017 4 25 19 202 3
99999 2017 4 25 20 180 2
99999 2017 4 25 21 180 3
99999 2017 4 25 22 158 3
99999 2017 4 25 23 180 1
99999 2017 4 26 0 180 2
99999 2017 4 26 1 180 3
99999 2017 4 26 2 180 6
99999 2017 4 26 3 180 2
99999 2017 4 26 5 135 0
99999 2017 4 26 6 112 0
99999 2017 4 26 7 112 3
99999 2017 4 26 8 180 5
99999 2017 4 26 9 180 4
99999 2017 4 26 10 180 4
99999 2017 4 26 11 135 1
99999 2017 4 26 12 180 3
99999 2017 4 26 13 180 3
99999 2017 4 26 14 180 5
99999 2017 4 26 15 180 5
99999 2017 4 26 16 202 5
99999 2017 4 26 17 180 6
99999 2017 4 26 18 202 3
99999 2017 4 26 19 180 2
99999 2017 4 26 20 225 1
99999 2017 4 26 22 135 2
99999 2017 4 26 23 158 1
99999 2017 4 27 0 180 5
99999 2017 4 27 1 158 7
99999 2017 4 27 2 180 7
99999 2017 4 27 3 202 2
99999 2017 4 27 4 292 2
99999 2017 4 27 5 315 1
99999 2017 4 27 8 112 0
99999 2017 4 27 10 135 0
99999 2017 4 27 11 0 1
99999 2017 4 27 12 0 2
99999 2017 4 27 13 0 1
99999 2017 4 27 14 180 3
99999 2017 4 27 15 0 2
99999 2017 4 27 16 0 0
99999 2017 4 27 17 180 3
99999 2017 4 27 18 180 4
99999 2017 4 27 19 180 4
99999 2017 4 27 20 135 3
99999 2017 4 27 21 180 3
99999 2017 4 27 22 315 2
99999 2017 4 27 23 112 1
99999 2017 4 28 0 315 1
99999 2017 4 28 1 180 1
99999 2017 4 28 2 292 1
99999 2017 4 28 4 135 1
99999 2017 4 28 5 202 5
99999 2017 4 28 6 180 3
99999 2017 4 28 7 180 6
99999 2017 4 28 8 180 3
99999 2017 4 28 9 180 2
99999 2017 4 28 10 180 3
99999 2017 4 28 11 202 7
99999 2017 4 28 12 202 7
99999 2017 4 28 13 202 4
99999 2017 4 28 14 202 8
99999 2017 4 28 15 202 5
99999 2017 4 28 16 202 3
99999 2017 4 28 17 270 3
99999 2017 4 28 18 315 3
99999 2017 4 28 19 315 1
99999 2017 4 28 20 225 1
99999 2017 4 28 21 180 1
99999 2017 4 28 22 202 2
99999 2017 4 28 23 315 0
99999 2017 4 29 0 270 0
99999 2017 4 29 21 112 0
99999 2017 4 29 22 112 0
99999 2017 4 29 23 135 0
99999 2017 4 30 5 248 0
99999 2017 4 30 9 135 0
99999 2017 4 30 10 135 0
99999 2017 4 30 11 135 3
99999 2017 4 30 12 112 2
99999 2017 4 30 13 112 2
99999 2017 4 30 14 112 2
99999 2017 4 30 15 112 2
99999 2017 4 30 16 112 3
99999 2017 4 30 17 112 3
99999 2017 4 30 18 112 1
99999 2017 4 30 19 112 2
99999 2017 4 30 20 112 1
99999 2017 4 30 21 112 1
99999 2017 4 30 22 135 0
99999 2017 5 1 2 225 0
99999 2017 5 1 8 112 1
99999 2017 5 1 9 112 2
99999 2017 5 1 10 112 2
99999 2017 5 1 11 112 3
99999 2017 5 1 12 135 6
99999 2017 5 1 13 112 5
99999 2017 5 1 14 112 3
99999 2017 5 1 15 180 3
99999 2017 5 1 16 135 1
99999 2017 5 1 17 135 1
99999 2017 5 1 18 270 2
99999 2017 5 1 19 292 1
99999 2017 5 1 20 270 0
99999 2017 5 1 21 292 3
99999 2017 5 1 22 315 2
99999 2017 5 1 23 315 1
99999 2017 5 2 0 270 1
99999 2017 5 2 14 112 2
99999 2017 5 2 15 112 3
99999 2017 5 2 16 112 5
99999 2017 5 2 17 180 4
99999 2017 5 2 18 158 6
99999 2017 5 2 19 180 4
99999 2017 5 2 20 135 3
99999 2017 5 2 21 158 1
99999 2017 5 2 22 158 0
99999 2017 5 2 23 0 0
99999 2017 5 3 0 0 0
99999 2017 5 3 6 135 0
99999 2017 5 3 7 292 0
99999 2017 5 3 8 315 0
99999 2017 5 3 9 45 0
99999 2017 5 3 10 0 1
99999 2017 5 3 11 315 2
99999 2017 5 3 12 0 1
99999 2017 5 3 13 315 1
99999 2017 5 3 14 315 2
99999 2017 5 3 15 45 0
99999 2017 5 3 16 225 1
99999 2017 5 3 17 202 3
99999 2017 5 3 18 202 1
99999 2017 5 3 19 315 3
99999 2017 5 3 20 315 1
99999 2017 5 3 21 292 0
99999 2017 5 4 0 270 0
99999 2017 5 4 2 180 0
99999 2017 5 4 3 225 0
99999 2017 5 4 4 248 0
99999 2017 5 4 6 225 0
99999 2017 5 4 7 202 0
99999 2017 5 4 9 338 0
99999 2017 5 4 10 0 0
99999 2017 5 4 11 22 1
99999 2017 5 4 12 135 1
99999 2017 5 4 13 292 0
99999 2017 5 4 14 292 0
99999 2017 5 4 16 338 1
99999 2017 5 4 17 135 0
99999 2017 5 4 18 112 0
99999 2017 5 4 19 112 0
99999 2017 5 4 20 112 1
99999 2017 5 4 23 315 4
99999 2017 5 5 0 292 1
99999 2017 5 5 1 292 1
99999 2017 5 5 2 270 1
99999 2017 5 5 3 248 0
99999 2017 5 5 4 180 0
99999 2017 5 5 6 0 0
99999 2017 5 5 7 248 0
99999 2017 5 5 8 270 1
99999 2017 5 5 9 270 2
99999 2017 5 5 10 315 3
99999 2017 5 5 11 292 3
99999 2017 5 5 12 292 3
99999 2017 5 5 13 270 2
99999 2017 5 5 14 270 2
99999 2017 5 5 15 315 2
99999 2017 5 5 16 0 2
99999 2017 5 5 17 315 1
99999 2017 5 5 18 0 0
99999 2017 5 5 19 45 0
99999 2017 5 5 20 112 1
99999 2017 5 5 21 112 1
99999 2017 5 5 22 112 2
99999 2017 5 5 23 112 0
99999 2017 5 6 1 112 0
99999 2017 5 6 7 315 0
99999 2017 5 6 8 0 0
99999 2017 5 6 9 0 0
99999 2017 5 6 10 0 0
99999 2017 5 6 11 0 1
99999 2017 5 6 12 112 0
99999 2017 5 6 13 112 3
99999 2017 5 6 14 112 3
99999 2017 5 6 15 112 3
99999 2017 5 6 16 112 1
99999 2017 5 6 17 338 0
99999 2017 5 6 18 45 0
99999 2017 5 6 20 135 0
99999 2017 5 6 21 0 0
99999 2017 5 6 22 45 1
99999 2017 5 6 23 45 1
99999 2017 5 7 0 0 1
99999 2017 5 7 1 0 1
99999 2017 5 7 2 315 3
99999 2017 5 7 3 315 3
99999 2017 5 7 4 292 2
99999 2017 5 7 5 270 2
99999 2017 5 7 6 270 0
99999 2017 5 7 7 202 0
99999 2017 5 7 8 225 0
99999 2017 5 7 9 248 1
99999 2017 5 7 10 270 0
99999 2017 5 7 11 292 0
99999 2017 5 7 12 315 2
99999 2017 5 7 13 315 4
99999 2017 5 7 14 315 3
99999 2017 5 7 15 270 3
99999 2017 5 7 16 270 3
99999 2017 5 7 17 270 2
99999 2017 5 7 18 248 1
99999 2017 5 7 19 202 1
99999 2017 5 7 20 270 0
99999 2017 5 7 21 180 1
99999 2017 5 7 22 270 0
99999 2017 5 7 23 135 1
99999 2017 5 8 3 135 0
99999 2017 5 8 5 180 0
99999 2017 5 8 6 202 0
99999 2017 5 8 7 225 1
99999 2017 5 8 8 158 0
99999 2017 5 8 9 315 1
99999 2017 5 8 10 292 2
99999 2017 5 8 11 315 3
99999 2017 5 8 12 270 3
99999 2017 5 8 13 292 1
99999 2017 5 8 14 315 1
99999 2017 5 8 15 270 1
99999 2017 5 8 17 270 2
99999 2017 5 8 18 270 1
99999 2017 5 8 19 0 1
99999 2017 5 9 0 45 0
99999 2017 5 9 2 292 0
99999 2017 5 9 4 315 0
99999 2017 5 9 5 292 0
99999 2017 5 9 6 248 1
99999 2017 5 9 8 225 0
99999 2017 5 9 9 338 0
99999 2017 5 9 11 135 2
99999 2017 5 9 12 112 2
99999 2017 5 9 13 135 5
99999 2017 5 9 14 112 4
99999 2017 5 9 15 135 4
99999 2017 5 9 16 112 3
99999 2017 5 9 17 112 3
99999 2017 5 9 18 112 3
99999 2017 5 9 19 135 3
99999 2017 5 9 20 112 2
99999 2017 5 9 22 135 0
99999 2017 5 10 2 112 0
99999 2017 5 10 3 112 1
99999 2017 5 10 4 112 0
99999 2017 5 10 5 112 0
99999 2017 5 10 8 45 0
99999 2017 5 10 9 112 1
99999 2017 5 10 10 112 2
99999 2017 5 10 11 112 3
99999 2017 5 10 12 112 3
99999 2017 5 10 13 112 3
99999 2017 5 10 14 112 2
99999 2017 5 10 15 45 2
99999 2017 5 10 16 112 1
99999 2017 5 10 17 112 2
99999 2017 5 10 18 112 1
99999 2017 5 10 19 112 1
99999 2017 5 10 20 112 0
99999 2017 5 10 21 112 3
99999 2017 5 10 22 112 1
99999 2017 5 10 23 112 1
99999 2017 5 11 0 112 0
99999 2017 5 11 1 112 0
99999 2017 5 11 15 112 3
99999 2017 5 11 16 112 2
99999 2017 5 11 17 112 1
99999 2017 5 11 18 112 1
99999 2017 5 11 19 112 1
99999 2017 5 11 20 112 0
99999 2017 5 11 21 135 0
99999 2017 5 11 22 112 1
99999 2017 5 11 23 112 2
99999 2017 5 12 0 112 0
99999 2017 5 12 1 0 0
99999 2017 5 12 2 68 0
99999 2017 5 12 5 158 0
99999 2017 5 12 6 135 1
99999 2017 5 12 7 338 0
99999 2017 5 12 8 270 2
99999 2017 5 12 9 270 0
99999 2017 5 12 10 338 1
99999 2017 5 12 11 0 3
99999 2017 5 12 12 0 3
99999 2017 5 12 13 0 1
99999 2017 5 12 14 0 2
99999 2017 5 12 15 0 0
99999 2017 5 12 16 112 0
99999 2017 5 12 17 112 0
99999 2017 5 12 18 0 2
99999 2017 5 13 10 338 1
99999 2017 5 13 11 338 2
99999 2017 5 13 12 0 2
99999 2017 5 13 13 338 3
99999 2017 5 13 14 112 2
99999 2017 5 13 15 0 0
99999 2017 5 13 16 135 0
99999 2017 5 13 17 112 0
99999 2017 5 13 18 135 1
99999 2017 5 13 19 135 1
99999 2017 5 13 20 158 1
99999 2017 5 13 21 202 1
99999 2017 5 13 22 202 0
99999 2017 5 13 23 225 1
99999 2017 5 14 0 225 2
99999 2017 5 14 1 202 1
99999 2017 5 14 2 225 0
99999 2017 5 14 19 180 3
99999 2017 5 14 20 202 1
99999 2017 5 14 21 225 2
99999 2017 5 14 22 225 3
99999 2017 5 14 23 225 0
99999 2017 5 15 0 225 1
99999 2017 5 15 1 225 1
99999 2017 5 15 5 0 1
99999 2017 5 15 6 292 1
99999 2017 5 15 8 338 1
99999 2017 5 15 9 0 0
99999 2017 5 15 10 338 1
99999 2017 5 15 11 0 1
99999 2017 5 15 12 0 1
99999 2017 5 15 13 338 3
99999 2017 5 15 14 0 3
99999 2017 5 15 15 0 3
99999 2017 5 15 16 0 2
99999 2017 5 15 17 0 2
99999 2017 5 15 18 0 1
99999 2017 5 15 19 45 1
99999 2017 5 15 20 68 0
99999 2017 5 15 21 0 1
99999 2017 5 15 22 112 1
99999 2017 5 15 23 0 0
99999 2017 5 16 1 315 1
99999 2017 5 16 2 292 1
99999 2017 5 16 3 270 0
99999 2017 5 16 4 292 0
99999 2017 5 16 18 135 0
99999 2017 5 16 19 0 0
99999 2017 5 16 20 0 0
99999 2017 5 17 9 270 2
99999 2017 5 17 10 315 2
99999 2017 5 17 11 0 0
99999 2017 5 17 12 135 1
99999 2017 5 17 13 112 2
99999 2017 5 17 14 135 3
99999 2017 5 17 15 112 3
99999 2017 5 17 16 112 2
99999 2017 5 17 17 112 3
99999 2017 5 17 18 112 2
99999 2017 5 17 19 112 4
99999 2017 5 17 20 112 5
99999 2017 5 17 21 112 3
99999 2017 5 17 22 135 0
99999 2017 5 18 4 225 0
99999 2017 5 18 5 0 1
99999 2017 5 18 6 180 1
99999 2017 5 18 8 338 0
99999 2017 5 18 9 315 0
99999 2017 5 18 10 0 0
99999 2017 5 18 11 135 2
99999 2017 5 18 12 112 2
99999 2017 5 18 13 112 2
99999 2017 5 18 14 112 3
99999 2017 5 18 15 112 3
99999 2017 5 18 16 112 2
99999 2017 5 18 17 112 3
99999 2017 5 18 18 112 3
99999 2017 5 18 19 112 2
99999 2017 5 18 20 112 2
99999 2017 5 18 21 112 3
99999 2017 5 18 22 112 2
99999 2017 5 18 23 112 1
99999 2017 5 19 5 0 0
99999 2017 5 19 8 225 0
99999 2017 5 19 9 180 3
99999 2017 5 19 10 180 2
99999 2017 5 19 11 180 2
99999 2017 5 19 12 135 2
99999 2017 5 19 13 180 2
99999 2017 5 19 14 180 3
99999 2017 5 19 15 225 3
99999 2017 5 19 16 315 3
99999 2017 5 19 17 180 1
99999 2017 5 19 18 180 3
99999 2017 5 19 19 180 1
99999 2017 5 19 20 180 2
99999 2017 5 19 21 180 2
99999 2017 5 19 22 202 0
99999 2017 5 20 14 0 3
99999 2017 5 20 15 112 2
99999 2017 5 20 16 112 3
99999 2017 5 20 17 112 3
99999 2017 5 20 18 180 2
99999 2017 5 20 19 0 1
99999 2017 5 20 20 0 0
99999 2017 5 20 21 315 1
99999 2017 5 20 22 315 2
99999 2017 5 20 23 270 0
99999 2017 5 21 0 292 0
99999 2017 5 21 1 292 1
99999 2017 5 21 2 270 0
99999 2017 5 21 3 315 0
99999 2017 5 21 6 292 0
99999 2017 5 21 7 292 1
99999 2017 5 21 8 315 2
99999 2017 5 21 9 270 4
99999 2017 5 21 10 315 4
99999 2017 5 21 11 315 3
99999 2017 5 21 12 315 3
99999 2017 5 21 13 338 2
99999 2017 5 21 14 0 1
99999 2017 5 21 15 0 0
99999 2017 5 21 16 0 1
99999 2017 5 21 17 0 0
99999 2017 5 21 18 0 0
99999 2017 5 21 19 45 0
99999 2017 5 21 20 112 2
99999 2017 5 22 1 225 0
99999 2017 5 22 4 202 0
99999 2017 5 22 6 225 1
99999 2017 5 22 7 202 0
99999 2017 5 22 8 202 1
99999 2017 5 22 10 0 0
99999 2017 5 22 11 0 1
99999 2017 5 22 12 112 2
99999 2017 5 22 13 112 3
99999 2017 5 22 14 135 2
99999 2017 5 22 15 0 2
99999 2017 5 22 16 112 2
99999 2017 5 22 17 112 1
99999 2017 5 22 18 112 2
99999 2017 5 22 19 112 2
99999 2017 5 22 20 112 1
99999 2017 5 22 21 112 0
99999 2017 5 23 1 338 0
99999 2017 5 23 2 202 1
99999 2017 5 23 3 202 0
99999 2017 5 23 4 225 0
99999 2017 5 23 5 202 0
99999 2017 5 23 6 202 0
99999 2017 5 23 8 202 0
99999 2017 5 23 9 270 0
99999 2017 5 23 10 315 1
99999 2017 5 23 11 270 0
99999 2017 5 23 12 338 2
99999 2017 5 23 13 0 2
99999 2017 5 23 14 338 2
99999 2017 5 23 15 315 2
99999 2017 5 23 16 315 1
99999 2017 5 23 17 315 1
99999 2017 5 23 18 0 1
99999 2017 5 23 19 270 0
99999 2017 5 23 20 292 0
99999 2017 5 23 22 180 0
99999 2017 5 23 23 202 3
99999 2017 5 24 0 202 3
99999 2017 5 24 1 225 3
99999 2017 5 24 2 202 2
99999 2017 5 24 3 202 1
99999 2017 5 24 4 202 1
99999 2017 5 24 6 202 0
99999 2017 5 24 8 202 0
99999 2017 5 24 9 270 2
99999 2017 5 24 10 315 1
99999 2017 5 24 11 270 1
99999 2017 5 24 12 315 1
99999 2017 5 24 13 315 2
99999 2017 5 24 14 315 3
99999 2017 5 24 15 338 2
99999 2017 5 24 16 292 2
99999 2017 5 24 17 248 2
99999 2017 5 24 18 315 2
99999 2017 5 24 19 315 1
99999 2017 5 24 20 0 0
99999 2017 5 24 21 112 0
99999 2017 5 24 22 180 1
99999 2017 5 24 23 202 3
99999 2017 5 25 0 225 3
99999 2017 5 25 1 225 0
99999 2017 5 25 2 0 1
99999 2017 5 26 0 112 0
99999 2017 5 26 7 112 0
99999 2017 5 26 9 112 2
99999 2017 5 26 10 112 3
99999 2017 5 26 11 112 4
99999 2017 5 26 12 112 4
99999 2017 5 26 13 112 3
99999 2017 5 26 14 112 2
99999 2017 5 26 15 112 3
99999 2017 5 26 16 112 1
99999 2017 5 26 17 112 1
99999 2017 5 26 18 112 2
99999 2017 5 26 19 112 1
99999 2017 5 26 20 112 1
99999 2017 5 26 21 112 3
99999 2017 5 26 22 112 1
99999 2017 5 26 23 158 0
99999 2017 5 27 0 112 0
99999 2017 5 27 1 112 0
99999 2017 5 27 2 135 1
99999 2017 5 27 5 225 0
99999 2017 5 27 6 202 0
99999 2017 5 27 7 202 1
99999 2017 5 27 8 202 0
99999 2017 5 27 9 0 0
99999 2017 5 27 10 135 0
99999 2017 5 27 11 135 1
99999 2017 5 27 12 112 3
99999 2017 5 27 13 112 2
99999 2017 5 27 14 112 2
99999 2017 5 27 15 112 2
99999 2017 5 27 16 112 2
99999 2017 5 27 17 112 2
99999 2017 5 27 18 112 1
99999 2017 5 27 19 112 3
99999 2017 5 27 20 112 2
99999 2017 5 27 21 112 1
99999 2017 5 27 22 112 1
99999 2017 5 28 4 225 0
99999 2017 5 28 5 180 1
99999 2017 5 28 6 202 1
99999 2017 5 28 7 202 2
99999 2017 5 28 8 225 0
99999 2017 5 28 9 225 1
99999 2017 5 28 10 112 1
99999 2017 5 28 11 112 2
99999 2017 5 28 12 112 3
99999 2017 5 28 13 135 4
99999 2017 5 28 14 135 2
99999 2017 5 28 15 112 3
99999 2017 5 28 16 112 2
99999 2017 5 28 17 112 2
99999 2017 5 28 18 112 3
99999 2017 5 28 19 112 3
99999 2017 5 28 20 112 3
99999 2017 5 28 21 112 3
99999 2017 5 28 22 112 2
99999 2017 5 28 23 112 1
99999 2017 5 29 0 112 0
99999 2017 5 29 7 0 0
99999 2017 5 29 8 292 0
99999 2017 5 29 9 315 0
99999 2017 5 29 10 135 1
99999 2017 5 29 11 112 2
99999 2017 5 29 12 112 3
99999 2017 5 29 13 112 3
99999 2017 5 29 14 112 2
99999 2017 5 29 15 112 2
99999 2017 5 29 16 112 3
99999 2017 5 29 17 112 3
99999 2017 5 29 18 112 3
99999 2017 5 29 19 112 2
99999 2017 5 29 20 112 2
99999 2017 5 29 21 112 1
99999 2017 5 29 22 112 1
99999 2017 5 29 23 112 3
99999 2017 5 30 0 112 0
99999 2017 5 30 5 315 1
99999 2017 5 30 6 248 1
99999 2017 5 30 7 202 0
99999 2017 5 30 8 248 1
99999 2017 5 30 9 270 3
99999 2017 5 30 10 338 0
99999 2017 5 30 11 338 1
99999 2017 5 30 12 0 3
99999 2017 5 30 13 315 2
99999 2017 5 30 14 0 2
99999 2017 5 30 15 135 2
99999 2017 5 30 16 158 2
99999 2017 5 30 17 112 1
99999 2017 5 30 18 112 0
99999 2017 5 30 19 0 1
99999 2017 5 30 21 180 2
99999 2017 5 30 22 180 3
99999 2017 5 30 23 202 4
99999 2017 5 31 0 202 6
99999 2017 5 31 1 202 5
99999 2017 5 31 2 202 4
99999 2017 5 31 3 202 5
99999 2017 5 31 4 225 3
99999 2017 5 31 5 225 1
99999 2017 5 31 6 248 1
99999 2017 5 31 7 248 0
99999 2017 5 31 8 270 2
99999 2017 5 31 9 270 3
99999 2017 5 31 10 270 3
99999 2017 5 31 11 315 3
99999 2017 5 31 12 0 2
99999 2017 5 31 13 0 1
99999 2017 5 31 14 0 1
99999 2017 5 31 15 0 1
99999 2017 5 31 16 135 1
99999 2017 5 31 17 112 3
99999 2017 5 31 18 180 4
99999 2017 5 31 19 158 3
99999 2017 5 31 20 202 2
99999 2017 5 31 21 202 3
99999 2017 5 31 22 202 4
99999 2017 5 31 23 202 4
99999 2018 4 26 2 225 2
99999 2018 4 26 3 202 4
99999 2018 4 26 16 112 3
99999 2018 4 26 17 180 3
99999 2018 4 26 18 202 2
99999 2018 4 26 19 180 2
99999 2018 4 26 20 202 2
99999 2018 4 26 21 135 0
99999 2018 4 26 22 202 2
99999 2018 4 26 23 202 3
99999 2018 4 27 0 225 1
99999 2018 4 27 1 180 0
99999 2018 4 27 2 0 2
99999 2018 4 27 3 158 0
99999 2018 4 27 4 112 0
99999 2018 4 27 5 112 1
99999 2018 4 27 18 112 1
99999 2018 4 27 19 112 0
99999 2018 4 27 20 112 0
99999 2018 4 27 21 112 0
99999 2018 4 27 23 180 0
99999 2018 4 28 8 338 0
99999 2018 4 28 9 315 0
99999 2018 4 28 10 22 1
99999 2018 4 28 11 112 0
99999 2018 4 28 12 135 2
99999 2018 4 28 13 112 2
99999 2018 4 28 14 112 3
99999 2018 4 28 15 112 3
99999 2018 4 28 16 112 3
99999 2018 4 28 17 112 1
99999 2018 4 28 18 112 1
99999 2018 4 28 19 45 0
99999 2018 4 28 20 112 0
99999 2018 4 28 21 158 0
99999 2018 4 28 22 202 0
99999 2018 4 29 6 225 0
99999 2018 4 29 7 135 0
99999 2018 4 29 8 135 0
99999 2018 4 29 9 112 1
99999 2018 4 29 10 45 0
99999 2018 4 29 11 22 0
99999 2018 4 29 12 0 1
99999 2018 4 29 13 112 1
99999 2018 4 29 14 112 3
99999 2018 4 29 15 112 5
99999 2018 4 29 16 112 2
99999 2018 4 29 17 112 1
99999 2018 4 29 18 112 2
99999 2018 4 29 19 112 2
99999 2018 4 29 20 112 1
99999 2018 4 30 1 180 3
99999 2018 4 30 2 180 3
99999 2018 4 30 3 270 1
99999 2018 4 30 5 158 0
99999 2018 4 30 6 292 0
99999 2018 4 30 7 202 1
99999 2018 4 30 8 248 1
99999 2018 4 30 9 180 1
99999 2018 4 30 10 180 3
99999 2018 4 30 11 248 2
99999 2018 4 30 12 202 3
99999 2018 4 30 13 248 1
99999 2018 4 30 14 202 4
99999 2018 4 30 15 202 5
99999 2018 4 30 16 202 3
99999 2018 4 30 17 225 2
99999 2018 4 30 18 180 1
99999 2018 4 30 19 202 1
99999 2018 4 30 20 180 2
99999 2018 4 30 21 225 3
99999 2018 4 30 22 248 1
99999 2018 4 30 23 180 0
99999 2018 5 1 0 202 0
99999 2018 5 1 1 112 1
99999 2018 5 1 2 135 2
99999 2018 5 1 3 180 1
99999 2018 5 1 23 338 0
99999 2018 5 2 0 338 0
99999 2018 5 2 1 0 1
99999 2018 5 2 2 338 0
99999 2018 5 2 4 45 1
99999 2018 5 2 5 45 1
99999 2018 5 2 6 112 0
99999 2018 5 2 7 45 1
99999 2018 5 2 8 45 2
99999 2018 5 2 9 45 2
99999 2018 5 2 10 68 1
99999 2018 5 2 11 292 0
99999 2018 5 2 12 315 2
99999 2018 5 2 13 338 3
99999 2018 5 2 14 338 3
99999 2018 5 2 15 270 1
99999 2018 5 2 16 292 3
99999 2018 5 2 17 315 3
99999 2018 5 2 18 315 4
99999 2018 5 2 19 292 3
99999 2018 5 2 20 292 3
99999 2018 5 2 21 292 3
99999 2018 5 2 22 292 3
99999 2018 5 2 23 292 3
99999 2018 5 3 0 292 2
99999 2018 5 3 1 270 2
99999 2018 5 3 2 292 3
99999 2018 5 3 3 292 2
99999 2018 5 3 4 292 3
99999 2018 5 3 5 270 1
99999 2018 5 3 6 315 3
99999 2018 5 3 7 292 3
99999 2018 5 3 8 292 3
99999 2018 5 3 9 315 2
99999 2018 5 3 10 338 0
99999 2018 5 3 11 0 0
99999 2018 5 3 12 270 0
99999 2018 5 3 13 338 2
99999 2018 5 3 14 338 1
99999 2018 5 3 15 292 3
99999 2018 5 3 16 292 3
99999 2018 5 3 17 315 3
99999 2018 5 3 18 135 1
99999 2018 5 3 19 135 1
99999 2018 5 3 20 292 0
99999 2018 5 3 21 292 2
99999 2018 5 3 22 292 0
99999 2018 5 4 0 292 1
99999 2018 5 4 1 0 0
99999 2018 5 4 2 45 0
99999 2018 5 4 3 22 1
99999 2018 5 4 4 45 1
99999 2018 5 4 5 22 0
99999 2018 5 4 6 22 0
99999 2018 5 4 7 0 0
99999 2018 5 4 8 22 0
99999 2018 5 4 9 45 2
99999 2018 5 4 10 0 3
99999 2018 5 4 11 45 3
99999 2018 5 4 12 45 3
99999 2018 5 4 13 112 3
99999 2018 5 4 14 45 2
99999 2018 5 4 15 45 1
99999 2018 5 4 16 112 1
99999 2018 5 4 17 112 1
99999 2018 5 4 18 112 1
99999 2018 5 4 19 112 0
99999 2018 5 4 20 112 0
99999 2018 5 5 0 315 0
99999 2018 5 5 1 292 0
99999 2018 5 5 2 292 1
99999 2018 5 5 3 270 0
99999 2018 5 5 4 270 1
99999 2018 5 5 5 270 1
99999 2018 5 5 6 270 2
99999 2018 5 5 7 270 2
99999 2018 5 5 8 292 2
99999 2018 5 5 9 315 3
99999 2018 5 5 10 292 3
99999 2018 5 5 11 315 3
99999 2018 5 6 12 338 1
99999 2018 5 6 13 0 1
99999 2018 5 6 14 135 0
99999 2018 5 6 15 45 2
99999 2018 5 6 16 112 2
99999 2018 5 6 17 112 3
99999 2018 5 6 18 135 1
99999 2018 5 6 19 112 1
99999 2018 5 6 21 112 0
99999 2018 5 6 23 135 0
99999 2018 5 7 5 292 0
99999 2018 5 7 7 270 0
99999 2018 5 7 8 292 0
99999 2018 5 7 9 270 1
99999 2018 5 7 10 315 2
99999 2018 5 7 11 315 3
99999 2018 5 7 12 0 1
99999 2018 5 7 13 338 1
99999 2018 5 7 14 0 1
99999 2018 5 7 15 0 2
99999 2018 5 7 16 0 0
99999 2018 5 7 17 22 0
99999 2018 5 7 18 45 0
99999 2018 5 7 19 270 3
99999 2018 5 7 20 248 1
99999 2018 5 7 21 292 2
99999 2018 5 7 22 270 1
99999 2018 5 7 23 270 1
99999 2018 5 8 0 270 1
99999 2018 5 8 1 270 1
99999 2018 5 8 2 270 1
99999 2018 5 8 3 270 1
99999 2018 5 8 4 292 1
99999 2018 5 8 5 292 2
99999 2018 5 8 6 270 2
99999 2018 5 8 7 315 3
99999 2018 5 8 8 315 7
99999 2018 5 8 9 315 3
99999 2018 5 8 10 315 3
99999 2018 5 8 11 315 3
99999 2018 5 8 12 0 2
99999 2018 5 8 13 0 1
99999 2018 5 8 14 45 1
99999 2018 5 8 15 135 1
99999 2018 5 8 16 0 1
99999 2018 5 8 17 112 0
99999 2018 5 8 18 135 0
99999 2018 5 8 19 112 0
99999 2018 5 8 20 0 1
99999 2018 5 8 21 0 0
99999 2018 5 8 23 248 0
99999 2018 5 9 0 292 2
99999 2018 5 9 1 292 3
99999 2018 5 9 2 292 3
99999 2018 5 9 3 292 2
99999 2018 5 9 4 270 2
99999 2018 5 9 5 292 2
99999 2018 5 9 6 270 1
99999 2018 5 9 7 270 2
99999 2018 5 9 8 292 0
99999 2018 5 9 9 315 1
99999 2018 5 9 10 270 1
99999 2018 5 9 11 270 1
99999 2018 5 9 12 315 2
99999 2018 5 9 13 270 1
99999 2018 5 9 14 270 3
99999 2018 5 9 15 270 3
99999 2018 5 9 16 270 3
99999 2018 5 9 17 338 0
99999 2018 5 9 18 135 0
99999 2018 5 9 19 135 2
99999 2018 5 9 20 292 0
99999 2018 5 9 22 0 0
99999 2018 5 9 23 292 0
99999 2018 5 10 0 270 1
99999 2018 5 10 1 292 1
99999 2018 5 10 2 315 2
99999 2018 5 10 3 292 1
99999 2018 5 10 4 292 2
99999 2018 5 10 5 315 1
99999 2018 5 10 6 270 1
99999 2018 5 10 7 270 2
99999 2018 5 10 8 270 2
99999 2018 5 10 9 292 3
99999 2018 5 10 10 292 3
99999 2018 5 10 11 0 2
99999 2018 5 10 12 0 3
99999 2018 5 10 13 0 2
99999 2018 5 10 14 315 0
99999 2018 5 10 15 202 1
99999 2018 5 10 16 292 0
99999 2018 5 10 17 112 1
99999 2018 5 10 22 225 0
99999 2018 5 10 23 225 1
99999 2018 5 11 0 225 1
99999 2018 5 11 1 225 0
99999 2018 5 11 2 225 0
99999 2018 5 11 4 225 0
99999 2018 5 11 5 225 1
99999 2018 5 11 6 225 1
99999 2018 5 11 7 180 0
99999 2018 5 11 8 270 1
99999 2018 5 11 9 315 1
99999 2018 5 11 10 338 1
99999 2018 5 11 11 0 1
99999 2018 5 11 12 22 1
99999 2018 5 11 13 0 1
99999 2018 5 11 14 135 1
99999 2018 5 11 15 112 2
99999 2018 5 11 16 202 3
99999 2018 5 11 17 202 4
99999 2018 5 11 18 180 3
99999 2018 5 11 19 248 0
99999 2018 5 11 20 338 0
99999 2018 5 12 0 292 2
99999 2018 5 12 1 270 1
99999 2018 5 12 2 292 1
99999 2018 5 12 3 248 0
99999 2018 5 12 4 315 0
99999 2018 5 12 5 270 1
99999 2018 5 12 6 248 1
99999 2018 5 12 7 270 2
99999 2018 5 12 8 270 3
99999 2018 5 12 9 315 3
99999 2018 5 12 10 270 2
99999 2018 5 12 11 270 1
99999 2018 5 12 12 270 1
99999 2018 5 12 13 0 2
99999 2018 5 12 14 45 0
99999 2018 5 12 15 135 4
99999 2018 5 12 16 248 0
99999 2018 5 12 17 292 3
99999 2018 5 12 18 270 1
99999 2018 5 12 19 180 0
99999 2018 5 12 22 135 0
99999 2018 5 12 23 90 0
99999 2018 5 13 0 0 0
99999 2018 5 13 1 270 1
99999 2018 5 13 2 225 1
99999 2018 5 13 3 292 0
99999 2018 5 13 5 292 0
99999 2018 5 13 6 248 0
99999 2018 5 13 7 202 3
99999 2018 5 13 8 270 2
99999 2018 5 13 9 270 1
99999 2018 5 13 10 45 0
99999 2018 5 13 11 135 2
99999 2018 5 13 12 180 3
99999 2018 5 13 13 202 8
99999 2018 5 13 14 158 6
99999 2018 5 13 15 202 5
99999 2018 5 13 16 202 5
99999 2018 5 13 17 202 8
99999 2018 5 13 18 202 5
99999 2018 5 13 19 180 3
99999 2018 5 13 20 180 1
99999 2018 5 13 21 248 0
99999 2018 5 13 22 202 3
99999 2018 5 13 23 202 2
99999 2018 5 14 0 202 1
99999 2018 5 14 1 180 0
99999 2018 5 14 2 180 1
99999 2018 5 14 16 338 4
99999 2018 5 14 17 0 2
99999 2018 5 14 18 0 2
99999 2018 5 14 19 292 1
99999 2018 5 14 20 315 0
99999 2018 5 14 21 270 0
99999 2018 5 14 22 202 3
99999 2018 5 14 23 225 3
99999 2018 5 15 0 202 3
99999 2018 5 15 1 292 2
99999 2018 5 15 2 202 3
99999 2018 5 15 3 202 4
99999 2018 5 15 4 202 3
99999 2018 5 15 5 248 1
99999 2018 5 15 6 202 1
99999 2018 5 15 7 202 5
99999 2018 5 15 8 180 5
99999 2018 5 15 9 180 3
99999 2018 5 15 10 0 3
99999 2018 5 15 11 338 3
99999 2018 5 15 12 0 3
99999 2018 5 15 13 338 4
99999 2018 5 15 14 0 1
99999 2018 5 15 15 0 3
99999 2018 5 15 16 0 1
99999 2018 5 15 17 202 3
99999 2018 5 15 18 202 2
99999 2018 5 15 19 202 1
99999 2018 5 15 20 202 1
99999 2018 5 15 21 180 1
99999 2018 5 15 22 202 2
99999 2018 5 15 23 225 2
99999 2018 5 16 0 202 0
99999 2018 5 16 1 225 1
99999 2018 5 16 2 202 2
99999 2018 5 16 3 225 1
99999 2018 5 16 4 292 0
99999 2018 5 16 5 225 1
99999 2018 5 16 6 225 0
99999 2018 5 16 7 248 1
99999 2018 5 16 8 270 1
99999 2018 5 16 9 292 1
99999 2018 5 16 10 338 3
99999 2018 5 16 11 270 1
99999 2018 5 16 12 202 2
99999 2018 5 16 13 135 2
99999 2018 5 16 14 135 1
99999 2018 5 16 15 0 1
99999 2018 5 16 16 112 1
99999 2018 5 16 17 225 4
99999 2018 5 16 18 270 3
99999 2018 5 16 20 158 0
99999 2018 5 16 21 292 0
99999 2018 5 16 22 135 2
99999 2018 5 16 23 180 2
99999 2018 5 17 0 202 4
99999 2018 5 17 1 292 3
99999 2018 5 17 2 225 3
99999 2018 5 17 3 270 2
99999 2018 5 17 5 270 2
99999 2018 5 17 6 270 1
99999 2018 5 17 7 270 2
99999 2018 5 17 8 270 4
99999 2018 5 17 9 270 3
99999 2018 5 17 10 270 3
99999 2018 5 17 11 0 3
99999 2018 5 17 12 0 3
99999 2018 5 17 13 338 3
99999 2018 5 17 14 0 2
99999 2018 5 17 15 0 2
99999 2018 5 17 16 180 3
99999 2018 5 17 17 158 3
99999 2018 5 17 18 158 1
99999 2018 5 17 19 202 1
99999 2018 5 17 20 112 1
99999 2018 5 17 22 202 0
99999 2018 5 18 4 202 0
99999 2018 5 18 5 202 0
99999 2018 5 18 8 315 1
99999 2018 5 18 9 0 0
99999 2018 5 18 22 112 0
99999 2018 5 19 4 202 0
99999 2018 5 19 5 225 0
99999 2018 5 19 7 315 0
99999 2018 5 19 8 270 2
99999 2018 5 19 9 22 0
99999 2018 5 19 10 0 0
99999 2018 5 19 11 0 2
99999 2018 5 19 12 0 2
99999 2018 5 19 13 338 3
99999 2018 5 19 14 135 1
99999 2018 5 19 15 112 1
99999 2018 5 19 16 22 1
99999 2018 5 19 17 112 1
99999 2018 5 19 18 112 1
99999 2018 5 19 19 112 2
99999 2018 5 19 20 112 0
99999 2018 5 19 21 112 0
99999 2018 5 20 1 0 0
99999 2018 5 20 2 225 0
99999 2018 5 20 4 225 0
99999 2018 5 20 7 292 2
99999 2018 5 20 8 292 2
99999 2018 5 20 9 292 1
99999 2018 5 20 10 0 1
99999 2018 5 20 11 0 1
99999 2018 5 20 12 112 1
99999 2018 5 20 13 0 3
99999 2018 5 20 14 112 3
99999 2018 5 20 15 112 3
99999 2018 5 20 16 112 3
99999 2018 5 20 17 112 2
99999 2018 5 20 18 112 1
99999 2018 5 20 19 112 1
99999 2018 5 20 22 45 0
99999 2018 5 20 23 180 0
99999 2018 5 21 1 315 2
99999 2018 5 21 2 315 3
99999 2018 5 21 3 292 2
99999 2018 5 21 4 270 2
99999 2018 5 21 5 292 3
99999 2018 5 21 6 292 3
99999 2018 5 21 7 270 3
99999 2018 5 21 8 270 3
99999 2018 5 21 9 0 3
99999 2018 5 21 10 0 1
99999 2018 5 21 11 0 1
99999 2018 5 21 12 0 2
99999 2018 5 21 13 0 2
99999 2018 5 21 14 0 1
99999 2018 5 21 15 135 4
99999 2018 5 21 16 202 2
99999 2018 5 21 17 180 0
99999 2018 5 21 18 202 2
99999 2018 5 21 19 225 1
99999 2018 5 21 20 202 0
99999 2018 5 21 22 292 2
99999 2018 5 21 23 292 2
99999 2018 5 22 0 248 1
99999 2018 5 22 1 292 0
99999 2018 5 22 2 225 0
99999 2018 5 22 3 292 1
99999 2018 5 22 4 270 3
99999 2018 5 22 5 292 2
99999 2018 5 22 6 292 2
99999 2018 5 22 7 292 3
99999 2018 5 23 0 315 2
99999 2018 5 23 1 292 1
99999 2018 5 23 2 315 2
99999 2018 5 23 3 292 1
99999 2018 5 23 4 292 1
99999 2018 5 23 5 270 1
99999 2018 5 23 6 292 2
99999 2018 5 23 7 292 2
99999 2018 5 23 8 315 3
99999 2018 5 23 9 315 3
99999 2018 5 23 10 0 3
99999 2018 5 23 11 338 3
99999 2018 5 23 12 0 2
99999 2018 5 23 13 315 2
99999 2018 5 23 14 292 1
99999 2018 5 23 15 270 2
99999 2018 5 23 16 202 0
99999 2018 5 23 17 22 0
99999 2018 5 23 18 338 1
99999 2018 5 23 22 225 0
99999 2018 5 23 23 225 0
99999 2018 5 24 0 225 0
99999 2018 5 24 1 225 0
99999 2018 5 24 2 225 1
99999 2018 5 24 3 225 3
99999 2018 5 24 5 202 0
99999 2018 5 24 6 225 2
99999 2018 5 24 7 202 0
99999 2018 5 24 8 270 1
99999 2018 5 24 9 270 3
99999 2018 5 24 10 270 3
99999 2018 5 24 11 270 1
99999 2018 5 24 12 0 2
99999 2018 5 24 13 338 2
99999 2018 5 24 14 315 2
99999 2018 5 24 15 338 2
99999 2018 5 24 16 0 2
99999 2018 5 24 17 0 1
99999 2018 5 24 18 0 1
99999 2018 5 24 19 338 0
99999 2018 5 24 20 0 0
99999 2018 5 24 23 202 1
99999 2018 5 25 0 202 0
99999 2018 5 25 1 225 0
99999 2018 5 25 2 225 0
99999 2018 5 25 4 270 1
99999 2018 5 25 8 270 2
99999 2018 5 25 9 315 2
99999 2018 5 25 10 0 2
99999 2018 5 25 11 338 1
99999 2018 5 25 12 0 2
99999 2018 5 25 13 0 2
99999 2018 5 25 14 0 1
99999 2018 5 25 15 135 0
99999 2018 5 25 16 0 1
99999 2018 5 25 17 338 1
99999 2018 5 25 18 338 1
99999 2018 5 25 19 0 0
99999 2018 5 26 1 202 0
99999 2018 5 26 3 22 0
99999 2018 5 26 4 0 0
99999 2018 5 26 6 225 0
99999 2018 5 26 7 135 0
99999 2018 5 26 21 112 0
99999 2018 5 26 22 135 0
99999 2018 5 27 4 202 0
99999 2018 5 27 5 0 0
99999 2018 5 27 7 270 0
99999 2018 5 27 8 248 2
99999 2018 5 27 9 270 3
99999 2018 5 27 10 270 1
99999 2018 5 27 11 292 0
99999 2018 5 27 12 112 1
99999 2018 5 27 13 135 1
99999 2018 5 27 14 135 3
99999 2018 5 27 15 112 1
99999 2018 5 27 16 112 2
99999 2018 5 27 17 112 3
99999 2018 5 27 18 112 3
99999 2018 5 27 19 112 0
99999 2018 5 27 20 112 1
99999 2018 5 27 21 112 1
99999 2018 5 27 22 135 0
99999 2018 5 28 1 315 0
99999 2018 5 28 2 202 0
99999 2018 5 28 4 180 0
99999 2018 5 28 6 0 0
99999 2018 5 28 7 292 2
99999 2018 5 28 8 292 3
99999 2018 5 28 9 270 4
99999 2018 5 28 10 292 3
99999 2018 5 28 11 270 3
99999 2018 5 28 12 315 2
99999 2018 5 28 13 315 2
99999 2018 5 28 14 0 2
99999 2018 5 28 15 0 2
99999 2018 5 28 16 0 1
99999 2018 5 28 17 112 1
99999 2018 5 28 18 112 1
99999 2018 5 28 19 135 1
99999 2018 5 28 21 292 0
99999 2018 5 28 22 135 0
99999 2018 5 28 23 292 2
99999 2018 5 29 0 270 2
99999 2018 5 29 1 315 2
99999 2018 5 30 0 202 1
99999 2018 5 30 2 135 0
99999 2018 5 30 3 225 0
99999 2018 5 30 4 315 0
99999 2018 5 30 6 225 0
99999 2018 5 30 8 292 0
99999 2018 5 30 9 315 0
99999 2018 5 30 10 315 0
99999 2018 5 30 11 0 0
99999 2018 5 30 12 135 1
99999 2018 5 30 13 112 1
99999 2018 5 30 14 112 0
99999 2018 5 30 15 158 0
99999 2018 5 30 17 135 0
99999 2018 5 30 18 112 1
99999 2018 5 30 19 135 0
99999 2018 5 30 20 158 1
99999 2018 5 30 21 135 1
99999 2018 5 30 22 112 1
99999 2018 5 30 23 158 0
99999 2018 5 31 0 225 2
99999 2018 5 31 3 315 0
99999 2018 5 31 4 270 1
99999 2018 5 31 5 270 0
99999 2018 5 31 6 292 0
99999 2018 5 31 8 315 1
99999 2018 5 31 9 315 2
99999 2018 5 31 10 292 2
99999 2018 5 31 11 338 2
99999 2018 5 31 12 0 3
99999 2018 5 31 13 0 2
99999 2018 5 31 14 0 3
99999 2018 5 31 15 270 2
99999 2018 5 31 16 315 3
99999 2018 5 31 17 270 4
99999 2018 5 31 18 0 1
99999 2018 5 31 19 225 0
99999 2018 5 31 20 248 0
99999 2018 5 31 21 0 0
99999 2018 5 31 23 202 0
