99999 2015 12 1 0 0 0
99999 2015 12 1 1 0 0
99999 2015 12 1 4 292 0
99999 2015 12 1 5 292 0
99999 2015 12 1 9 0 1
99999 2015 12 1 10 135 1
99999 2015 12 1 11 0 0
99999 2015 12 1 12 338 1
99999 2015 12 1 13 338 0
99999 2015 12 1 14 338 0
99999 2015 12 1 15 112 0
99999 2015 12 1 16 45 0
99999 2015 12 1 17 68 0
99999 2015 12 1 18 112 0
99999 2015 12 1 22 0 0
99999 2015 12 2 0 202 0
99999 2015 12 2 1 180 0
99999 2015 12 2 3 112 0
99999 2015 12 2 10 90 0
99999 2015 12 2 11 45 0
99999 2015 12 2 12 270 1
99999 2015 12 2 13 338 0
99999 2015 12 2 14 315 1
99999 2015 12 2 15 270 0
99999 2015 12 2 16 292 0
99999 2015 12 2 17 338 1
99999 2015 12 2 18 338 0
99999 2015 12 2 23 338 0
99999 2015 12 3 1 338 0
99999 2015 12 3 3 0 0
99999 2015 12 3 4 292 0
99999 2015 12 3 5 270 0
99999 2015 12 3 6 0 0
99999 2015 12 3 7 338 0
99999 2015 12 3 8 292 1
99999 2015 12 3 9 292 1
99999 2015 12 3 10 338 1
99999 2015 12 3 11 315 2
99999 2015 12 3 12 338 1
99999 2015 12 3 13 315 1
99999 2015 12 3 14 315 2
99999 2015 12 3 15 0 0
99999 2015 12 3 16 0 0
99999 2015 12 3 18 0 0
99999 2015 12 3 20 292 0
99999 2015 12 3 21 270 1
99999 2015 12 3 22 0 0
99999 2015 12 3 23 315 1
99999 2015 12 4 0 292 1
99999 2015 12 4 1 0 0
99999 2015 12 4 16 292 0
99999 2015 12 4 17 0 0
99999 2015 12 4 18 338 0
99999 2015 12 4 20 22 0
99999 2015 12 4 21 135 0
99999 2015 12 4 22 338 0
99999 2015 12 4 23 0 0
99999 2015 12 5 12 292 2
99999 2015 12 5 13 270 3
99999 2015 12 5 14 270 2
99999 2015 12 5 15 315 1
99999 2015 12 5 16 292 1
99999 2015 12 5 17 292 1
99999 2015 12 5 18 292 1
99999 2015 12 5 19 292 1
99999 2015 12 5 20 315 0
99999 2015 12 5 21 315 1
99999 2015 12 5 22 315 1
99999 2015 12 5 23 315 1
99999 2015 12 6 0 270 1
99999 2015 12 6 1 225 0
99999 2015 12 6 2 248 0
99999 2015 12 6 5 292 1
99999 2015 12 6 6 270 1
99999 2015 12 6 7 315 1
99999 2015 12 6 8 315 1
99999 2015 12 6 9 225 0
99999 2015 12 6 10 248 0
99999 2015 12 6 11 0 0
99999 2015 12 6 12 338 1
99999 2015 12 6 13 0 1
99999 2015 12 6 14 0 1
99999 2015 12 6 15 45 0
99999 2015 12 6 17 338 0
99999 2015 12 6 18 0 0
99999 2015 12 6 19 338 0
99999 2015 12 6 21 112 0
99999 2015 12 6 23 68 0
99999 2015 12 7 0 338 0
99999 2015 12 7 1 22 0
99999 2015 12 8 0 315 1
99999 2015 12 8 13 292 1
99999 2015 12 8 14 315 1
99999 2015 12 8 15 292 0
99999 2015 12 8 16 292 0
99999 2015 12 8 20 225 0
99999 2015 12 8 21 248 0
99999 2015 12 8 22 270 0
99999 2015 12 8 23 202 0
99999 2015 12 9 2 0 0
99999 2015 12 9 3 315 0
99999 2015 12 9 4 292 0
99999 2015 12 9 6 315 1
99999 2015 12 9 7 0 0
99999 2015 12 10 0 292 0
99999 2015 12 10 1 315 2
99999 2015 12 10 2 270 2
99999 2015 12 10 3 292 2
99999 2015 12 10 4 315 3
99999 2015 12 10 5 315 3
99999 2015 12 10 6 315 1
99999 2015 12 10 7 270 0
99999 2015 12 10 8 315 2
99999 2015 12 10 9 270 2
99999 2015 12 10 10 292 2
99999 2015 12 10 23 315 2
99999 2015 12 11 0 315 1
99999 2015 12 11 1 315 1
99999 2015 12 11 2 315 2
99999 2015 12 11 3 315 2
99999 2015 12 11 4 315 2
99999 2015 12 11 5 315 1
99999 2015 12 11 6 315 2
99999 2015 12 11 7 270 2
99999 2015 12 11 8 0 0
99999 2015 12 11 11 315 2
99999 2015 12 11 12 292 1
99999 2015 12 11 13 0 1
99999 2015 12 11 14 315 1
99999 2015 12 11 15 315 1
99999 2015 12 11 16 270 1
99999 2015 12 11 21 315 0
99999 2015 12 11 22 0 0
99999 2015 12 11 23 315 0
99999 2015 12 12 3 0 0
99999 2015 12 12 4 338 0
99999 2015 12 12 5 0 0
99999 2015 12 12 6 315 0
99999 2015 12 12 7 315 0
99999 2015 12 12 8 338 0
99999 2015 12 12 9 0 0
99999 2015 12 12 11 315 0
99999 2015 12 12 12 0 0
99999 2015 12 12 13 0 0
99999 2015 12 12 14 0 0
99999 2015 12 12 15 45 0
99999 2015 12 12 16 45 1
99999 2015 12 12 17 0 0
99999 2015 12 12 19 22 0
99999 2015 12 12 21 135 0
99999 2015 12 12 22 315 0
99999 2015 12 12 23 338 0
99999 2015 12 13 2 338 0
99999 2015 12 13 9 338 0
99999 2015 12 13 10 315 1
99999 2015 12 13 11 315 1
99999 2015 12 13 12 0 1
99999 2015 12 13 13 338 1
99999 2015 12 13 14 0 0
99999 2015 12 13 15 338 0
99999 2015 12 13 16 0 0
99999 2015 12 13 18 45 0
99999 2015 12 13 19 338 0
99999 2015 12 13 20 0 0
99999 2015 12 13 21 0 0
99999 2015 12 13 22 315 0
99999 2015 12 14 0 338 0
99999 2015 12 14 2 338 0
99999 2015 12 14 19 248 0
99999 2015 12 14 20 315 0
99999 2015 12 14 21 292 0
99999 2015 12 15 2 270 0
99999 2015 12 15 3 292 0
99999 2015 12 15 4 292 0
99999 2015 12 15 7 270 0
99999 2015 12 15 10 315 0
99999 2015 12 15 11 292 0
99999 2015 12 15 12 292 0
99999 2015 12 15 13 0 1
99999 2015 12 15 14 0 0
99999 2015 12 15 15 0 1
99999 2015 12 15 16 0 1
99999 2015 12 15 18 270 0
99999 2015 12 15 19 338 0
99999 2015 12 15 20 338 0
99999 2015 12 15 22 0 0
99999 2015 12 16 0 0 0
99999 2015 12 16 1 338 0
99999 2015 12 16 9 0 1
99999 2015 12 16 10 0 0
99999 2015 12 16 11 338 1
99999 2015 12 16 12 0 2
99999 2015 12 16 13 292 1
99999 2015 12 16 14 315 1
99999 2015 12 16 15 270 2
99999 2015 12 16 16 248 0
99999 2015 12 17 0 135 0
99999 2015 12 17 3 225 0
99999 2015 12 17 6 135 0
99999 2015 12 17 8 22 0
99999 2015 12 17 9 270 1
99999 2015 12 17 10 270 1
99999 2015 12 17 11 292 1
99999 2015 12 17 12 315 3
99999 2015 12 17 13 315 2
99999 2015 12 17 14 292 1
99999 2015 12 17 15 292 1
99999 2015 12 17 16 292 0
99999 2015 12 18 1 202 0
99999 2015 12 18 2 225 0
99999 2015 12 18 3 270 0
99999 2015 12 18 4 202 0
99999 2015 12 18 9 315 1
99999 2015 12 18 11 292 0
99999 2015 12 18 12 315 1
99999 2015 12 18 13 292 1
99999 2015 12 18 14 315 1
99999 2015 12 18 15 292 0
99999 2015 12 18 16 68 0
99999 2015 12 19 1 0 0
99999 2015 12 19 7 315 0
99999 2015 12 19 8 315 0
99999 2015 12 19 10 315 0
99999 2015 12 19 11 292 3
99999 2015 12 19 12 315 3
99999 2015 12 19 13 315 2
99999 2015 12 19 14 315 1
99999 2015 12 19 15 292 0
99999 2015 12 19 16 0 0
99999 2015 12 19 17 338 0
99999 2015 12 19 22 180 0
99999 2015 12 20 0 292 0
99999 2015 12 20 5 225 0
99999 2015 12 20 6 225 0
99999 2015 12 20 7 225 0
99999 2015 12 20 8 225 0
99999 2015 12 20 9 270 0
99999 2015 12 20 10 315 0
99999 2015 12 20 11 315 3
99999 2015 12 20 12 315 2
99999 2015 12 20 13 315 2
99999 2015 12 20 14 315 1
99999 2015 12 20 15 338 0
99999 2015 12 20 22 0 0
99999 2015 12 21 2 135 0
99999 2015 12 21 5 338 0
99999 2015 12 22 0 0 0
99999 2015 12 22 1 0 0
99999 2015 12 22 2 158 0
99999 2015 12 22 3 315 0
99999 2015 12 22 4 338 0
99999 2015 12 22 6 0 0
99999 2015 12 22 7 270 0
99999 2015 12 22 8 0 0
99999 2015 12 22 10 338 1
99999 2015 12 22 11 270 3
99999 2015 12 22 12 315 2
99999 2015 12 22 13 315 2
99999 2015 12 22 14 270 1
99999 2015 12 22 15 292 1
99999 2015 12 22 16 0 0
99999 2015 12 22 17 248 0
99999 2015 12 22 18 202 1
99999 2015 12 22 19 202 0
99999 2015 12 22 21 135 0
99999 2015 12 23 2 112 0
99999 2015 12 23 3 112 1
99999 2015 12 23 4 112 0
99999 2015 12 23 5 112 1
99999 2015 12 23 6 112 1
99999 2015 12 23 7 112 1
99999 2015 12 24 0 112 1
99999 2015 12 24 1 112 0
99999 2015 12 24 2 112 0
99999 2015 12 24 3 202 0
99999 2015 12 24 4 292 0
99999 2015 12 24 23 315 3
99999 2015 12 25 19 0 0
99999 2015 12 25 20 0 0
99999 2015 12 25 21 315 0
99999 2015 12 25 22 0 0
99999 2015 12 25 23 270 0
99999 2015 12 26 0 270 1
99999 2015 12 27 0 270 1
99999 2015 12 27 1 270 1
99999 2015 12 27 2 315 0
99999 2015 12 27 4 338 0
99999 2015 12 27 5 338 0
99999 2015 12 27 7 90 0
99999 2015 12 27 8 0 0
99999 2015 12 27 9 338 0
99999 2015 12 28 15 0 2
99999 2015 12 28 16 338 0
99999 2015 12 28 19 338 0
99999 2015 12 28 20 0 0
99999 2015 12 28 21 315 1
99999 2015 12 28 22 292 0
99999 2015 12 28 23 0 0
99999 2015 12 29 0 0 0
99999 2015 12 29 2 315 0
99999 2015 12 29 3 315 0
99999 2015 12 29 6 338 0
99999 2015 12 29 7 338 0
99999 2015 12 29 9 315 1
99999 2015 12 29 10 315 1
99999 2015 12 29 11 315 0
99999 2015 12 29 12 315 0
99999 2015 12 29 13 315 2
99999 2015 12 29 14 315 2
99999 2015 12 29 15 0 1
99999 2015 12 29 16 0 0
99999 2015 12 29 17 315 0
99999 2015 12 29 19 315 0
99999 2015 12 29 20 315 0
99999 2015 12 29 23 45 0
99999 2015 12 30 1 338 0
99999 2015 12 30 3 338 0
99999 2015 12 30 17 292 0
99999 2015 12 30 18 292 0
99999 2015 12 30 23 270 0
99999 2015 12 31 0 315 1
99999 2015 12 31 1 315 1
99999 2015 12 31 2 315 2
99999 2015 12 31 3 315 2
99999 2015 12 31 4 315 1
99999 2015 12 31 5 315 1
99999 2015 12 31 6 248 0
99999 2015 12 31 10 338 0
99999 2015 12 31 23 135 0
99999 2016 1 1 0 158 0
99999 2016 1 1 5 0 0
99999 2016 1 1 23 292 2
99999 2016 1 2 20 315 2
99999 2016 1 2 21 315 2
99999 2016 1 2 22 315 2
99999 2016 1 2 23 292 2
99999 2016 1 3 0 292 3
99999 2016 1 3 1 315 4
99999 2016 1 3 2 292 3
99999 2016 1 3 3 292 3
99999 2016 1 3 4 270 3
99999 2016 1 3 5 270 4
99999 2016 1 3 6 270 4
99999 2016 1 3 7 315 3
99999 2016 1 3 8 292 3
99999 2016 1 3 9 315 3
99999 2016 1 3 10 292 3
99999 2016 1 3 11 292 2
99999 2016 1 3 12 315 2
99999 2016 1 3 13 315 3
99999 2016 1 3 14 315 2
99999 2016 1 3 15 0 1
99999 2016 1 3 17 112 1
99999 2016 1 3 18 135 0
99999 2016 1 3 19 135 0
99999 2016 1 3 20 112 1
99999 2016 1 3 21 112 1
99999 2016 1 3 22 112 3
99999 2016 1 3 23 112 2
99999 2016 1 4 0 112 1
99999 2016 1 4 1 112 1
99999 2016 1 4 2 112 2
99999 2016 1 4 3 112 2
99999 2016 1 4 4 112 0
99999 2016 1 4 5 112 1
99999 2016 1 4 6 112 0
99999 2016 1 4 7 45 1
99999 2016 1 4 8 0 1
99999 2016 1 4 9 315 3
99999 2016 1 4 23 292 1
99999 2016 1 5 0 292 1
99999 2016 1 5 1 225 0
99999 2016 1 5 2 315 0
99999 2016 1 5 3 270 0
99999 2016 1 5 4 0 0
99999 2016 1 5 5 112 1
99999 2016 1 5 6 135 0
99999 2016 1 5 7 112 0
99999 2016 1 5 22 292 2
99999 2016 1 5 23 315 0
99999 2016 1 6 0 292 1
99999 2016 1 6 1 292 0
99999 2016 1 6 2 292 0
99999 2016 1 6 3 0 0
99999 2016 1 6 4 292 1
99999 2016 1 6 5 292 1
99999 2016 1 6 6 292 1
99999 2016 1 6 7 248 1
99999 2016 1 6 8 292 2
99999 2016 1 6 9 292 1
99999 2016 1 6 10 270 3
99999 2016 1 6 11 292 2
99999 2016 1 6 12 292 3
99999 2016 1 6 13 270 4
99999 2016 1 6 14 292 4
99999 2016 1 6 15 292 3
99999 2016 1 6 16 292 3
99999 2016 1 6 17 315 2
99999 2016 1 6 18 292 1
99999 2016 1 6 19 292 1
99999 2016 1 6 20 270 1
99999 2016 1 6 21 248 0
99999 2016 1 6 22 248 0
99999 2016 1 6 23 270 0
99999 2016 1 7 1 270 0
99999 2016 1 7 2 202 0
99999 2016 1 7 3 225 0
99999 2016 1 7 4 202 1
99999 2016 1 7 5 225 0
99999 2016 1 7 6 225 0
99999 2016 1 7 7 202 1
99999 2016 1 7 8 225 0
99999 2016 1 7 11 112 0
99999 2016 1 7 12 112 1
99999 2016 1 7 13 135 0
99999 2016 1 7 14 45 1
99999 2016 1 7 15 45 1
99999 2016 1 7 16 45 0
99999 2016 1 7 20 180 1
99999 2016 1 7 21 0 1
99999 2016 1 7 22 292 0
99999 2016 1 7 23 292 1
99999 2016 1 8 0 315 0
99999 2016 1 8 1 292 1
99999 2016 1 8 2 270 1
99999 2016 1 8 3 292 0
99999 2016 1 8 4 202 1
99999 2016 1 8 5 315 0
99999 2016 1 8 9 315 0
99999 2016 1 8 10 338 0
99999 2016 1 8 11 22 0
99999 2016 1 8 12 0 1
99999 2016 1 8 13 0 1
99999 2016 1 8 14 135 1
99999 2016 1 8 15 135 0
99999 2016 1 8 16 292 0
99999 2016 1 8 18 0 1
99999 2016 1 8 19 0 0
99999 2016 1 8 20 338 1
99999 2016 1 8 21 292 0
99999 2016 1 8 22 338 0
99999 2016 1 8 23 315 1
99999 2016 1 9 0 292 1
99999 2016 1 9 1 315 2
99999 2016 1 9 2 292 1
99999 2016 1 9 3 270 3
99999 2016 1 9 4 270 1
99999 2016 1 9 5 292 1
99999 2016 1 9 6 292 1
99999 2016 1 9 7 292 0
99999 2016 1 9 8 292 1
99999 2016 1 9 9 292 2
99999 2016 1 9 10 292 1
99999 2016 1 9 11 292 1
99999 2016 1 9 12 292 3
99999 2016 1 9 13 270 1
99999 2016 1 9 14 270 1
99999 2016 1 9 15 0 1
99999 2016 1 9 16 0 1
99999 2016 1 9 17 338 1
99999 2016 1 9 18 0 0
99999 2016 1 9 19 45 0
99999 2016 1 9 21 292 1
99999 2016 1 9 22 292 2
99999 2016 1 9 23 292 2
99999 2016 1 10 0 292 2
99999 2016 1 10 1 292 3
99999 2016 1 10 2 315 3
99999 2016 1 10 3 292 3
99999 2016 1 10 4 292 3
99999 2016 1 10 5 292 2
99999 2016 1 10 6 292 0
99999 2016 1 10 7 315 0
99999 2016 1 10 10 292 2
99999 2016 1 10 11 270 2
99999 2016 1 10 12 0 0
99999 2016 1 10 13 112 0
99999 2016 1 10 14 45 1
99999 2016 1 10 15 112 1
99999 2016 1 10 16 112 1
99999 2016 1 10 17 112 1
99999 2016 1 10 18 112 1
99999 2016 1 10 19 0 0
99999 2016 1 10 20 0 0
99999 2016 1 10 21 0 0
99999 2016 1 10 23 112 0
99999 2016 1 11 0 112 0
99999 2016 1 11 1 338 0
99999 2016 1 11 2 315 1
99999 2016 1 11 3 292 1
99999 2016 1 11 4 270 1
99999 2016 1 11 5 0 0
99999 2016 1 11 6 0 0
99999 2016 1 11 7 158 1
99999 2016 1 11 8 202 3
99999 2016 1 11 9 202 5
99999 2016 1 11 10 180 6
99999 2016 1 11 11 202 3
99999 2016 1 11 12 202 5
99999 2016 1 11 13 180 3
99999 2016 1 11 14 202 4
99999 2016 1 11 15 202 5
99999 2016 1 11 16 225 3
99999 2016 1 11 17 202 2
99999 2016 1 11 18 225 4
99999 2016 1 11 19 0 2
99999 2016 1 11 20 270 0
99999 2016 1 11 21 225 3
99999 2016 1 11 22 225 1
99999 2016 1 11 23 338 1
99999 2016 1 12 0 270 1
99999 2016 1 12 1 270 0
99999 2016 1 12 3 225 0
99999 2016 1 12 4 202 0
99999 2016 1 12 6 180 0
99999 2016 1 12 7 225 2
99999 2016 1 12 8 225 2
99999 2016 1 12 9 248 0
99999 2016 1 12 10 315 1
99999 2016 1 12 11 270 0
99999 2016 1 12 12 270 1
99999 2016 1 12 13 292 3
99999 2016 1 12 14 315 3
99999 2016 1 12 15 315 2
99999 2016 1 12 16 292 1
99999 2016 1 12 17 248 0
99999 2016 1 12 18 202 0
99999 2016 1 12 19 225 0
99999 2016 1 12 20 225 4
99999 2016 1 12 21 225 4
99999 2016 1 12 22 202 3
99999 2016 1 12 23 202 4
99999 2016 1 13 0 202 3
99999 2016 1 13 1 202 3
99999 2016 1 13 2 225 1
99999 2016 1 13 3 225 1
99999 2016 1 13 4 225 1
99999 2016 1 13 5 292 0
99999 2016 1 13 6 270 0
99999 2016 1 13 7 270 0
99999 2016 1 13 8 248 1
99999 2016 1 13 9 248 2
99999 2016 1 13 10 270 3
99999 2016 1 13 11 315 3
99999 2016 1 13 12 315 3
99999 2016 1 13 13 315 3
99999 2016 1 13 14 292 4
99999 2016 1 13 15 315 3
99999 2016 1 13 16 315 3
99999 2016 1 13 17 292 1
99999 2016 1 13 18 270 0
99999 2016 1 13 19 270 0
99999 2016 1 13 23 202 1
99999 2016 1 14 0 180 2
99999 2016 1 14 1 202 3
99999 2016 1 14 2 202 3
99999 2016 1 14 3 202 2
99999 2016 1 14 4 180 1
99999 2016 1 14 5 180 0
99999 2016 1 14 14 338 0
99999 2016 1 14 15 315 0
99999 2016 1 14 16 292 0
99999 2016 1 14 17 292 0
99999 2016 1 14 18 292 1
99999 2016 1 14 19 270 2
99999 2016 1 14 20 292 2
99999 2016 1 14 21 292 2
99999 2016 1 14 22 292 2
99999 2016 1 14 23 292 2
99999 2016 1 16 1 292 1
99999 2016 1 16 2 292 1
99999 2016 1 16 3 292 1
99999 2016 1 16 4 292 2
99999 2016 1 16 5 292 1
99999 2016 1 16 6 292 2
99999 2016 1 16 7 270 1
99999 2016 1 16 8 292 1
99999 2016 1 16 9 292 0
99999 2016 1 16 10 315 3
99999 2016 1 16 11 292 3
99999 2016 1 16 12 315 2
99999 2016 1 16 13 338 3
99999 2016 1 16 14 338 1
99999 2016 1 16 15 270 1
99999 2016 1 16 16 315 1
99999 2016 1 16 17 315 1
99999 2016 1 16 18 292 1
99999 2016 1 16 19 270 0
99999 2016 1 16 23 338 0
99999 2016 1 17 0 270 0
99999 2016 1 17 2 315 0
99999 2016 1 17 3 292 1
99999 2016 1 17 4 292 0
99999 2016 1 17 5 292 0
99999 2016 1 17 6 270 2
99999 2016 1 17 7 292 2
99999 2016 1 17 8 292 3
99999 2016 1 17 9 292 3
99999 2016 1 17 10 270 4
99999 2016 1 17 11 315 3
99999 2016 1 17 12 292 3
99999 2016 1 17 13 315 3
99999 2016 1 17 14 292 3
99999 2016 1 17 15 270 3
99999 2016 1 17 16 292 3
99999 2016 1 17 17 292 1
99999 2016 1 17 18 248 0
99999 2016 1 17 19 270 0
99999 2016 1 17 20 270 0
99999 2016 1 17 21 292 1
99999 2016 1 17 23 292 1
99999 2016 1 18 0 292 1
99999 2016 1 18 1 292 1
99999 2016 1 18 3 292 0
99999 2016 1 18 4 270 0
99999 2016 1 18 5 270 0
99999 2016 1 19 0 292 0
99999 2016 1 19 7 270 0
99999 2016 1 19 8 270 0
99999 2016 1 19 9 292 0
99999 2016 1 19 10 248 1
99999 2016 1 19 11 315 1
99999 2016 1 19 12 315 2
99999 2016 1 19 13 270 1
99999 2016 1 19 15 45 0
99999 2016 1 19 17 112 0
99999 2016 1 19 22 180 0
99999 2016 1 20 7 202 0
99999 2016 1 20 9 292 0
99999 2016 1 20 10 292 0
99999 2016 1 20 11 338 0
99999 2016 1 20 12 292 1
99999 2016 1 20 13 338 1
99999 2016 1 20 14 0 0
99999 2016 1 20 15 0 0
99999 2016 1 20 16 22 0
99999 2016 1 20 17 0 1
99999 2016 1 21 3 202 0
99999 2016 1 21 4 225 0
99999 2016 1 21 11 0 0
99999 2016 1 21 12 45 1
99999 2016 1 21 13 0 1
99999 2016 1 21 14 0 0
99999 2016 1 21 15 112 1
99999 2016 1 21 16 45 0
99999 2016 1 21 17 45 0
99999 2016 1 21 19 112 0
99999 2016 1 22 3 292 0
99999 2016 1 22 4 270 1
99999 2016 1 22 5 315 1
99999 2016 1 22 6 270 2
99999 2016 1 22 7 315 1
99999 2016 1 22 8 315 2
99999 2016 1 22 9 270 3
99999 2016 1 22 10 292 3
99999 2016 1 22 11 315 3
99999 2016 1 22 12 270 2
99999 2016 1 22 13 292 1
99999 2016 1 22 14 315 2
99999 2016 1 22 15 270 1
99999 2016 1 22 16 0 0
99999 2016 1 22 17 292 1
99999 2016 1 22 23 225 0
99999 2016 1 23 1 202 0
99999 2016 1 23 3 315 0
99999 2016 1 23 4 202 0
99999 2016 1 23 5 315 0
99999 2016 1 23 6 180 0
99999 2016 1 23 7 292 0
99999 2016 1 23 8 292 0
99999 2016 1 23 9 202 1
99999 2016 1 23 10 292 1
99999 2016 1 23 11 270 2
99999 2016 1 23 12 270 2
99999 2016 1 23 13 0 2
99999 2016 1 23 14 270 0
99999 2016 1 23 15 315 0
99999 2016 1 23 16 315 0
99999 2016 1 23 23 225 0
99999 2016 1 24 2 225 0
99999 2016 1 24 10 180 0
99999 2016 1 24 11 0 0
99999 2016 1 24 12 0 1
99999 2016 1 24 13 0 1
99999 2016 1 24 14 292 0
99999 2016 1 24 15 0 0
99999 2016 1 24 16 45 0
99999 2016 1 24 17 112 1
99999 2016 1 24 18 112 1
99999 2016 1 25 2 0 0
99999 2016 1 25 3 315 0
99999 2016 1 25 7 248 0
99999 2016 1 25 8 225 1
99999 2016 1 25 11 0 0
99999 2016 1 25 12 315 2
99999 2016 1 25 13 0 1
99999 2016 1 25 14 0 0
99999 2016 1 25 15 0 0
99999 2016 1 25 16 112 0
99999 2016 1 25 17 45 1
99999 2016 1 25 21 0 0
99999 2016 1 25 23 202 0
99999 2016 1 26 2 180 0
99999 2016 1 26 3 225 0
99999 2016 1 26 5 202 1
99999 2016 1 26 6 225 0
99999 2016 1 26 11 315 2
99999 2016 1 26 12 315 2
99999 2016 1 26 13 0 2
99999 2016 1 26 14 270 1
99999 2016 1 26 15 0 0
99999 2016 1 26 16 45 0
99999 2016 1 26 17 45 0
99999 2016 1 26 19 112 0
99999 2016 1 26 21 0 0
99999 2016 1 27 10 112 0
99999 2016 1 27 11 338 0
99999 2016 1 27 12 45 1
99999 2016 1 27 13 45 0
99999 2016 1 27 14 45 0
99999 2016 1 27 15 135 0
99999 2016 1 27 16 112 2
99999 2016 1 27 17 112 2
99999 2016 1 27 18 112 1
99999 2016 1 27 19 112 1
99999 2016 1 28 2 338 0
99999 2016 1 28 3 112 0
99999 2016 1 28 4 45 0
99999 2016 1 28 10 338 0
99999 2016 1 28 11 315 2
99999 2016 1 28 12 315 2
99999 2016 1 28 13 0 2
99999 2016 1 28 14 0 1
99999 2016 1 28 15 0 1
99999 2016 1 28 16 315 1
99999 2016 1 28 17 0 0
99999 2016 1 29 6 338 0
99999 2016 1 29 9 338 0
99999 2016 1 29 10 338 1
99999 2016 1 29 11 270 2
99999 2016 1 29 12 315 2
99999 2016 1 29 13 315 1
99999 2016 1 29 14 0 2
99999 2016 1 29 15 112 0
99999 2016 1 29 16 135 0
99999 2016 1 29 19 0 0
99999 2016 1 29 21 112 2
99999 2016 1 29 22 112 1
99999 2016 1 29 23 112 0
99999 2016 1 30 0 112 2
99999 2016 1 30 1 112 2
99999 2016 1 30 2 112 1
99999 2016 1 30 3 112 1
99999 2016 1 30 9 135 0
99999 2016 1 30 10 135 0
99999 2016 1 30 11 0 0
99999 2016 1 30 12 0 1
99999 2016 1 30 13 338 2
99999 2016 1 30 14 315 2
99999 2016 1 30 15 315 2
99999 2016 1 30 16 0 0
99999 2016 1 30 17 0 0
99999 2016 1 30 18 0 0
99999 2016 1 30 19 338 1
99999 2016 1 30 22 315 1
99999 2016 1 31 0 112 1
99999 2016 1 31 1 22 0
99999 2016 1 31 2 315 1
99999 2016 1 31 4 338 0
99999 2016 1 31 5 0 0
99999 2016 1 31 10 0 0
99999 2016 1 31 11 0 0
99999 2016 1 31 12 315 2
99999 2016 1 31 13 0 1
99999 2016 1 31 14 0 2
99999 2016 1 31 15 0 2
99999 2016 1 31 16 0 0
99999 2016 1 31 17 0 0
99999 2016 1 31 20 0 1
99999 2016 1 31 21 315 0
99999 2016 1 31 22 315 1
99999 2016 1 31 23 315 1
99999 2016 2 1 0 292 1
99999 2016 2 1 1 315 0
99999 2016 2 1 2 90 0
99999 2016 2 1 3 45 0
99999 2016 2 1 4 45 1
99999 2016 2 1 8 45 0
99999 2016 2 1 9 112 1
99999 2016 2 1 10 45 1
99999 2016 2 1 11 112 1
99999 2016 2 1 12 45 1
99999 2016 2 1 13 22 1
99999 2016 2 1 14 112 2
99999 2016 2 1 15 112 1
99999 2016 2 1 16 112 2
99999 2016 2 1 17 112 0
99999 2016 2 1 18 112 1
99999 2016 2 1 20 202 0
99999 2016 2 1 22 135 0
99999 2016 2 1 23 315 0
99999 2016 2 2 0 0 0
99999 2016 2 2 1 338 0
99999 2016 2 2 2 315 1
99999 2016 2 2 3 292 1
99999 2016 2 3 15 0 0
99999 2016 2 3 16 112 1
99999 2016 2 3 17 112 0
99999 2016 2 3 18 315 2
99999 2016 2 3 19 315 2
99999 2016 2 3 20 315 3
99999 2016 2 3 21 292 0
99999 2016 2 3 22 315 1
99999 2016 2 3 23 315 0
99999 2016 2 4 2 112 0
99999 2016 2 4 3 112 2
99999 2016 2 4 5 270 0
99999 2016 2 4 6 270 0
99999 2016 2 4 7 270 0
99999 2016 2 4 8 292 2
99999 2016 2 4 9 292 3
99999 2016 2 4 10 270 4
99999 2016 2 4 11 315 3
99999 2016 2 4 12 315 3
99999 2016 2 4 13 315 3
99999 2016 2 4 14 315 3
99999 2016 2 4 15 315 3
99999 2016 2 4 16 270 2
99999 2016 2 4 17 292 1
99999 2016 2 4 22 225 1
99999 2016 2 4 23 202 0
99999 2016 2 5 0 202 1
99999 2016 2 5 1 225 0
99999 2016 2 5 2 225 0
99999 2016 2 5 3 225 0
99999 2016 2 5 4 225 0
99999 2016 2 5 11 45 0
99999 2016 2 5 12 45 1
99999 2016 2 5 13 0 1
99999 2016 2 5 14 45 1
99999 2016 2 5 15 112 1
99999 2016 2 5 16 112 1
99999 2016 2 5 17 112 0
99999 2016 2 5 19 112 1
99999 2016 2 5 20 112 1
99999 2016 2 5 22 315 0
99999 2016 2 5 23 315 1
99999 2016 2 6 0 270 0
99999 2016 2 6 1 315 0
99999 2016 2 6 2 315 0
99999 2016 2 6 3 292 1
99999 2016 2 6 4 292 0
99999 2016 2 6 5 292 1
99999 2016 2 6 6 315 1
99999 2016 2 6 7 292 2
99999 2016 2 6 8 315 2
99999 2016 2 6 9 315 2
99999 2016 2 6 10 292 3
99999 2016 2 6 11 315 3
99999 2016 2 6 12 315 3
99999 2016 2 6 13 315 1
99999 2016 2 6 14 0 0
99999 2016 2 6 15 22 0
99999 2016 2 6 17 22 0
99999 2016 2 7 0 135 0
99999 2016 2 8 0 315 3
99999 2016 2 8 1 315 5
99999 2016 2 8 2 270 5
99999 2016 2 8 3 292 3
99999 2016 2 8 4 292 3
99999 2016 2 8 5 292 4
99999 2016 2 8 6 315 3
99999 2016 2 8 7 315 3
99999 2016 2 8 8 315 3
99999 2016 2 8 9 270 3
99999 2016 2 8 10 315 4
99999 2016 2 8 11 315 5
99999 2016 2 8 12 315 2
99999 2016 2 8 13 270 2
99999 2016 2 8 14 338 1
99999 2016 2 8 15 292 0
99999 2016 2 8 16 315 1
99999 2016 2 8 20 270 0
99999 2016 2 9 6 315 1
99999 2016 2 9 7 315 1
99999 2016 2 9 8 270 0
99999 2016 2 9 10 112 0
99999 2016 2 9 11 45 0
99999 2016 2 9 12 112 1
99999 2016 2 9 13 202 4
99999 2016 2 9 14 135 3
99999 2016 2 9 15 180 3
99999 2016 2 9 16 180 4
99999 2016 2 9 17 180 2
99999 2016 2 9 18 180 3
99999 2016 2 9 19 158 2
99999 2016 2 9 20 135 2
99999 2016 2 9 22 158 3
99999 2016 2 9 23 180 4
99999 2016 2 10 0 202 1
99999 2016 2 10 1 292 3
99999 2016 2 10 2 270 3
99999 2016 2 10 3 315 0
99999 2016 2 10 4 292 3
99999 2016 2 10 5 292 3
99999 2016 2 10 6 292 4
99999 2016 2 10 7 270 4
99999 2016 2 10 8 270 3
99999 2016 2 10 9 270 3
99999 2016 2 10 10 270 5
99999 2016 2 10 11 292 4
99999 2016 2 10 12 315 5
99999 2016 2 10 13 292 5
99999 2016 2 10 14 315 8
99999 2016 2 10 15 315 7
99999 2016 2 10 16 315 4
99999 2016 2 10 17 315 3
99999 2016 2 10 18 270 0
99999 2016 2 10 19 270 0
99999 2016 2 10 20 248 0
99999 2016 2 10 21 248 0
99999 2016 2 10 22 202 1
99999 2016 2 10 23 225 1
99999 2016 2 11 0 202 2
99999 2016 2 11 1 225 0
99999 2016 2 11 2 225 2
99999 2016 2 11 3 225 2
99999 2016 2 11 5 315 1
99999 2016 2 11 6 292 2
99999 2016 2 11 7 270 1
99999 2016 2 11 8 248 1
99999 2016 2 11 9 270 2
99999 2016 2 11 10 315 2
99999 2016 2 11 11 292 3
99999 2016 2 11 12 315 3
99999 2016 2 11 13 292 3
99999 2016 2 11 14 270 3
99999 2016 2 11 15 270 2
99999 2016 2 11 16 315 0
99999 2016 2 12 3 0 1
99999 2016 2 13 0 315 3
99999 2016 2 13 1 292 3
99999 2016 2 13 2 292 3
99999 2016 2 13 3 270 2
99999 2016 2 13 4 315 1
99999 2016 2 13 5 292 0
99999 2016 2 13 6 292 1
99999 2016 2 13 7 270 2
99999 2016 2 13 8 270 2
99999 2016 2 13 9 270 3
99999 2016 2 13 10 315 3
99999 2016 2 13 11 338 3
99999 2016 2 14 0 0 1
99999 2016 2 14 1 0 0
99999 2016 2 14 5 112 1
99999 2016 2 14 6 112 0
99999 2016 2 14 7 112 1
99999 2016 2 14 8 112 2
99999 2016 2 14 9 112 1
99999 2016 2 14 10 45 1
99999 2016 2 14 11 315 0
99999 2016 2 14 12 315 3
99999 2016 2 14 13 292 3
99999 2016 2 14 14 292 3
99999 2016 2 14 15 292 3
99999 2016 2 14 16 315 1
99999 2016 2 14 17 338 0
99999 2016 2 14 18 315 2
99999 2016 2 14 19 315 0
99999 2016 2 14 21 315 1
99999 2016 2 14 22 315 2
99999 2016 2 14 23 292 2
99999 2016 2 15 20 180 0
99999 2016 2 15 21 292 0
99999 2016 2 15 22 315 0
99999 2016 2 15 23 270 0
99999 2016 2 16 12 315 3
99999 2016 2 16 13 315 3
99999 2016 2 16 14 315 3
99999 2016 2 16 15 315 2
99999 2016 2 16 16 292 2
99999 2016 2 16 17 0 2
99999 2016 2 16 18 0 2
99999 2016 2 16 19 0 1
99999 2016 2 16 20 0 1
99999 2016 2 16 21 0 1
99999 2016 2 16 22 338 0
99999 2016 2 16 23 0 2
99999 2016 2 17 0 45 1
99999 2016 2 17 1 45 2
99999 2016 2 17 2 0 2
99999 2016 2 17 3 0 45
99999 2016 2 17 4 338 1
99999 2016 2 17 5 315 3
99999 2016 2 17 6 292 3
99999 2016 2 17 7 270 3
99999 2016 2 17 8 292 3
99999 2016 2 17 9 270 3
99999 2016 2 17 10 270 3
99999 2016 2 17 11 270 3
99999 2016 2 17 12 315 2
99999 2016 2 17 13 338 2
99999 2016 2 17 14 315 1
99999 2016 2 17 15 338 0
99999 2016 2 17 16 315 0
99999 2016 2 17 17 45 0
99999 2016 2 17 18 22 0
99999 2016 2 17 19 112 0
99999 2016 2 17 21 0 0
99999 2016 2 17 22 0 1
99999 2016 2 17 23 315 0
99999 2016 2 18 0 292 2
99999 2016 2 18 1 292 2
99999 2016 2 18 2 292 1
99999 2016 2 18 3 315 2
99999 2016 2 18 4 270 2
99999 2016 2 18 5 248 2
99999 2016 2 18 6 270 1
99999 2016 2 18 7 292 0
99999 2016 2 18 8 292 2
99999 2016 2 18 9 270 3
99999 2016 2 18 10 270 3
99999 2016 2 18 11 292 4
99999 2016 2 18 12 315 6
99999 2016 2 18 13 315 4
99999 2016 2 18 14 315 3
99999 2016 2 18 15 270 3
99999 2016 2 18 16 292 3
99999 2016 2 18 17 292 2
99999 2016 2 18 18 292 0
99999 2016 2 18 19 270 0
99999 2016 2 18 20 270 1
99999 2016 2 18 21 248 0
99999 2016 2 18 22 270 1
99999 2016 2 18 23 248 0
99999 2016 2 19 0 202 0
99999 2016 2 19 2 292 0
99999 2016 2 19 3 248 0
99999 2016 2 19 8 338 0
99999 2016 2 19 10 338 1
99999 2016 2 19 11 0 1
99999 2016 2 19 12 0 3
99999 2016 2 19 13 292 1
99999 2016 2 19 14 202 2
99999 2016 2 19 15 202 7
99999 2016 2 19 16 202 6
99999 2016 2 19 17 225 5
99999 2016 2 19 18 202 3
99999 2016 2 19 19 202 1
99999 2016 2 19 20 202 2
99999 2016 2 19 21 202 2
99999 2016 2 19 22 225 1
99999 2016 2 19 23 338 1
99999 2016 2 20 0 0 3
99999 2016 2 20 1 112 0
99999 2016 2 20 4 292 0
99999 2016 2 20 5 292 1
99999 2016 2 20 6 292 1
99999 2016 2 20 7 292 2
99999 2016 2 20 8 292 1
99999 2016 2 20 9 292 1
99999 2016 2 20 10 292 2
99999 2016 2 20 11 315 3
99999 2016 2 20 12 338 1
99999 2016 2 20 13 0 1
99999 2016 2 20 14 338 0
99999 2016 2 20 15 0 0
99999 2016 2 20 17 112 0
99999 2016 2 20 18 112 1
99999 2016 2 20 23 180 1
99999 2016 2 21 0 225 1
99999 2016 2 21 1 202 1
99999 2016 2 21 3 225 0
99999 2016 2 21 10 270 1
99999 2016 2 21 11 315 0
99999 2016 2 21 12 0 1
99999 2016 2 21 13 0 1
99999 2016 2 21 14 270 0
99999 2016 2 21 15 0 0
99999 2016 2 21 16 45 1
99999 2016 2 21 17 112 1
99999 2016 2 21 18 112 0
99999 2016 2 21 20 180 1
99999 2016 2 21 21 225 1
99999 2016 2 22 0 158 0
99999 2016 2 22 1 158 0
99999 2016 2 22 2 0 1
99999 2016 2 22 3 0 0
99999 2016 2 22 4 202 0
99999 2016 2 22 5 270 0
99999 2016 2 22 6 292 1
99999 2016 2 22 8 292 0
99999 2016 2 22 10 338 1
99999 2016 2 22 11 315 1
99999 2016 2 22 12 338 1
99999 2016 2 22 13 0 1
99999 2016 2 22 14 0 2
99999 2016 2 22 15 135 2
99999 2016 2 22 16 112 2
99999 2016 2 22 17 112 4
99999 2016 2 22 18 112 1
99999 2016 2 22 19 45 0
99999 2016 2 22 20 0 0
99999 2016 2 22 21 0 0
99999 2016 2 22 22 22 0
99999 2016 2 22 23 45 0
99999 2016 2 23 0 0 0
99999 2016 2 23 1 338 0
99999 2016 2 23 2 90 0
99999 2016 2 23 3 112 1
99999 2016 2 23 4 112 5
99999 2016 2 23 5 0 1
99999 2016 2 23 6 0 0
99999 2016 2 23 8 270 1
99999 2016 2 23 9 338 2
99999 2016 2 23 10 315 3
99999 2016 2 23 11 315 3
99999 2016 2 23 12 315 2
99999 2016 2 23 13 292 2
99999 2016 2 23 14 0 2
99999 2016 2 23 15 0 1
99999 2016 2 23 16 338 1
99999 2016 2 23 17 0 0
99999 2016 2 23 22 180 1
99999 2016 2 23 23 292 1
99999 2016 2 24 1 315 0
99999 2016 2 24 8 0 0
99999 2016 2 24 9 0 1
99999 2016 2 24 10 112 0
99999 2016 2 24 11 112 0
99999 2016 2 24 12 112 2
99999 2016 2 24 13 112 2
99999 2016 2 24 14 112 4
99999 2016 2 24 15 112 4
99999 2016 2 24 16 112 3
99999 2016 2 24 17 112 4
99999 2016 2 24 18 112 3
99999 2016 2 24 19 112 2
99999 2016 2 24 20 112 3
99999 2016 2 24 21 112 3
99999 2016 2 24 22 112 3
99999 2016 2 24 23 112 2
99999 2016 2 25 0 112 2
99999 2016 2 25 1 112 1
99999 2016 2 25 17 22 0
99999 2016 2 25 18 135 0
99999 2016 2 25 19 135 0
99999 2016 2 25 21 0 1
99999 2016 2 25 22 45 0
99999 2016 2 25 23 22 0
99999 2016 2 26 0 315 0
99999 2016 2 26 1 315 0
99999 2016 2 26 2 292 0
99999 2016 2 26 3 315 0
99999 2016 2 26 4 0 0
99999 2016 2 26 5 292 0
99999 2016 2 26 6 292 1
99999 2016 2 26 8 0 1
99999 2016 2 26 9 68 0
99999 2016 2 26 10 112 0
99999 2016 2 26 11 135 0
99999 2016 2 26 12 112 1
99999 2016 2 26 13 112 2
99999 2016 2 26 14 112 0
99999 2016 2 26 15 112 2
99999 2016 2 26 16 112 1
99999 2016 2 26 17 112 3
99999 2016 2 26 18 112 4
99999 2016 2 26 19 112 4
99999 2016 2 26 20 112 3
99999 2016 2 26 21 112 2
99999 2016 2 26 22 112 2
99999 2016 2 26 23 112 1
99999 2016 2 27 0 112 1
99999 2016 2 27 1 112 1
99999 2016 2 27 2 112 0
99999 2016 2 27 23 112 40
99999 2016 2 28 6 22 19
99999 2016 2 28 7 135 2
99999 2016 2 28 8 0 0
99999 2016 2 28 9 112 2
99999 2016 2 28 10 112 1
99999 2016 2 28 13 0 0
99999 2016 2 28 17 0 0
99999 2016 2 28 18 112 0
99999 2016 2 28 19 45 0
99999 2016 2 29 4 45 24
99999 2016 2 29 5 135 0
99999 2016 2 29 8 112 30
99999 2016 2 29 10 112 3
99999 2016 2 29 11 112 1
99999 2016 2 29 12 158 3
99999 2016 2 29 13 112 1
99999 2016 2 29 14 112 0
99999 2016 2 29 15 112 0
99999 2016 2 29 16 45 0
99999 2016 2 29 17 180 1
99999 2016 2 29 19 22 0
99999 2016 2 29 21 112 0
99999 2016 2 29 22 112 0
99999 2016 2 29 23 112 0
99999 2016 12 1 2 248 0
99999 2016 12 1 4 225 0
99999 2016 12 1 6 202 0
99999 2016 12 1 7 202 0
99999 2016 12 1 8 202 0
99999 2016 12 1 9 225 0
99999 2016 12 1 10 270 0
99999 2016 12 1 11 270 1
99999 2016 12 1 12 270 2
99999 2016 12 1 13 292 2
99999 2016 12 1 14 0 1
99999 2016 12 1 15 292 0
99999 2016 12 1 16 0 0
99999 2016 12 1 19 158 0
99999 2016 12 1 20 202 0
99999 2016 12 1 23 292 0
99999 2016 12 2 11 270 0
99999 2016 12 2 12 292 1
99999 2016 12 2 13 292 0
99999 2016 12 2 14 0 0
99999 2016 12 2 15 0 0
99999 2016 12 2 16 45 0
99999 2016 12 2 17 112 0
99999 2016 12 2 18 112 0
99999 2016 12 2 19 112 1
99999 2016 12 2 20 112 0
99999 2016 12 3 5 315 0
99999 2016 12 4 0 292 2
99999 2016 12 4 1 292 2
99999 2016 12 4 2 292 2
99999 2016 12 4 3 270 1
99999 2016 12 4 4 270 1
99999 2016 12 4 5 292 1
99999 2016 12 4 6 292 0
99999 2016 12 4 7 315 1
99999 2016 12 4 8 292 0
99999 2016 12 4 9 315 1
99999 2016 12 4 10 270 1
99999 2016 12 4 11 315 3
99999 2016 12 5 19 112 1
99999 2016 12 5 21 0 0
99999 2016 12 5 22 292 0
99999 2016 12 5 23 270 0
99999 2016 12 6 1 180 0
99999 2016 12 6 2 202 0
99999 2016 12 6 3 338 0
99999 2016 12 6 4 0 0
99999 2016 12 6 5 315 1
99999 2016 12 6 7 202 0
99999 2016 12 6 8 225 0
99999 2016 12 6 10 315 0
99999 2016 12 6 11 315 0
99999 2016 12 6 12 292 1
99999 2016 12 6 13 270 2
99999 2016 12 6 14 338 1
99999 2016 12 6 15 292 1
99999 2016 12 6 16 0 1
99999 2016 12 6 17 338 1
99999 2016 12 6 18 0 0
99999 2016 12 6 19 292 0
99999 2016 12 6 20 270 1
99999 2016 12 6 21 315 0
99999 2016 12 6 22 225 0
99999 2016 12 6 23 315 0
99999 2016 12 7 0 270 0
99999 2016 12 7 1 315 1
99999 2016 12 7 2 270 1
99999 2016 12 7 3 315 0
99999 2016 12 7 5 0 0
99999 2016 12 7 9 112 0
99999 2016 12 7 10 338 0
99999 2016 12 7 11 338 0
99999 2016 12 7 12 0 1
99999 2016 12 7 13 315 0
99999 2016 12 7 14 0 0
99999 2016 12 7 15 45 0
99999 2016 12 7 16 292 1
99999 2016 12 7 18 338 0
99999 2016 12 7 19 292 0
99999 2016 12 7 20 270 0
99999 2016 12 7 21 315 0
99999 2016 12 7 22 0 0
99999 2016 12 7 23 315 1
99999 2016 12 8 0 292 1
99999 2016 12 8 1 292 1
99999 2016 12 8 2 292 0
99999 2016 12 8 4 315 0
99999 2016 12 8 5 292 0
99999 2016 12 8 10 270 0
99999 2016 12 8 11 270 2
99999 2016 12 8 12 338 1
99999 2016 12 8 13 338 3
99999 2016 12 8 14 315 1
99999 2016 12 8 15 270 1
99999 2016 12 8 16 0 1
99999 2016 12 8 17 22 0
99999 2016 12 8 23 315 0
99999 2016 12 9 1 0 0
99999 2016 12 9 3 0 0
99999 2016 12 9 8 0 0
99999 2016 12 9 12 112 0
99999 2016 12 9 13 45 0
99999 2016 12 9 14 338 0
99999 2016 12 9 15 338 0
99999 2016 12 9 16 338 0
99999 2016 12 9 17 0 0
99999 2016 12 9 22 0 0
99999 2016 12 9 23 315 0
99999 2016 12 10 3 0 0
99999 2016 12 10 4 338 0
99999 2016 12 10 5 315 0
99999 2016 12 10 6 292 0
99999 2016 12 10 8 0 0
99999 2016 12 10 11 0 0
99999 2016 12 10 12 0 0
99999 2016 12 10 13 338 0
99999 2016 12 10 14 0 0
99999 2016 12 10 15 0 0
99999 2016 12 10 16 0 0
99999 2016 12 10 17 112 0
99999 2016 12 10 20 315 0
99999 2016 12 11 0 0 0
99999 2016 12 11 4 0 0
99999 2016 12 11 5 0 0
99999 2016 12 11 22 0 0
99999 2016 12 11 23 0 0
99999 2016 12 12 12 315 3
99999 2016 12 12 13 0 2
99999 2016 12 12 14 0 2
99999 2016 12 12 15 0 2
99999 2016 12 12 16 292 0
99999 2016 12 12 17 292 1
99999 2016 12 12 18 338 1
99999 2016 12 12 19 0 0
99999 2016 12 12 20 292 2
99999 2016 12 12 21 315 1
99999 2016 12 12 22 315 0
99999 2016 12 13 0 158 1
99999 2016 12 13 2 315 1
99999 2016 12 13 3 315 0
99999 2016 12 14 16 315 0
99999 2016 12 14 17 315 0
99999 2016 12 14 18 338 0
99999 2016 12 14 19 315 0
99999 2016 12 14 20 315 0
99999 2016 12 14 21 315 0
99999 2016 12 14 23 315 0
99999 2016 12 15 22 270 1
99999 2016 12 15 23 270 1
99999 2016 12 16 0 292 1
99999 2016 12 16 1 315 1
99999 2016 12 16 2 270 0
99999 2016 12 16 3 292 1
99999 2016 12 16 6 292 1
99999 2016 12 16 7 292 0
99999 2016 12 16 8 338 0
99999 2016 12 17 0 292 2
99999 2016 12 17 1 292 2
99999 2016 12 17 2 292 2
99999 2016 12 17 3 292 2
99999 2016 12 17 4 292 2
99999 2016 12 17 5 292 0
99999 2016 12 17 6 292 0
99999 2016 12 17 11 270 0
99999 2016 12 17 12 292 1
99999 2016 12 17 13 338 1
99999 2016 12 17 14 248 1
99999 2016 12 17 15 270 1
99999 2016 12 17 16 338 0
99999 2016 12 17 23 225 0
99999 2016 12 18 10 0 0
99999 2016 12 18 11 292 1
99999 2016 12 18 12 338 0
99999 2016 12 18 13 338 1
99999 2016 12 18 14 0 1
99999 2016 12 18 15 0 0
99999 2016 12 18 16 0 0
99999 2016 12 18 20 338 0
99999 2016 12 18 21 338 0
99999 2016 12 18 23 0 0
99999 2016 12 19 0 338 0
99999 2016 12 19 2 315 0
99999 2016 12 19 20 270 2
99999 2016 12 19 21 270 2
99999 2016 12 19 22 315 2
99999 2016 12 19 23 292 3
99999 2016 12 21 16 270 1
99999 2016 12 21 17 248 0
99999 2016 12 21 18 248 0
99999 2016 12 21 19 292 0
99999 2016 12 21 20 270 0
99999 2016 12 21 21 270 0
99999 2016 12 22 7 315 1
99999 2016 12 22 8 315 0
99999 2016 12 22 10 292 0
99999 2016 12 22 11 270 0
99999 2016 12 22 12 315 2
99999 2016 12 22 13 270 2
99999 2016 12 22 14 315 1
99999 2016 12 22 15 338 0
99999 2016 12 22 16 292 0
99999 2016 12 22 17 315 0
99999 2016 12 22 23 225 0
99999 2016 12 23 0 202 0
99999 2016 12 23 5 225 0
99999 2016 12 23 6 225 0
99999 2016 12 23 10 292 0
99999 2016 12 23 11 292 3
99999 2016 12 23 12 270 3
99999 2016 12 23 13 315 2
99999 2016 12 23 14 315 2
99999 2016 12 23 15 315 1
99999 2016 12 23 16 315 1
99999 2016 12 23 17 292 1
99999 2016 12 23 20 315 0
99999 2016 12 23 21 270 0
99999 2016 12 23 22 315 0
99999 2016 12 23 23 270 2
99999 2016 12 24 0 270 1
99999 2016 12 24 3 202 0
99999 2016 12 24 4 202 1
99999 2016 12 24 5 202 0
99999 2016 12 24 6 202 0
99999 2016 12 24 7 225 1
99999 2016 12 24 8 225 0
99999 2016 12 24 9 248 0
99999 2016 12 24 10 270 0
99999 2016 12 24 11 270 1
99999 2016 12 24 12 315 3
99999 2016 12 24 13 315 3
99999 2016 12 24 14 270 3
99999 2016 12 24 15 315 2
99999 2016 12 24 16 292 0
99999 2016 12 24 17 315 1
99999 2016 12 24 18 270 0
99999 2016 12 24 20 180 0
99999 2016 12 25 1 180 0
99999 2016 12 25 8 45 1
99999 2016 12 25 10 0 0
99999 2016 12 25 11 315 0
99999 2016 12 25 12 0 0
99999 2016 12 25 13 338 1
99999 2016 12 25 14 315 1
99999 2016 12 25 15 0 2
99999 2016 12 25 16 315 1
99999 2016 12 25 17 292 0
99999 2016 12 25 19 158 0
99999 2016 12 25 22 112 0
99999 2016 12 26 4 315 0
99999 2016 12 26 5 270 0
99999 2016 12 26 9 112 0
99999 2016 12 26 11 0 0
99999 2016 12 26 12 0 0
99999 2016 12 26 13 0 0
99999 2016 12 26 14 45 0
99999 2016 12 26 15 68 0
99999 2016 12 26 17 0 0
99999 2016 12 26 19 338 0
99999 2016 12 26 21 225 1
99999 2016 12 26 22 225 2
99999 2016 12 27 2 225 0
99999 2016 12 27 4 225 0
99999 2016 12 27 10 315 0
99999 2016 12 27 11 315 0
99999 2016 12 27 12 315 3
99999 2016 12 27 13 315 4
99999 2016 12 27 14 315 4
99999 2016 12 27 15 315 2
99999 2016 12 27 16 315 1
99999 2016 12 27 19 248 0
99999 2016 12 27 21 180 0
99999 2016 12 28 0 158 0
99999 2016 12 28 7 248 0
99999 2016 12 28 8 270 1
99999 2016 12 28 9 270 1
99999 2016 12 28 10 248 0
99999 2016 12 28 11 315 4
99999 2016 12 28 12 292 3
99999 2016 12 28 13 292 3
99999 2016 12 28 14 315 3
99999 2016 12 28 15 315 3
99999 2016 12 28 16 270 4
99999 2016 12 28 17 270 2
99999 2016 12 28 18 292 2
99999 2016 12 28 19 270 1
99999 2016 12 28 20 292 3
99999 2016 12 28 21 270 2
99999 2016 12 29 0 292 0
99999 2016 12 29 1 112 0
99999 2016 12 29 3 112 3
99999 2016 12 29 4 112 4
99999 2016 12 29 5 112 2
99999 2016 12 29 6 112 0
99999 2016 12 29 7 112 0
99999 2016 12 29 8 112 0
99999 2016 12 29 9 112 2
99999 2016 12 29 10 112 5
99999 2016 12 29 11 112 6
99999 2016 12 29 12 112 6
99999 2016 12 29 13 112 3
99999 2016 12 29 14 112 2
99999 2016 12 29 15 112 2
99999 2016 12 29 16 112 2
99999 2016 12 29 17 112 0
99999 2016 12 30 10 315 0
99999 2016 12 30 11 315 0
99999 2016 12 30 12 315 1
99999 2016 12 30 13 315 1
99999 2016 12 30 14 0 1
99999 2016 12 30 15 338 0
99999 2016 12 30 16 292 0
99999 2016 12 30 17 338 0
99999 2016 12 31 10 270 0
99999 2016 12 31 11 248 1
99999 2016 12 31 12 315 2
99999 2016 12 31 13 292 1
99999 2016 12 31 14 270 1
99999 2016 12 31 15 248 0
99999 2016 12 31 16 315 1
99999 2016 12 31 17 338 0
99999 2016 12 31 18 292 0
99999 2016 12 31 23 202 0
99999 2017 1 1 6 270 0
99999 2017 1 1 7 270 0
99999 2017 1 1 8 292 0
99999 2017 1 1 9 292 0
99999 2017 1 1 10 270 1
99999 2017 1 1 11 270 3
99999 2017 1 1 12 315 2
99999 2017 1 1 13 315 2
99999 2017 1 1 14 315 1
99999 2017 1 1 15 315 1
99999 2017 1 1 16 315 0
99999 2017 1 1 17 315 0
99999 2017 1 2 2 315 0
99999 2017 1 2 10 315 0
99999 2017 1 2 11 315 0
99999 2017 1 2 12 0 1
99999 2017 1 2 13 0 1
99999 2017 1 2 14 0 1
99999 2017 1 2 15 0 1
99999 2017 1 2 16 0 1
99999 2017 1 2 17 0 1
99999 2017 1 2 18 0 0
99999 2017 1 3 0 45 0
99999 2017 1 3 1 0 0
99999 2017 1 3 2 0 0
99999 2017 1 3 4 292 1
99999 2017 1 3 5 248 0
99999 2017 1 3 6 0 1
99999 2017 1 3 7 0 1
99999 2017 1 3 8 315 1
99999 2017 1 3 9 292 2
99999 2017 1 3 10 315 2
99999 2017 1 3 11 270 2
99999 2017 1 3 12 315 3
99999 2017 1 3 13 315 3
99999 2017 1 3 14 315 2
99999 2017 1 3 15 315 2
99999 2017 1 3 16 315 1
99999 2017 1 3 17 315 1
99999 2017 1 3 18 292 1
99999 2017 1 3 19 292 0
99999 2017 1 3 20 292 0
99999 2017 1 3 21 292 1
99999 2017 1 3 22 270 1
99999 2017 1 3 23 270 0
99999 2017 1 4 0 292 0
99999 2017 1 4 1 270 1
99999 2017 1 4 3 225 1
99999 2017 1 4 4 225 3
99999 2017 1 4 5 225 0
99999 2017 1 4 6 292 0
99999 2017 1 4 7 270 1
99999 2017 1 4 8 270 0
99999 2017 1 4 10 270 1
99999 2017 1 4 11 270 3
99999 2017 1 4 12 315 3
99999 2017 1 4 13 270 1
99999 2017 1 4 14 292 1
99999 2017 1 4 16 45 0
99999 2017 1 4 17 45 0
99999 2017 1 4 18 112 0
99999 2017 1 4 19 112 0
99999 2017 1 4 20 180 0
99999 2017 1 4 22 338 0
99999 2017 1 4 23 0 0
99999 2017 1 5 0 225 0
99999 2017 1 5 1 248 0
99999 2017 1 5 2 315 1
99999 2017 1 5 3 292 1
99999 2017 1 5 4 315 2
99999 2017 1 5 5 292 2
99999 2017 1 5 6 292 3
99999 2017 1 5 7 270 2
99999 2017 1 5 8 292 3
99999 2017 1 5 9 270 4
99999 2017 1 5 10 315 4
99999 2017 1 5 11 315 4
99999 2017 1 5 12 315 2
99999 2017 1 5 13 315 4
99999 2017 1 5 14 45 3
99999 2017 1 5 15 45 1
99999 2017 1 5 16 45 0
99999 2017 1 5 17 112 0
99999 2017 1 5 18 45 0
99999 2017 1 5 19 22 0
99999 2017 1 5 20 0 0
99999 2017 1 5 21 0 0
99999 2017 1 5 23 0 0
99999 2017 1 6 1 315 0
99999 2017 1 6 2 292 0
99999 2017 1 6 3 292 0
99999 2017 1 6 4 270 0
99999 2017 1 6 5 292 0
99999 2017 1 6 6 270 0
99999 2017 1 6 7 270 0
99999 2017 1 6 9 270 0
99999 2017 1 6 10 315 1
99999 2017 1 6 11 292 1
99999 2017 1 6 12 338 0
99999 2017 1 6 13 135 1
99999 2017 1 6 14 112 0
99999 2017 1 6 15 135 0
99999 2017 1 6 16 112 0
99999 2017 1 6 17 112 1
99999 2017 1 7 11 135 1
99999 2017 1 7 12 112 1
99999 2017 1 7 13 112 3
99999 2017 1 7 14 112 2
99999 2017 1 7 15 112 2
99999 2017 1 7 16 112 2
99999 2017 1 7 17 112 0
99999 2017 1 7 18 112 1
99999 2017 1 8 3 225 0
99999 2017 1 8 4 0 0
99999 2017 1 8 9 45 0
99999 2017 1 8 10 0 0
99999 2017 1 8 11 0 0
99999 2017 1 8 12 22 0
99999 2017 1 8 13 292 0
99999 2017 1 8 14 338 0
99999 2017 1 8 16 112 0
99999 2017 1 9 15 0 0
99999 2017 1 9 16 112 0
99999 2017 1 9 17 0 0
99999 2017 1 9 21 112 0
99999 2017 1 9 22 112 0
99999 2017 1 9 23 112 0
99999 2017 1 10 2 292 0
99999 2017 1 10 3 225 0
99999 2017 1 11 1 68 0
99999 2017 1 11 2 45 0
99999 2017 1 11 3 112 0
99999 2017 1 11 4 0 0
99999 2017 1 11 5 45 0
99999 2017 1 11 7 0 0
99999 2017 1 11 10 112 0
99999 2017 1 11 11 0 0
99999 2017 1 11 12 135 0
99999 2017 1 11 13 135 1
99999 2017 1 11 14 22 1
99999 2017 1 11 15 135 0
99999 2017 1 11 16 112 0
99999 2017 1 11 17 112 1
99999 2017 1 11 19 135 0
99999 2017 1 11 22 315 2
99999 2017 1 11 23 292 1
99999 2017 1 12 0 270 2
99999 2017 1 12 1 270 0
99999 2017 1 12 2 270 0
99999 2017 1 12 5 158 0
99999 2017 1 12 6 202 0
99999 2017 1 12 8 0 0
99999 2017 1 12 9 45 0
99999 2017 1 12 11 112 0
99999 2017 1 12 12 135 0
99999 2017 1 12 13 112 1
99999 2017 1 12 14 112 2
99999 2017 1 12 15 112 1
99999 2017 1 12 16 112 2
99999 2017 1 12 17 112 2
99999 2017 1 12 18 112 1
99999 2017 1 12 19 112 0
99999 2017 1 12 20 0 0
99999 2017 1 12 21 112 1
99999 2017 1 12 22 112 0
99999 2017 1 13 0 338 0
99999 2017 1 13 1 292 1
99999 2017 1 13 2 292 0
99999 2017 1 13 3 0 0
99999 2017 1 13 4 292 0
99999 2017 1 13 5 315 2
99999 2017 1 13 6 292 3
99999 2017 1 13 7 292 3
99999 2017 1 13 8 315 3
99999 2017 1 13 9 292 4
99999 2017 1 13 10 292 3
99999 2017 1 13 11 292 3
99999 2017 1 13 12 315 3
99999 2017 1 13 13 292 3
99999 2017 1 13 14 338 2
99999 2017 1 13 15 270 2
99999 2017 1 13 16 225 1
99999 2017 1 13 17 270 3
99999 2017 1 13 18 270 6
99999 2017 1 13 19 270 5
99999 2017 1 13 20 0 3
99999 2017 1 13 21 0 0
99999 2017 1 13 22 292 0
99999 2017 1 13 23 292 1
99999 2017 1 14 0 292 2
99999 2017 1 14 1 292 0
99999 2017 1 14 2 292 1
99999 2017 1 14 3 270 2
99999 2017 1 14 4 292 2
99999 2017 1 14 5 315 0
99999 2017 1 14 6 270 0
99999 2017 1 14 7 292 0
99999 2017 1 14 8 315 0
99999 2017 1 14 10 270 1
99999 2017 1 14 11 292 3
99999 2017 1 14 12 292 3
99999 2017 1 14 13 270 2
99999 2017 1 14 14 315 3
99999 2017 1 14 15 315 3
99999 2017 1 14 16 292 2
99999 2017 1 14 17 292 0
99999 2017 1 14 18 270 0
99999 2017 1 14 22 0 0
99999 2017 1 15 1 0 1
99999 2017 1 15 3 225 0
99999 2017 1 15 5 292 1
99999 2017 1 15 6 270 1
99999 2017 1 15 7 292 1
99999 2017 1 15 8 292 2
99999 2017 1 15 9 315 1
99999 2017 1 15 10 270 3
99999 2017 1 15 11 292 3
99999 2017 1 15 12 315 3
99999 2017 1 15 13 292 0
99999 2017 1 15 14 202 2
99999 2017 1 15 15 270 2
99999 2017 1 15 16 292 3
99999 2017 1 15 17 315 2
99999 2017 1 15 18 292 1
99999 2017 1 15 19 292 2
99999 2017 1 15 20 292 2
99999 2017 1 15 21 292 2
99999 2017 1 15 22 292 1
99999 2017 1 15 23 292 2
99999 2017 1 16 0 292 1
99999 2017 1 16 1 270 2
99999 2017 1 16 2 292 2
99999 2017 1 16 3 292 1
99999 2017 1 16 4 292 1
99999 2017 1 16 5 292 0
99999 2017 1 16 6 292 1
99999 2017 1 16 7 292 2
99999 2017 1 16 8 315 2
99999 2017 1 16 9 292 3
99999 2017 1 16 10 315 3
99999 2017 1 16 11 315 3
99999 2017 1 16 12 315 1
99999 2017 1 16 13 0 2
99999 2017 1 16 14 0 1
99999 2017 1 16 15 45 1
99999 2017 1 16 16 45 2
99999 2017 1 16 17 45 3
99999 2017 1 16 18 45 1
99999 2017 1 16 19 45 3
99999 2017 1 16 20 45 2
99999 2017 1 16 21 45 3
99999 2017 1 16 22 45 3
99999 2017 1 16 23 45 5
99999 2017 1 17 0 45 3
99999 2017 1 17 1 45 3
99999 2017 1 17 2 0 1
99999 2017 1 17 3 22 1
99999 2017 1 17 4 45 2
99999 2017 1 17 5 0 1
99999 2017 1 17 6 0 1
99999 2017 1 17 7 45 6
99999 2017 1 17 8 45 2
99999 2017 1 17 9 45 1
99999 2017 1 17 10 45 3
99999 2017 1 17 11 45 6
99999 2017 1 17 12 45 7
99999 2017 1 17 13 45 7
99999 2017 1 17 14 45 6
99999 2017 1 17 15 45 6
99999 2017 1 17 16 45 4
99999 2017 1 17 17 45 2
99999 2017 1 17 18 45 5
99999 2017 1 17 19 45 2
99999 2017 1 17 20 45 3
99999 2017 1 17 21 45 1
99999 2017 1 17 22 45 3
99999 2017 1 17 23 45 3
99999 2017 1 18 12 45 2
99999 2017 1 18 13 45 3
99999 2017 1 18 14 45 4
99999 2017 1 18 15 45 3
99999 2017 1 18 16 45 3
99999 2017 1 18 17 45 1
99999 2017 1 18 18 45 0
99999 2017 1 18 19 68 0
99999 2017 1 18 20 45 0
99999 2017 1 18 21 0 0
99999 2017 1 18 22 292 0
99999 2017 1 18 23 292 0
99999 2017 1 19 18 315 0
99999 2017 1 19 20 270 0
99999 2017 1 19 21 292 1
99999 2017 1 19 22 270 0
99999 2017 1 19 23 315 2
99999 2017 1 20 0 292 2
99999 2017 1 20 1 292 1
99999 2017 1 20 16 292 1
99999 2017 1 21 1 292 0
99999 2017 1 21 15 338 0
99999 2017 1 21 16 0 0
99999 2017 1 21 22 292 0
99999 2017 1 22 2 315 0
99999 2017 1 22 4 315 0
99999 2017 1 22 5 270 0
99999 2017 1 22 6 315 1
99999 2017 1 22 7 292 1
99999 2017 1 22 8 338 0
99999 2017 1 22 9 315 0
99999 2017 1 22 10 292 1
99999 2017 1 22 11 315 0
99999 2017 1 22 12 315 2
99999 2017 1 22 13 270 3
99999 2017 1 22 14 315 1
99999 2017 1 22 15 292 1
99999 2017 1 22 16 292 0
99999 2017 1 22 17 338 0
99999 2017 1 22 19 338 0
99999 2017 1 22 20 338 0
99999 2017 1 22 22 338 0
99999 2017 1 22 23 292 0
99999 2017 1 23 0 292 0
99999 2017 1 23 1 270 0
99999 2017 1 23 2 292 0
99999 2017 1 23 3 292 1
99999 2017 1 23 4 292 0
99999 2017 1 23 5 292 1
99999 2017 1 23 6 292 0
99999 2017 1 23 7 315 1
99999 2017 1 23 8 270 1
99999 2017 1 23 9 270 1
99999 2017 1 23 10 292 2
99999 2017 1 23 11 315 3
99999 2017 1 23 12 292 1
99999 2017 1 23 13 270 1
99999 2017 1 23 14 292 0
99999 2017 1 23 15 292 0
99999 2017 1 23 16 292 0
99999 2017 1 23 18 0 0
99999 2017 1 23 19 338 0
99999 2017 1 23 20 292 0
99999 2017 1 23 21 270 0
99999 2017 1 23 22 270 0
99999 2017 1 23 23 292 1
99999 2017 1 24 0 270 2
99999 2017 1 24 1 270 1
99999 2017 1 24 2 270 1
99999 2017 1 24 3 270 1
99999 2017 1 24 4 270 1
99999 2017 1 24 5 270 0
99999 2017 1 24 6 292 0
99999 2017 1 24 9 270 1
99999 2017 1 24 10 315 3
99999 2017 1 24 11 315 3
99999 2017 1 24 12 315 3
99999 2017 1 24 13 315 1
99999 2017 1 24 14 0 1
99999 2017 1 24 15 292 0
99999 2017 1 24 16 0 0
99999 2017 1 24 17 0 0
99999 2017 1 24 22 292 0
99999 2017 1 24 23 315 1
99999 2017 1 25 0 292 0
99999 2017 1 25 1 292 0
99999 2017 1 25 2 315 1
99999 2017 1 25 3 270 1
99999 2017 1 25 4 270 0
99999 2017 1 25 5 0 0
99999 2017 1 25 6 0 0
99999 2017 1 25 7 292 0
99999 2017 1 25 8 292 0
99999 2017 1 25 9 270 1
99999 2017 1 25 10 292 2
99999 2017 1 25 11 292 2
99999 2017 1 25 12 0 2
99999 2017 1 25 13 315 3
99999 2017 1 25 14 315 3
99999 2017 1 25 15 338 2
99999 2017 1 25 16 292 1
99999 2017 1 25 17 338 0
99999 2017 1 25 19 248 0
99999 2017 1 26 1 225 0
99999 2017 1 26 2 45 0
99999 2017 1 26 3 315 0
99999 2017 1 26 10 315 0
99999 2017 1 26 11 270 0
99999 2017 1 26 12 0 1
99999 2017 1 26 13 0 1
99999 2017 1 26 14 0 1
99999 2017 1 26 15 0 1
99999 2017 1 26 16 0 1
99999 2017 1 26 17 292 0
99999 2017 1 26 18 292 0
99999 2017 1 27 10 338 0
99999 2017 1 27 11 0 0
99999 2017 1 27 12 338 0
99999 2017 1 27 13 0 1
99999 2017 1 27 14 0 1
99999 2017 1 27 15 0 1
99999 2017 1 27 16 45 1
99999 2017 1 27 17 112 0
99999 2017 1 27 21 112 0
99999 2017 1 28 5 0 0
99999 2017 1 28 6 338 0
99999 2017 1 28 7 0 0
99999 2017 1 28 9 0 0
99999 2017 1 28 12 0 1
99999 2017 1 28 13 0 0
99999 2017 1 28 14 0 2
99999 2017 1 28 15 0 0
99999 2017 1 28 16 0 2
99999 2017 1 28 17 0 0
99999 2017 1 29 2 225 0
99999 2017 1 29 4 225 0
99999 2017 1 29 11 22 0
99999 2017 1 29 12 45 0
99999 2017 1 29 13 0 0
99999 2017 1 29 14 45 0
99999 2017 1 29 15 135 0
99999 2017 1 29 16 45 0
99999 2017 1 29 17 0 0
99999 2017 1 29 22 292 0
99999 2017 1 30 0 338 0
99999 2017 1 30 2 338 0
99999 2017 1 30 4 292 0
99999 2017 1 30 5 270 0
99999 2017 1 30 21 0 0
99999 2017 1 30 23 0 0
99999 2017 1 31 0 0 0
99999 2017 1 31 5 0 0
99999 2017 1 31 6 0 0
99999 2017 1 31 7 270 0
99999 2017 1 31 20 338 0
99999 2017 1 31 21 0 0
99999 2017 1 31 22 0 0
99999 2017 1 31 23 0 0
99999 2017 2 2 2 315 0
99999 2017 2 2 3 0 0
99999 2017 2 2 4 292 0
99999 2017 2 2 5 338 0
99999 2017 2 2 6 338 0
99999 2017 2 2 9 112 0
99999 2017 2 2 10 0 0
99999 2017 2 2 11 292 0
99999 2017 2 2 12 338 0
99999 2017 2 2 13 0 1
99999 2017 2 2 14 0 0
99999 2017 2 2 17 45 0
99999 2017 2 2 18 292 0
99999 2017 2 2 19 338 0
99999 2017 2 2 20 315 0
99999 2017 2 2 21 338 0
99999 2017 2 2 23 292 0
99999 2017 2 3 0 315 0
99999 2017 2 3 1 292 0
99999 2017 2 3 2 338 0
99999 2017 2 3 3 315 1
99999 2017 2 3 4 112 0
99999 2017 2 3 5 112 1
99999 2017 2 3 6 112 1
99999 2017 2 3 7 112 2
99999 2017 2 3 8 112 3
99999 2017 2 3 9 112 3
99999 2017 2 3 10 112 2
99999 2017 2 3 11 112 1
99999 2017 2 3 12 202 4
99999 2017 2 3 13 315 4
99999 2017 2 3 14 315 3
99999 2017 2 3 15 315 2
99999 2017 2 3 16 292 1
99999 2017 2 3 17 292 3
99999 2017 2 3 18 292 2
99999 2017 2 3 19 292 1
99999 2017 2 3 21 338 0
99999 2017 2 3 22 112 0
99999 2017 2 3 23 135 0
99999 2017 2 4 0 292 1
99999 2017 2 4 1 292 1
99999 2017 2 4 2 180 1
99999 2017 2 4 3 292 2
99999 2017 2 4 4 292 2
99999 2017 2 4 5 270 1
99999 2017 2 4 6 270 1
99999 2017 2 4 7 292 0
99999 2017 2 4 10 112 0
99999 2017 2 4 11 112 1
99999 2017 2 4 12 112 1
99999 2017 2 4 13 112 0
99999 2017 2 4 14 112 1
99999 2017 2 4 15 112 2
99999 2017 2 4 16 112 1
99999 2017 2 4 17 0 1
99999 2017 2 4 18 292 1
99999 2017 2 4 19 315 3
99999 2017 2 4 20 270 3
99999 2017 2 4 21 270 2
99999 2017 2 4 22 270 2
99999 2017 2 4 23 270 1
99999 2017 2 5 0 270 1
99999 2017 2 5 1 315 0
99999 2017 2 5 2 292 1
99999 2017 2 5 3 270 1
99999 2017 2 5 4 315 1
99999 2017 2 5 5 270 0
99999 2017 2 5 7 112 0
99999 2017 2 5 9 112 1
99999 2017 2 5 11 45 1
99999 2017 2 5 12 112 1
99999 2017 2 5 13 112 1
99999 2017 2 5 14 112 1
99999 2017 2 5 15 112 0
99999 2017 2 5 16 292 1
99999 2017 2 5 17 270 3
99999 2017 2 5 18 270 3
99999 2017 2 5 19 270 1
99999 2017 2 5 21 315 3
99999 2017 2 5 22 270 3
99999 2017 2 5 23 315 2
99999 2017 2 6 0 270 2
99999 2017 2 6 1 292 3
99999 2017 2 6 2 292 3
99999 2017 2 6 15 315 3
99999 2017 2 6 16 292 1
99999 2017 2 6 17 292 1
99999 2017 2 6 18 292 1
99999 2017 2 6 19 315 1
99999 2017 2 6 20 315 2
99999 2017 2 6 21 292 0
99999 2017 2 6 22 315 0
99999 2017 2 6 23 315 0
99999 2017 2 7 0 292 1
99999 2017 2 7 1 315 1
99999 2017 2 7 2 315 1
99999 2017 2 7 3 292 1
99999 2017 2 7 4 292 0
99999 2017 2 7 6 292 0
99999 2017 2 7 11 315 0
99999 2017 2 7 12 0 0
99999 2017 2 7 13 22 0
99999 2017 2 7 14 45 1
99999 2017 2 7 15 112 1
99999 2017 2 7 16 112 0
99999 2017 2 7 17 112 0
99999 2017 2 7 19 112 1
99999 2017 2 7 21 112 1
99999 2017 2 8 1 112 0
99999 2017 2 8 5 112 0
99999 2017 2 8 7 22 0
99999 2017 2 8 10 45 0
99999 2017 2 8 11 112 3
99999 2017 2 8 12 112 3
99999 2017 2 8 13 112 3
99999 2017 2 8 14 112 2
99999 2017 2 8 15 45 1
99999 2017 2 8 16 45 2
99999 2017 2 8 17 112 1
99999 2017 2 8 18 22 0
99999 2017 2 8 19 45 0
99999 2017 2 8 20 45 1
99999 2017 2 8 21 45 1
99999 2017 2 8 22 45 0
99999 2017 2 8 23 45 0
99999 2017 2 9 17 292 2
99999 2017 2 9 18 270 2
99999 2017 2 9 19 270 3
99999 2017 2 9 20 270 2
99999 2017 2 9 21 292 1
99999 2017 2 9 22 315 2
99999 2017 2 9 23 292 1
99999 2017 2 10 0 292 1
99999 2017 2 10 1 292 0
99999 2017 2 10 3 292 1
99999 2017 2 10 18 315 1
99999 2017 2 10 19 270 0
99999 2017 2 10 20 315 1
99999 2017 2 10 21 292 0
99999 2017 2 10 22 292 1
99999 2017 2 10 23 315 2
99999 2017 2 11 0 315 1
99999 2017 2 11 1 270 1
99999 2017 2 11 2 315 2
99999 2017 2 11 3 270 3
99999 2017 2 11 4 270 1
99999 2017 2 11 5 292 2
99999 2017 2 11 6 292 1
99999 2017 2 11 7 292 0
99999 2017 2 11 8 225 0
99999 2017 2 11 9 292 0
99999 2017 2 11 10 0 1
99999 2017 2 11 11 338 1
99999 2017 2 11 12 338 1
99999 2017 2 11 13 292 0
99999 2017 2 11 14 0 1
99999 2017 2 11 15 0 0
99999 2017 2 11 16 0 0
99999 2017 2 11 21 338 0
99999 2017 2 11 22 292 1
99999 2017 2 11 23 292 0
99999 2017 2 12 0 292 1
99999 2017 2 12 1 315 0
99999 2017 2 12 19 0 0
99999 2017 2 12 20 0 0
99999 2017 2 12 21 0 1
99999 2017 2 12 22 292 1
99999 2017 2 12 23 270 1
99999 2017 2 13 16 112 0
99999 2017 2 13 17 90 0
99999 2017 2 13 18 112 0
99999 2017 2 13 19 0 0
99999 2017 2 13 20 135 0
99999 2017 2 13 23 0 0
99999 2017 2 14 18 0 0
99999 2017 2 14 22 225 0
99999 2017 2 14 23 202 1
99999 2017 2 15 0 202 1
99999 2017 2 15 1 225 1
99999 2017 2 15 2 202 1
99999 2017 2 15 3 225 0
99999 2017 2 15 4 202 1
99999 2017 2 15 5 202 0
99999 2017 2 15 7 202 0
99999 2017 2 15 8 202 1
99999 2017 2 15 9 202 1
99999 2017 2 15 10 248 1
99999 2017 2 15 11 315 2
99999 2017 2 15 12 315 2
99999 2017 2 15 13 338 1
99999 2017 2 15 14 292 1
99999 2017 2 15 15 0 0
99999 2017 2 15 16 0 1
99999 2017 2 15 17 315 1
99999 2017 2 15 18 315 0
99999 2017 2 15 22 202 0
99999 2017 2 15 23 202 1
99999 2017 2 16 0 225 0
99999 2017 2 16 2 225 1
99999 2017 2 16 5 225 0
99999 2017 2 16 7 225 0
99999 2017 2 16 10 248 1
99999 2017 2 16 11 315 3
99999 2017 2 16 12 315 3
99999 2017 2 16 13 315 2
99999 2017 2 16 14 338 2
99999 2017 2 16 15 0 2
99999 2017 2 16 16 315 0
99999 2017 2 16 17 0 0
99999 2017 2 16 18 45 0
99999 2017 2 16 20 112 0
99999 2017 2 16 21 180 1
99999 2017 2 16 22 248 2
99999 2017 2 16 23 225 3
99999 2017 2 17 0 248 2
99999 2017 2 17 1 225 0
99999 2017 2 17 2 225 2
99999 2017 2 17 3 225 2
99999 2017 2 17 4 248 1
99999 2017 2 17 5 202 0
99999 2017 2 17 6 338 0
99999 2017 2 17 9 225 0
99999 2017 2 17 10 0 0
99999 2017 2 17 11 45 2
99999 2017 2 17 12 0 2
99999 2017 2 17 13 0 2
99999 2017 2 17 14 0 1
99999 2017 2 17 15 45 1
99999 2017 2 17 16 112 3
99999 2017 2 17 17 45 2
99999 2017 2 17 18 112 1
99999 2017 2 17 19 112 0
99999 2017 2 17 20 112 0
99999 2017 2 17 21 112 0
99999 2017 2 17 22 112 1
99999 2017 2 17 23 45 1
99999 2017 2 18 0 158 1
99999 2017 2 18 1 0 1
99999 2017 2 18 2 0 0
99999 2017 2 18 19 112 1
99999 2017 2 18 21 112 1
99999 2017 2 18 22 112 0
99999 2017 2 19 0 248 0
99999 2017 2 19 2 0 0
99999 2017 2 19 3 292 0
99999 2017 2 19 4 292 0
99999 2017 2 19 6 292 1
99999 2017 2 19 7 292 2
99999 2017 2 19 8 270 3
99999 2017 2 19 9 292 2
99999 2017 2 19 10 315 1
99999 2017 2 19 11 315 2
99999 2017 2 19 12 338 2
99999 2017 2 19 13 338 2
99999 2017 2 19 14 0 1
99999 2017 2 19 15 292 0
99999 2017 2 19 16 338 0
99999 2017 2 19 17 45 0
99999 2017 2 19 20 338 0
99999 2017 2 19 21 292 1
99999 2017 2 19 22 292 0
99999 2017 2 20 0 292 1
99999 2017 2 20 1 292 1
99999 2017 2 20 2 270 1
99999 2017 2 20 3 270 2
99999 2017 2 20 4 292 1
99999 2017 2 20 5 270 1
99999 2017 2 20 6 270 0
99999 2017 2 20 7 292 0
99999 2017 2 20 8 270 2
99999 2017 2 20 9 270 2
99999 2017 2 20 10 338 1
99999 2017 2 20 11 338 2
99999 2017 2 20 12 338 3
99999 2017 2 20 13 0 3
99999 2017 2 20 14 0 1
99999 2017 2 20 15 0 1
99999 2017 2 20 16 45 1
99999 2017 2 20 17 45 0
99999 2017 2 20 18 0 0
99999 2017 2 20 19 112 0
99999 2017 2 21 4 315 1
99999 2017 2 21 5 292 1
99999 2017 2 21 6 270 1
99999 2017 2 21 7 338 0
99999 2017 2 21 8 315 0
99999 2017 2 21 9 0 0
99999 2017 2 21 11 315 2
99999 2017 2 21 12 315 2
99999 2017 2 21 13 0 2
99999 2017 2 21 14 0 2
99999 2017 2 21 15 0 1
99999 2017 2 21 16 0 1
99999 2017 2 21 17 0 2
99999 2017 2 21 18 45 0
99999 2017 2 21 20 112 1
99999 2017 2 21 21 112 1
99999 2017 2 21 22 112 1
99999 2017 2 21 23 112 1
99999 2017 2 22 0 45 0
99999 2017 2 22 1 112 1
99999 2017 2 22 2 112 1
99999 2017 2 22 3 135 1
99999 2017 2 22 4 112 0
99999 2017 2 22 7 338 0
99999 2017 2 22 8 338 0
99999 2017 2 22 9 0 1
99999 2017 2 22 22 135 0
99999 2017 2 23 11 338 0
99999 2017 2 23 12 45 1
99999 2017 2 23 13 0 2
99999 2017 2 23 14 112 2
99999 2017 2 23 15 112 2
99999 2017 2 23 16 112 2
99999 2017 2 23 17 22 0
99999 2017 2 23 18 0 0
99999 2017 2 23 19 45 0
99999 2017 2 23 20 112 2
99999 2017 2 23 21 112 0
99999 2017 2 23 22 112 0
99999 2017 2 24 0 112 0
99999 2017 2 24 2 112 0
99999 2017 2 24 5 22 0
99999 2017 2 24 6 338 1
99999 2017 2 24 7 338 0
99999 2017 2 24 8 315 1
99999 2017 2 24 9 0 0
99999 2017 2 24 10 0 0
99999 2017 2 24 11 0 1
99999 2017 2 24 12 315 1
99999 2017 2 24 13 270 0
99999 2017 2 24 14 292 1
99999 2017 2 24 15 270 2
99999 2017 2 24 16 292 3
99999 2017 2 24 17 338 1
99999 2017 2 24 18 338 0
99999 2017 2 24 19 292 1
99999 2017 2 24 20 292 2
99999 2017 2 24 21 0 1
99999 2017 2 24 22 0 0
99999 2017 2 24 23 292 1
99999 2017 2 25 0 45 3
99999 2017 2 25 1 112 3
99999 2017 2 25 2 112 6
99999 2017 2 25 3 112 1
99999 2017 2 25 4 112 2
99999 2017 2 25 5 45 0
99999 2017 2 25 6 45 0
99999 2017 2 25 7 0 0
99999 2017 2 25 9 292 0
99999 2017 2 25 10 315 0
99999 2017 2 25 11 0 1
99999 2017 2 25 12 0 1
99999 2017 2 25 13 45 2
99999 2017 2 25 14 45 1
99999 2017 2 25 15 45 2
99999 2017 2 25 16 45 1
99999 2017 2 25 17 45 1
99999 2017 2 25 18 45 0
99999 2017 2 26 12 22 1
99999 2017 2 26 13 45 0
99999 2017 2 26 14 22 0
99999 2017 2 26 15 112 1
99999 2017 2 26 16 112 1
99999 2017 2 26 17 112 1
99999 2017 2 26 18 112 0
99999 2017 2 26 19 112 1
99999 2017 2 26 20 112 1
99999 2017 2 27 10 315 0
99999 2017 2 27 11 45 0
99999 2017 2 27 12 0 1
99999 2017 2 27 13 0 0
99999 2017 2 27 14 0 0
99999 2017 2 27 15 45 1
99999 2017 2 27 16 0 0
99999 2017 2 27 17 45 0
99999 2017 2 27 18 68 0
99999 2017 2 27 22 158 0
99999 2017 2 27 23 202 1
99999 2017 2 28 20 202 5
99999 2017 2 28 21 202 3
99999 2017 2 28 22 225 1
99999 2017 2 28 23 225 0
