16908	2016	4	17	0	0	2.235	180
16908	2016	4	17	1	0	0.894	180
16908	2016	4	17	2	0	1.341	180
16908	2016	4	17	3	0	2.235	202.5
16908	2016	4	17	4	0	2.682	180
16908	2016	4	17	5	0	4.47	180
16908	2016	4	17	6	0	4.023	180
16908	2016	4	17	7	0	4.023	180
16908	2016	4	17	8	0	4.47	180
16908	2016	4	17	9	0	4.023	180
16908	2016	4	17	10	0	3.576	180
16908	2016	4	17	11	0	3.129	180
16908	2016	4	17	12	0	3.129	180
16909	2016	4	17	13	0	4.023	180
16909	2016	4	17	14	0	4.47	157.5
16909	2016	4	17	15	0	5.364	180
16909	2016	4	17	16	0	4.023	180
16909	2016	4	17	17	0	4.917	180
16909	2016	4	17	18	0	4.917	180
16909	2016	4	17	19	0	4.023	180
16909	2016	4	17	20	0	4.917	180
16909	2016	4	17	21	0	4.023	180
16909	2016	4	17	22	0	3.129	180
16909	2016	4	17	23	0	3.576	180
16918	2016	4	27	0	0	2.235	202.5
16918	2016	4	27	1	0	2.682	202.5
16918	2016	4	27	2	0	3.129	202.5
16918	2016	4	27	3	0	3.576	202.5
16918	2016	4	27	4	0	4.023	202.5
16918	2016	4	27	5	0	3.129	202.5
16918	2016	4	27	6	0	4.023	180
16918	2016	4	27	7	0	2.682	202.5
16918	2016	4	27	8	0	2.682	202.5
16918	2016	4	27	9	0	3.576	202.5
16918	2016	4	27	10	0	4.47	202.5
16918	2016	4	27	11	0	4.917	202.5
16918	2016	4	27	12	0	5.364	202.5
16919	2016	4	27	13	0	4.47	202.5
16919	2016	4	27	14	0	3.576	202.5
16919	2016	4	27	15	0	3.576	202.5
16919	2016	4	27	16	0	4.47	180
16919	2016	4	27	17	0	4.023	202.5
16919	2016	4	27	18	0	4.023	180
16919	2016	4	27	19	0	4.917	180
16919	2016	4	27	20	0	3.576	180
16919	2016	4	27	21	0	1.788	202.5
16919	2016	4	27	22	0	1.788	202.5
16919	2016	4	27	23	0	2.682	202.5
16951	2016	5	30	6	0	0.894	202.5
16951	2016	5	30	7	0	2.235	202.5
16951	2016	5	30	8	0	2.682	180
16951	2016	5	30	9	0	2.682	202.5
16951	2016	5	30	10	0	2.682	202.5
16951	2016	5	30	11	0	4.023	202.5
16952	2016	5	30	12	0	4.023	202.5
16952	2016	5	30	13	0	4.917	180
16952	2016	5	30	14	0	4.47	180
16952	2016	5	30	15	0	4.023	180
16952	2016	5	30	16	0	4.023	202.5
16952	2016	5	30	17	0	4.023	202.5
16952	2016	5	30	18	0	4.47	180
16952	2016	5	30	19	0	4.023	180
16952	2016	5	30	20	0	3.576	180
16952	2016	5	30	21	0	3.129	180
16952	2016	5	30	22	0	2.682	180
16952	2016	5	30	23	0	3.129	202.5
17246	2017	3	21	5	0	1.788	90
17246	2017	3	21	6	0	1.788	112.5
17246	2017	3	21	7	0	1.341	90
17246	2017	3	21	8	0	1.341	90
17246	2017	3	21	9	0	1.341	90
17246	2017	3	21	10	0	1.788	112.5
17246	2017	3	21	11	0	2.235	112.5
17246	2017	3	21	12	0	2.235	90
17247	2017	3	21	13	0	2.682	90
17247	2017	3	21	14	0	2.682	90
17247	2017	3	21	15	0	2.682	90
17247	2017	3	21	16	0	2.235	90
17247	2017	3	21	17	0	2.682	90
17247	2017	3	21	18	0	2.682	90
17247	2017	3	21	19	0	2.682	90
17247	2017	3	21	20	0	3.129	112.5
17247	2017	3	21	21	0	1.788	90
17247	2017	3	21	22	0	1.788	90
17247	2017	3	21	23	0	2.235	112.5
17268	2017	4	12	3	0	0.447	90
17268	2017	4	12	4	0	0.894	90
17268	2017	4	12	5	0	0.894	90
17268	2017	4	12	6	0	0.447	90
17268	2017	4	12	7	0	0.447	90
17268	2017	4	12	8	0	0	90
17268	2017	4	12	9	0	0.894	90
17268	2017	4	12	10	0	0.894	112.5
17268	2017	4	12	11	0	1.341	112.5
17268	2017	4	12	12	0	1.788	112.5
17269	2017	4	12	13	0	2.235	90
17269	2017	4	12	14	0	2.235	90
17269	2017	4	12	15	0	2.682	90
17269	2017	4	12	16	0	2.235	112.5
17269	2017	4	12	17	0	2.235	112.5
17269	2017	4	12	18	0	1.788	112.5
17269	2017	4	12	19	0	3.576	112.5
17269	2017	4	12	20	0	2.235	112.5
17269	2017	4	12	21	0	2.235	112.5
17269	2017	4	12	22	0	2.235	90
17269	2017	4	12	23	0	0.894	90
17273	2017	4	17	6	0	3.129	112.5
17273	2017	4	17	7	0	1.341	90
17273	2017	4	17	8	0	1.341	90
17273	2017	4	17	9	0	1.788	90
17273	2017	4	17	10	0	1.788	90
17273	2017	4	17	11	0	2.235	112.5
17274	2017	4	17	12	0	2.682	90
17274	2017	4	17	13	0	3.576	112.5
17274	2017	4	17	14	0	4.023	112.5
17274	2017	4	17	15	0	3.129	90
17274	2017	4	17	16	0	3.576	90
17274	2017	4	17	17	0	3.576	90
17274	2017	4	17	18	0	3.129	90
17274	2017	4	17	19	0	3.129	112.5
17274	2017	4	17	20	0	3.129	112.5
17274	2017	4	17	21	0	2.682	90
17274	2017	4	17	22	0	2.235	112.5
17274	2017	4	17	23	0	2.235	112.5
17296	2017	5	10	0	0	1.341	112.5
17296	2017	5	10	1	0	1.341	112.5
17296	2017	5	10	2	0	1.341	90
17296	2017	5	10	3	0	1.788	112.5
17296	2017	5	10	4	0	0.894	90
17296	2017	5	10	5	0	1.341	112.5
17296	2017	5	10	6	0	1.341	90
17296	2017	5	10	7	0	1.341	90
17296	2017	5	10	8	0	0.894	90
17296	2017	5	10	9	0	1.341	112.5
17296	2017	5	10	10	0	2.682	90
17296	2017	5	10	11	0	3.129	112.5
17296	2017	5	10	12	0	3.129	90
17297	2017	5	10	13	0	2.682	112.5
17297	2017	5	10	14	0	2.682	90
17297	2017	5	10	15	0	2.682	67.5
17297	2017	5	10	16	0	3.129	90
17297	2017	5	10	17	0	3.129	90
17297	2017	5	10	18	0	2.235	90
17297	2017	5	10	19	0	2.235	90
17297	2017	5	10	20	0	2.235	90
17311	2017	5	25	3	0	1.341	112.5
17311	2017	5	25	4	0	1.788	90
17311	2017	5	25	5	0	2.235	90
17311	2017	5	25	6	0	2.682	90
17311	2017	5	25	7	0	3.129	112.5
17311	2017	5	25	8	0	3.129	112.5
17311	2017	5	25	9	0	4.023	90
17311	2017	5	25	10	0	4.023	90
17311	2017	5	25	11	0	3.129	90
17312	2017	5	25	12	0	3.576	90
17312	2017	5	25	13	0	4.023	112.5
17312	2017	5	25	14	0	3.129	112.5
17312	2017	5	25	15	0	4.023	90
17312	2017	5	25	16	0	3.576	90
17312	2017	5	25	17	0	3.576	90
17312	2017	5	25	18	0	4.47	112.5
17312	2017	5	25	19	0	4.47	90
17312	2017	5	25	20	0	3.576	90
17312	2017	5	25	21	0	2.682	112.5
17312	2017	5	25	22	0	2.682	112.5
17312	2017	5	25	23	0	2.682	112.5
17312	2017	5	26	0	0	0.894	112.5
17312	2017	5	26	1	0	0.894	90
17312	2017	5	26	2	0	0.894	90
17312	2017	5	26	3	0	0.894	90
17312	2017	5	26	4	0	0.894	90
17312	2017	5	26	5	0	0.447	90
17312	2017	5	26	6	0	0.447	90
17312	2017	5	26	7	0	0.894	90
17312	2017	5	26	8	0	1.341	112.5
17312	2017	5	26	9	0	2.235	112.5
17312	2017	5	26	10	0	3.129	112.5
17312	2017	5	26	11	0	3.129	112.5
17312	2017	5	26	12	0	4.023	112.5
17313	2017	5	26	13	0	3.576	112.5
17313	2017	5	26	14	0	3.129	90
17313	2017	5	26	15	0	3.129	112.5
17313	2017	5	26	16	0	2.235	90
17313	2017	5	26	17	0	3.129	90
17313	2017	5	26	18	0	2.682	90
17313	2017	5	26	19	0	2.682	90
17313	2017	5	26	20	0	3.576	90
17313	2017	5	26	21	0	3.129	112.5
17313	2017	5	26	22	0	2.235	112.5
17595	2018	3	5	0	0	2.235	270
17595	2018	3	5	1	0	1.788	292.5
17595	2018	3	5	2	0	1.788	270
17595	2018	3	5	3	0	2.682	270
17595	2018	3	5	4	0	2.235	270
17595	2018	3	5	5	0	1.788	270
17595	2018	3	5	6	0	1.341	270
17595	2018	3	5	7	0	1.788	292.5
17595	2018	3	5	8	0	1.788	270
17595	2018	3	5	9	0	2.235	270
17595	2018	3	5	10	0	1.788	270
17595	2018	3	5	11	0	2.235	315
17596	2018	3	5	12	0	1.788	270
17596	2018	3	5	13	0	2.235	292.5
17596	2018	3	5	14	0	2.235	270
17596	2018	3	5	15	0	2.682	292.5
17596	2018	3	5	16	0	1.341	292.5
17596	2018	3	5	17	0	1.788	292.5
17614	2018	3	24	3	0	1.341	90
17614	2018	3	24	4	0	0.894	135
17614	2018	3	24	5	0	0.894	135
17614	2018	3	24	6	0	0.894	135
17614	2018	3	24	7	0	0.894	135
17614	2018	3	24	8	0	1.788	90
17614	2018	3	24	9	0	1.341	90
17614	2018	3	24	10	0	2.235	90
17614	2018	3	24	11	0	2.682	112.5
17614	2018	3	24	12	0	2.682	90
17615	2018	3	24	13	0	3.129	90
17615	2018	3	24	14	0	2.682	90
17615	2018	3	24	15	0	3.129	90
17615	2018	3	24	16	0	3.129	90
17615	2018	3	24	17	0	3.129	90
17615	2018	3	24	18	0	3.576	90
17615	2018	3	24	19	0	3.129	90
17615	2018	3	24	20	0	2.235	112.5
17615	2018	3	24	21	0	2.235	112.5
