16770	2015	12	1	2	0	0	-99.9
16770	2015	12	1	3	0	0	-99.9
16771	2015	12	2	4	0	0	-99.9
16771	2015	12	2	5	0	0	-99.9
16772	2015	12	2	19	0	0	-99.9
16772	2015	12	3	0	0	0	-99.9
16776	2015	12	7	1	0	0	-99.9
16776	2015	12	7	2	0	0	-99.9
16778	2015	12	9	0	0	0	-99.9
16778	2015	12	9	1	0	0	-99.9
16782	2015	12	13	1	0	0	-99.9
16782	2015	12	13	7	0	0	-99.9
16783	2015	12	14	4	0	0	-99.9
16784	2015	12	15	0	0	0	-99.9
16785	2015	12	15	23	0	0	-99.9
16785	2015	12	16	4	0	0	-99.9
16786	2015	12	16	19	0	0	-99.9
16786	2015	12	16	22	0	0	-99.9
16786	2015	12	17	4	0	0	-99.9
16787	2015	12	17	19	0	0	-99.9
16787	2015	12	17	22	0	0	-99.9
16787	2015	12	17	23	0	0	-99.9
16787	2015	12	18	0	0	0	-99.9
16788	2015	12	18	18	0	0	-99.9
16788	2015	12	18	19	0	0	-99.9
16788	2015	12	18	21	0	0	-99.9
16788	2015	12	19	0	0	0	-99.9
16788	2015	12	19	3	0	0	-99.9
16788	2015	12	19	4	0	0	-99.9
16790	2015	12	20	20	0	0	-99.9
16790	2015	12	20	21	0	0	-99.9
16793	2015	12	24	3	0	0	-99.9
16796	2015	12	27	6	0	0	-99.9
16799	2015	12	29	21	0	0	-99.9
16800	2015	12	30	20	0	0	-99.9
16801	2016	1	1	1	0	0	-99.9
16801	2016	1	1	3	0	0	-99.9
16801	2016	1	1	9	0	0	-99.9
16808	2016	1	8	8	0	0	-99.9
16810	2016	1	10	8	0	0	-99.9
16810	2016	1	10	9	0	0	-99.9
16820	2016	1	19	21	0	0	-99.9
16821	2016	1	20	22	0	0	-99.9
16821	2016	1	21	2	0	0	-99.9
16822	2016	1	21	23	0	0	-99.9
16824	2016	1	24	3	0	0	-99.9
16825	2016	1	25	4	0	0	-99.9
16826	2016	1	25	19	0	0	-99.9
16826	2016	1	26	0	0	0	-99.9
16826	2016	1	26	7	0	0	-99.9
16826	2016	1	26	9	0	0	-99.9
16827	2016	1	27	5	0	0	-99.9
16828	2016	1	27	21	0	0	-99.9
16828	2016	1	28	1	0	0	-99.9
16829	2016	1	28	20	0	0	-99.9
16829	2016	1	28	23	0	0	-99.9
16829	2016	1	29	0	0	0	-99.9
16829	2016	1	29	1	0	0	-99.9
16829	2016	1	29	5	0	0	-99.9
16829	2016	1	29	8	0	0	-99.9
16830	2016	1	30	5	0	0	-99.9
16831	2016	1	31	8	0	0	-99.9
16833	2016	2	2	4	0	0	-99.9
16834	2016	2	3	0	0	0	-99.9
16834	2016	2	3	2	0	0	-99.9
16834	2016	2	3	6	0	0	-99.9
16838	2016	2	7	1	0	0	-99.9
16853	2016	2	22	5	0	0	-99.9
17137	2016	12	2	9	0	0	-99.9
17141	2016	12	5	18	0	0	-99.9
17143	2016	12	8	7	0	0	-99.9
17143	2016	12	8	8	0	0	-99.9
17152	2016	12	17	9	0	0	-99.9
17158	2016	12	22	22	0	0	-99.9
17160	2016	12	25	2	0	0	-99.9
17160	2016	12	25	6	0	0	-99.9
17161	2016	12	26	1	0	0	-99.9
17162	2016	12	27	0	0	0	-99.9
17162	2016	12	27	1	0	0	-99.9
17167	2017	1	1	3	0	0	-99.9
17168	2017	1	1	20	0	0	-99.9
17168	2017	1	2	0	0	0	-99.9
17168	2017	1	2	4	0	0	-99.9
17168	2017	1	2	5	0	0	-99.9
17168	2017	1	2	6	0	0	-99.9
17168	2017	1	2	7	0	0	-99.9
17169	2017	1	2	23	0	0	-99.9
17174	2017	1	7	22	0	0	-99.9
17181	2017	1	15	0	0	0	-99.9
17187	2017	1	20	22	0	0	-99.9
17191	2017	1	24	20	0	0	-99.9
17193	2017	1	26	23	0	0	-99.9
17193	2017	1	27	0	0	0	-99.9
17194	2017	1	28	0	0	0	-99.9
17194	2017	1	28	4	0	0	-99.9
17195	2017	1	29	8	0	0	-99.9
17195	2017	1	29	9	0	0	-99.9
17197	2017	1	31	2	0	0	-99.9
17199	2017	2	1	22	0	0	-99.9
17199	2017	2	1	23	0	0	-99.9
17199	2017	2	2	0	0	0	-99.9
17199	2017	2	2	1	0	0	-99.9
17218	2017	2	21	1	0	0	-99.9
17220	2017	2	23	2	0	0	-99.9
17501	2017	12	1	2	0	0	-99.9
17505	2017	12	4	18	0	0	-99.9
17505	2017	12	4	19	0	0	-99.9
17506	2017	12	5	19	0	0	-99.9
17506	2017	12	6	3	0	0	-99.9
17506	2017	12	6	4	0	0	-99.9
17506	2017	12	6	5	0	0	-99.9
17507	2017	12	6	20	0	0	-99.9
17507	2017	12	7	3	0	0	-99.9
17507	2017	12	7	6	0	0	-99.9
17507	2017	12	7	9	0	0	-99.9
17514	2017	12	13	18	0	0	-99.9
17518	2017	12	18	1	0	0	-99.9
17518	2017	12	18	2	0	0	-99.9
17518	2017	12	18	7	0	0	-99.9
17519	2017	12	18	22	0	0	-99.9
17519	2017	12	18	23	0	0	-99.9
17519	2017	12	19	0	0	0	-99.9
17522	2017	12	22	4	0	0	-99.9
17522	2017	12	22	5	0	0	-99.9
17524	2017	12	23	20	0	0	-99.9
17524	2017	12	24	5	0	0	-99.9
17524	2017	12	24	10	0	0	-99.9
17525	2017	12	24	21	0	0	-99.9
17525	2017	12	25	7	0	0	-99.9
17533	2018	1	1	18	0	0	-99.9
17536	2018	1	5	6	0	0	-99.9
17537	2018	1	5	20	0	0	-99.9
17537	2018	1	6	0	0	0	-99.9
17541	2018	1	9	20	0	0	-99.9
17541	2018	1	10	3	0	0	-99.9
17542	2018	1	10	18	0	0	-99.9
17546	2018	1	14	18	0	0	-99.9
17546	2018	1	14	22	0	0	-99.9
17551	2018	1	20	2	0	0	-99.9
17551	2018	1	20	3	0	0	-99.9
17554	2018	1	23	1	0	0	-99.9
17554	2018	1	23	5	0	0	-99.9
17554	2018	1	23	7	0	0	-99.9
17556	2018	1	25	2	0	0	-99.9
17556	2018	1	25	4	0	0	-99.9
17556	2018	1	25	5	0	0	-99.9
17556	2018	1	25	8	0	0	-99.9
17557	2018	1	26	2	0	0	-99.9
17557	2018	1	26	3	0	0	-99.9
17560	2018	1	28	20	0	0	-99.9
17560	2018	1	28	21	0	0	-99.9
17560	2018	1	28	22	0	0	-99.9
17560	2018	1	29	1	0	0	-99.9
17564	2018	2	2	1	0	0	-99.9
17567	2018	2	5	2	0	0	-99.9
17567	2018	2	5	5	0	0	-99.9
17570	2018	2	8	6	0	0	-99.9
17572	2018	2	10	0	0	0	-99.9
17572	2018	2	10	4	0	0	-99.9
17576	2018	2	14	4	0	0	-99.9
17576	2018	2	14	5	0	0	-99.9
17582	2018	2	20	0	0	0	-99.9
17582	2018	2	20	1	0	0	-99.9
