DATA	ORA	IDEN	> 0.30 µm       	> 0.40 µm           	> 0.50 µm      	 > 0.65 µm       	> 0.80 µm     	  > 1.00 µm       	> 1.60 µm      	 > 2.00 µm       	> 3.00 µm     	  > 4.00 µm       	> 5.00 µm      	 > 7.50 µm       	> 10.0 µm      	 > 15.0 µm      	 > 20.0 µm	0.30	0.40	0.50	0.65	0.8	1	1.6	2	3	4	5	7.5	10	15	20
22/11/2021	13:52:00	GR01	89948	40825	17841	4821	1510	745	350	114	37	20	13	7	4	1	1	49123	22984	13020	3311	765	395	236	77	17	7	6	3	3	0	1
22/11/2021	13:53:00	GR01	88621	39949	17701	4741	1555	785	325	112	36	17	12	6	3	0	0	48672	22248	12960	3186	770	460	213	76	19	5	6	3	3	0	0
22/11/2021	13:54:00	GR01	85542	38135	16569	4481	1215	605	170	93	39	25	18	7	0	0	0	47407	21566	12088	3266	610	435	77	54	14	7	11	7	0	0	0
22/11/2021	13:55:00	GR01	85027	38129	16799	4496	1480	725	275	122	64	50	37	22	10	0	0	46898	21330	12303	3016	755	450	153	58	14	13	15	12	10	0	0
22/11/2021	13:56:00	GR01	81696	35984	15462	4086	1470	825	365	158	67	43	28	21	11	4	1	45712	20522	11376	2616	645	460	207	91	24	15	7	10	7	3	1
22/11/2021	13:57:00	GR01	80716	36230	15727	4141	1470	805	360	169	72	53	42	21	10	2	1	44486	20503	11586	2671	665	445	191	97	19	11	21	11	8	1	1
22/11/2021	13:58:00	GR01	80228	35646	15422	4186	1440	830	270	135	69	45	28	16	13	4	1	44582	20224	11236	2746	610	560	135	66	24	17	12	3	9	3	1
22/11/2021	13:59:00	GR01	78258	34810	14661	3701	1230	530	235	117	50	31	27	16	9	5	2	43448	20149	10960	2471	700	295	118	67	19	4	11	7	4	3	2
22/11/2021	14:00:00	GR01	77514	33552	14405	3981	1335	750	300	158	84	49	37	27	17	4	1	43962	19147	10424	2646	585	450	142	74	35	12	10	10	13	3	1
22/11/2021	14:01:00	GR01	77154	33985	14601	3916	1455	740	285	140	68	48	32	20	9	2	0	43169	19384	10685	2461	715	455	145	72	20	16	12	11	7	2	0
22/11/2021	14:02:00	GR01	75974	33164	13940	3676	1290	705	285	149	83	55	36	19	9	1	0	42810	19224	10264	2386	585	420	136	66	28	19	17	10	8	1	0
22/11/2021	14:03:00	GR01	75632	32822	13790	3446	1130	640	325	162	80	42	28	13	6	0	0	42810	19032	10344	2316	490	315	163	82	38	14	15	7	6	0	0
22/11/2021	14:04:00	GR01	76303	33154	14611	4076	1265	715	355	190	95	63	42	24	14	1	0	43149	18543	10535	2811	550	360	165	95	32	21	18	10	13	1	0
22/11/2021	14:05:00	GR01	72478	31650	13064	3576	1340	770	365	185	78	53	31	12	7	0	0	40828	18586	9488	2236	570	405	180	107	25	22	19	5	7	0	0
22/11/2021	14:06:00	GR01	71208	30880	13023	3421	1225	660	340	173	108	66	55	35	19	11	7	40328	17857	9602	2196	565	320	167	65	42	11	20	16	8	4	7
22/11/2021	14:07:00	GR01	69975	30261	12598	3486	1205	695	265	176	95	66	48	31	17	5	1	39714	17663	9112	2281	510	430	89	81	29	18	17	14	12	4	1
22/11/2021	14:08:00	GR01	65220	27334	11597	3080	1075	645	290	155	82	58	39	25	15	4	3	37886	15737	8517	2005	430	355	135	73	24	19	14	10	11	1	3
22/11/2021	14:09:00	GR01	64288	27551	11562	3045	1090	615	325	193	100	62	44	27	13	2	1	36737	15989	8517	1955	475	290	132	93	38	18	17	14	11	1	1
22/11/2021	14:10:00	GR01	58460	25073	10450	2650	985	590	330	172	78	52	34	23	18	1	0	33387	14623	7800	1665	395	260	158	94	26	18	11	5	17	1	0
22/11/2021	14:11:00	GR01	52962	21938	8749	2195	810	490	190	106	53	36	20	10	6	0	0	31024	13189	6554	1385	320	300	84	53	17	16	10	4	6	0	0
22/11/2021	14:12:00	GR01	51613	21481	8469	2235	865	490	200	117	68	49	29	15	9	3	1	30132	13012	6234	1370	375	290	83	49	19	20	14	6	6	2	1
22/11/2021	14:13:00	GR01	52122	21727	8844	2250	790	490	205	106	55	36	30	16	9	2	0	30395	12883	6594	1460	300	285	99	51	19	6	14	7	7	2	0
22/11/2021	14:14:00	GR01	51844	21572	8799	2295	715	400	145	86	44	24	15	8	5	0	0	30272	12773	6504	1580	315	255	59	42	20	9	7	3	5	0	0
22/11/2021	14:15:00	GR01	54135	22631	9419	2470	900	500	215	133	80	57	36	22	10	0	0	31504	13212	6949	1570	400	285	82	53	23	21	14	12	10	0	0
22/11/2021	14:16:00	GR01	49081	20432	8198	2015	685	395	180	97	59	38	27	12	7	2	1	28649	12234	6183	1330	290	215	83	38	21	11	15	5	5	1	1
22/11/2021	14:17:00	GR01	51138	21592	8899	2295	810	440	205	106	48	31	26	17	8	3	0	29546	12693	6604	1485	370	235	99	58	17	5	9	9	5	3	0
22/11/2021	14:18:00	GR01	48698	19975	7898	2045	740	390	180	117	51	36	25	15	7	1	1	28723	12077	5853	1305	350	210	63	66	15	11	10	8	6	0	1
22/11/2021	14:19:00	GR01	50208	20828	8534	2165	800	405	200	135	79	47	35	20	7	2	0	29380	12294	6369	1365	395	205	65	56	32	12	15	13	5	2	0
22/11/2021	14:20:00	GR01	49253	20607	8303	2095	740	470	250	140	66	39	22	11	5	2	1	28646	12304	6208	1355	270	220	110	74	27	17	11	6	3	1	1
22/11/2021	14:21:00	GR01	46148	19297	7658	1980	695	320	165	99	55	39	26	12	10	1	0	26851	11639	5678	1285	375	155	66	44	16	13	14	2	9	1	0
22/11/2021	14:22:00	GR01	46810	19408	7928	2140	760	420	185	103	65	38	22	12	7	2	0	27402	11480	5788	1380	340	235	82	38	27	16	10	5	5	2	0
22/11/2021	14:23:00	GR01	48359	20206	8118	2055	740	420	220	147	97	64	36	22	10	2	2	28153	12088	6063	1315	320	200	73	50	33	28	14	12	8	0	2
22/11/2021	14:24:00	GR01	46957	19473	7808	2240	875	535	255	144	84	60	40	20	15	5	0	27484	11665	5568	1365	340	280	111	60	24	20	20	5	10	5	0
22/11/2021	14:25:00	GR01	47138	19282	7988	2275	795	455	275	168	96	62	41	21	14	3	2	27856	11294	5713	1480	340	180	107	72	34	21	20	7	11	1	2
22/11/2021	14:26:00	GR01	45496	18745	7418	1870	640	395	195	132	75	46	24	10	8	2	0	26751	11327	5548	1230	245	200	63	57	29	22	14	2	6	2	0
22/11/2021	14:27:00	GR01	45503	19016	7683	2120	755	500	295	171	81	47	32	19	7	1	0	26487	11333	5563	1365	255	205	124	90	34	15	13	12	6	1	0
22/11/2021	14:28:00	GR01	46746	19357	7678	2095	895	545	280	156	74	48	36	20	9	2	1	27389	11679	5583	1200	350	265	124	82	26	12	16	11	7	1	1
22/11/2021	14:29:00	GR01	42541	17741	7403	2145	795	505	260	159	80	51	33	18	11	3	1	24800	10338	5258	1350	290	245	101	79	29	18	15	7	8	2	1
22/11/2021	14:30:00	GR01	42208	17009	6932	1965	715	380	175	116	77	43	26	13	9	1	1	25199	10077	4967	1250	335	205	59	39	34	17	13	4	8	0	1
22/11/2021	14:31:00	GR01	42051	17275	6897	1810	665	400	200	140	79	51	32	21	13	0	0	24776	10378	5087	1145	265	200	60	61	28	19	11	8	13	0	0
22/11/2021	14:32:00	GR01	41361	17190	6827	1950	720	425	215	139	63	40	23	13	8	2	0	24171	10363	4877	1230	295	210	76	76	23	17	10	5	6	2	0
22/11/2021	14:33:00	GR01	40751	16994	6967	1955	720	435	250	166	92	54	38	20	12	1	1	23757	10027	5012	1235	285	185	84	74	38	16	18	8	11	0	1
22/11/2021	14:34:00	GR01	39803	16332	6702	1865	700	440	225	148	82	54	30	15	4	1	0	23471	9630	4837	1165	260	215	77	66	28	24	15	11	3	1	0
22/11/2021	14:35:00	GR01	41341	16858	6692	1895	745	450	235	140	76	51	26	10	6	2	0	24483	10166	4797	1150	295	215	95	64	25	25	16	4	4	2	0
22/11/2021	14:36:00	GR01	39068	15880	6507	1860	810	530	290	154	87	52	37	22	13	4	1	23188	9373	4647	1050	280	240	136	67	35	15	15	9	9	3	1
22/11/2021	14:37:00	GR01	40595	16944	6742	1985	810	505	280	164	75	38	27	13	8	3	1	23651	10202	4757	1175	305	225	116	89	37	11	14	5	5	2	1
22/11/2021	14:38:00	GR01	38629	16221	6382	1685	645	385	215	128	67	42	21	15	5	0	0	22408	9839	4697	1040	260	170	87	61	25	21	6	10	5	0	0
22/11/2021	14:39:00	GR01	39686	16297	6367	1640	585	370	245	149	67	42	28	17	8	2	1	23389	9930	4727	1055	215	125	96	82	25	14	11	9	6	1	1
22/11/2021	14:40:00	GR01	37823	15504	6457	1735	750	485	270	160	81	48	27	15	9	3	0	22319	9047	4722	985	265	215	110	79	33	21	12	6	6	3	0
22/11/2021	14:41:00	GR01	38135	15534	6327	1760	705	425	215	139	85	54	30	16	8	0	0	22601	9207	4567	1055	280	210	76	54	31	24	14	8	8	0	0
22/11/2021	14:42:00	GR01	38936	15569	6257	1725	640	435	210	147	96	63	41	20	10	2	0	23367	9312	4532	1085	205	225	63	51	33	22	21	10	8	2	0
22/11/2021	14:43:00	GR01	37863	15193	6257	1835	775	485	280	168	84	48	31	12	9	3	1	22670	8936	4422	1060	290	205	112	84	36	17	19	3	6	2	1
22/11/2021	14:44:00	GR01	37359	15028	6022	1755	710	460	280	174	86	46	33	17	7	0	0	22331	9006	4267	1045	250	180	106	88	40	13	16	10	7	0	0
22/11/2021	14:45:00	GR01	44962	18565	7508	2165	905	610	325	204	108	70	48	31	17	8	3	26397	11057	5343	1260	295	285	121	96	38	22	17	14	9	5	3
22/11/2021	14:46:00	GR01	55258	23772	9830	2455	940	530	300	164	75	51	34	17	10	4	0	31486	13942	7375	1515	410	230	136	89	24	17	17	7	6	4	0
22/11/2021	14:47:00	GR01	62578	27827	11071	2750	865	445	215	126	49	28	17	9	6	2	2	34751	16756	8321	1885	420	230	89	77	21	11	8	3	4	0	2
22/11/2021	14:48:00	GR01	66165	29170	11692	2960	965	520	200	108	51	33	24	18	14	7	6	36995	17478	8732	1995	445	320	92	57	18	9	6	4	7	1	6
22/11/2021	14:49:00	GR01	67005	29718	12102	2960	875	535	255	129	56	39	25	19	10	4	0	37287	17616	9142	2085	340	280	126	73	17	14	6	9	6	4	0
22/11/2021	14:50:00	GR01	66321	29270	11997	2950	870	445	200	117	49	30	20	12	10	3	3	37051	17273	9047	2080	425	245	83	68	19	10	8	2	7	0	3
22/11/2021	14:51:00	GR01	65290	28823	11862	3050	1020	545	235	133	65	38	23	6	3	0	0	36467	16961	8812	2030	475	310	102	68	27	15	17	3	3	0	0
22/11/2021	14:52:00	GR01	66142	29281	11887	3025	1075	625	290	146	55	34	21	12	4	1	1	36861	17394	8862	1950	450	335	144	91	21	13	9	8	3	0	1
22/11/2021	14:53:00	GR01	64524	28204	11547	2985	1010	520	215	99	53	28	14	11	7	2	1	36320	16657	8562	1975	490	305	116	46	25	14	3	4	5	1	1
22/11/2021	14:54:00	GR01	64731	28591	11281	2875	945	535	225	113	34	19	11	5	3	1	0	36140	17310	8406	1930	410	310	112	79	15	8	6	2	2	1	0
22/11/2021	14:55:00	GR01	63118	27415	10846	2510	735	420	120	68	36	15	7	2	1	0	0	35703	16569	8336	1775	315	300	52	32	21	8	5	1	1	0	0
22/11/2021	14:56:00	GR01	62238	27626	11136	2650	800	445	155	82	34	18	10	7	4	0	0	34612	16490	8486	1850	355	290	73	48	16	8	3	3	4	0	0
22/11/2021	14:57:00	GR01	62021	27556	11086	2680	805	475	230	94	28	18	13	7	4	1	1	34465	16470	8406	1875	330	245	136	66	10	5	6	3	3	0	1
22/11/2021	14:58:00	GR01	60725	27154	10591	2540	790	385	150	76	21	7	5	4	2	1	1	33571	16563	8051	1750	405	235	74	55	14	2	1	2	1	0	1
22/11/2021	14:59:00	GR01	59758	26284	10380	2460	780	380	140	63	22	11	7	5	1	0	0	33474	15904	7920	1680	400	240	77	41	11	4	2	4	1	0	0
22/11/2021	15:00:00	GR01	60770	26641	10365	2450	730	385	170	74	26	14	8	4	2	0	0	34129	16276	7915	1720	345	215	96	48	12	6	4	2	2	0	0
22/11/2021	15:01:00	GR01	61150	27214	10921	2545	840	455	195	71	31	16	9	5	1	1	0	33936	16293	8376	1705	385	260	124	40	15	7	4	4	0	1	0
22/11/2021	15:02:00	GR01	59327	25771	10355	2395	735	350	155	85	25	9	6	4	0	0	0	33556	15416	7960	1660	385	195	70	60	16	3	2	4	0	0	0
22/11/2021	15:03:00	GR01	59085	25942	10275	2550	825	440	185	87	29	15	9	5	3	2	1	33143	15667	7725	1725	385	255	98	58	14	6	4	2	1	1	1
22/11/2021	15:04:00	GR01	59373	25992	10385	2525	745	415	180	84	26	11	10	6	5	1	0	33381	15607	7860	1780	330	235	96	58	15	1	4	1	4	1	0
22/11/2021	15:05:00	GR01	59110	25937	10496	2570	755	370	135	72	32	23	19	14	9	4	2	33173	15441	7926	1815	385	235	63	40	9	4	5	5	5	2	2
22/11/2021	15:06:00	GR01	56990	24947	9955	2375	715	355	135	70	27	13	8	5	4	0	0	32043	14992	7580	1660	360	220	65	43	14	5	3	1	4	0	0
22/11/2021	15:07:00	GR01	53542	23329	9214	2195	700	370	160	74	24	12	7	6	3	1	0	30213	14115	7019	1495	330	210	86	50	12	5	1	3	2	1	0
22/11/2021	15:08:00	GR01	52889	22531	8909	2115	655	310	155	54	22	14	10	2	1	0	0	30358	13622	6794	1460	345	155	101	32	8	4	8	1	1	0	0
22/11/2021	15:09:00	GR01	51404	21833	8293	2060	650	395	145	60	21	9	5	2	1	0	0	29571	13540	6233	1410	255	250	85	39	12	4	3	1	1	0	0
22/11/2021	15:10:00	GR01	51752	21426	8699	2125	640	345	170	63	14	8	4	1	1	0	0	30326	12727	6574	1485	295	175	107	49	6	4	3	0	1	0	0
22/11/2021	15:11:00	GR01	51172	21546	8444	2070	675	310	135	63	21	10	6	2	0	0	0	29626	13102	6374	1395	365	175	72	42	11	4	4	2	0	0	0
22/11/2021	15:12:00	GR01	50519	20934	8308	1910	615	345	150	64	14	7	2	1	0	0	0	29585	12626	6398	1295	270	195	86	50	7	5	1	1	0	0	0
22/11/2021	15:13:00	GR01	49070	20562	7913	1930	615	300	125	57	19	10	3	3	2	1	1	28508	12649	5983	1315	315	175	68	38	9	7	0	1	1	0	1
22/11/2021	15:14:00	GR01	48863	20226	7748	1860	650	305	110	59	23	10	7	6	2	1	1	28637	12478	5888	1210	345	195	51	36	13	3	1	4	1	0	1
22/11/2021	15:15:00	GR01	49200	20607	8043	1895	510	255	135	58	25	15	10	3	3	2	2	28593	12564	6148	1385	255	120	77	33	10	5	7	0	1	0	2
22/11/2021	15:16:00	GR01	49969	20487	7848	1905	690	360	150	86	54	27	21	9	7	5	4	29482	12639	5943	1215	330	210	64	32	27	6	12	2	2	1	4
22/11/2021	15:17:00	GR01	47964	19829	7793	1875	605	355	150	92	47	27	17	12	8	3	1	28135	12036	5918	1270	250	205	58	45	20	10	5	4	5	2	1
22/11/2021	15:18:00	GR01	45118	18805	7298	1885	685	400	225	118	49	30	23	16	7	3	0	26313	11507	5413	1200	285	175	107	69	19	7	7	9	4	3	0
22/11/2021	15:19:00	GR01	42566	17671	6997	1700	630	420	175	102	44	25	13	8	4	1	0	24895	10674	5297	1070	210	245	73	58	19	12	5	4	3	1	0
22/11/2021	15:20:00	GR01	41774	17144	6737	1810	710	400	190	104	53	34	22	13	12	3	0	24630	10407	4927	1100	310	210	86	51	19	12	9	1	9	3	0
22/11/2021	15:21:00	GR01	42525	17315	6977	1860	645	345	160	86	43	30	20	10	4	2	0	25210	10338	5117	1215	300	185	74	43	13	10	10	6	2	2	0
22/11/2021	15:22:00	GR01	48026	18454	7153	1960	745	465	210	124	50	36	18	5	3	2	0	29572	11301	5193	1215	280	255	86	74	14	18	13	2	1	2	0
22/11/2021	15:23:00	GR01	55919	20326	7668	1895	645	380	210	137	74	55	32	14	8	3	1	35593	12658	5773	1250	265	170	73	63	19	23	18	6	5	2	1
22/11/2021	15:24:00	GR01	49750	18785	7218	1810	755	485	260	146	59	34	25	12	8	2	1	30965	11567	5408	1055	270	225	114	87	25	9	13	4	6	1	1
22/11/2021	15:25:00	GR01	43664	16241	6317	1565	570	360	170	112	64	45	30	20	16	8	1	27423	9924	4752	995	210	190	58	48	19	15	10	4	8	7	1
22/11/2021	15:26:00	GR01	49803	17410	6607	1720	725	410	170	106	55	31	13	5	4	0	0	32393	10803	4887	995	315	240	64	51	24	18	8	1	4	0	0
22/11/2021	15:27:00	GR01	60602	18966	6592	1665	590	400	195	114	53	30	23	11	7	1	0	41636	12374	4927	1075	190	205	81	61	23	7	12	4	6	1	0
22/11/2021	15:28:00	GR01	42182	15048	5622	1355	490	295	135	86	37	20	12	8	4	1	0	27134	9426	4267	865	195	160	49	49	17	8	4	4	3	1	0
22/11/2021	15:29:00	GR01	58652	17080	6032	1445	560	380	195	115	47	33	21	14	11	2	0	41572	11048	4587	885	180	185	80	68	14	12	7	3	9	2	0
22/11/2021	15:30:00	GR01	133259	34419	10807	2285	745	470	255	145	77	46	29	20	14	6	4	98840	23612	8522	1540	275	215	110	68	31	17	9	6	8	2	4
22/11/2021	15:31:00	GR01	44538	15038	5582	1460	640	430	235	133	56	35	21	8	4	1	0	29500	9456	4122	820	210	195	102	77	21	14	13	4	3	1	0
22/11/2021	15:32:00	GR01	52457	17584	6447	1640	595	395	205	115	55	36	18	5	2	0	0	34873	11137	4807	1045	200	190	90	60	19	18	13	3	2	0	0
22/11/2021	15:33:00	GR01	112247	24161	6873	1665	590	375	215	128	76	43	27	15	11	3	0	88086	17288	5208	1075	215	160	87	52	33	16	12	4	8	3	0
22/11/2021	15:34:00	GR01	42202	14767	5426	1475	560	265	155	108	73	44	28	15	10	4	4	27435	9341	3951	915	295	110	47	35	29	16	13	5	6	0	4
22/11/2021	15:35:00	GR01	42953	14230	5286	1430	510	315	160	96	51	28	20	12	5	2	1	28723	8944	3856	920	195	155	64	45	23	8	8	7	3	1	1
22/11/2021	15:36:00	GR01	48198	14982	5637	1635	715	460	220	142	62	29	16	8	3	0	0	33216	9345	4002	920	255	240	78	80	33	13	8	5	3	0	0
22/11/2021	15:37:00	GR01	51298	15800	5702	1550	550	390	195	104	58	34	16	3	0	0	0	35498	10098	4152	1000	160	195	91	46	24	18	13	3	0	0	0
22/11/2021	15:38:00	GR01	106676	27723	8711	1810	690	450	265	165	71	42	24	6	2	0	0	78953	19012	6901	1120	240	185	100	94	29	18	18	4	2	0	0
22/11/2021	15:39:00	GR01	49353	14416	5201	1380	545	355	200	142	70	41	22	11	6	3	0	34937	9215	3821	835	190	155	58	72	29	19	11	5	3	3	0
22/11/2021	15:40:00	GR01	47096	14566	5271	1395	625	355	220	133	56	25	16	6	3	2	1	32530	9295	3876	770	270	135	87	77	31	9	10	3	1	1	1
22/11/2021	15:41:00	GR01	44316	13187	4756	1340	615	365	205	111	49	27	14	6	1	1	0	31129	8431	3416	725	250	160	94	62	22	13	8	5	0	1	0
22/11/2021	15:42:00	GR01	62481	16613	5802	1715	770	530	310	166	86	43	32	13	8	3	1	45868	10811	4087	945	240	220	144	80	43	11	19	5	5	2	1
22/11/2021	15:43:00	GR01	364364	273730	227119	185387	158166	139180	128135	91304	65500	52965	40645	26458	17194	6429	2403	90634	46611	41732	27221	18986	11045	36831	25804	12535	12320	14187	9264	10765	4026	2403
22/11/2021	15:44:00	GR01	75382	24523	12526	6949	5167	4300	3300	2566	1648	1131	753	398	214	49	6	50859	11997	5577	1782	867	1000	734	918	517	378	355	184	165	43	6
22/11/2021	15:45:00	GR01	41922	13383	5527	2150	1210	990	740	458	233	151	103	71	51	17	7	28539	7856	3377	940	220	250	282	225	82	48	32	20	34	10	7
22/11/2021	15:46:00	GR01	43473	13864	5872	2330	1335	1000	730	540	350	237	169	101	64	24	6	29609	7992	3542	995	335	270	190	190	113	68	68	37	40	18	6
22/11/2021	15:47:00	GR01	43835	16769	8549	4591	3351	2815	2125	1501	1065	738	531	306	182	63	14	27066	8220	3958	1240	536	690	624	436	327	207	225	124	119	49	14
22/11/2021	15:48:00	GR01	53653	20142	11042	6307	4566	3885	2940	2236	1583	1097	804	506	316	100	28	33511	9100	4735	1741	681	945	704	653	486	293	298	190	216	72	28
22/11/2021	15:49:00	GR01	38905	14215	6692	3151	2080	1710	1285	949	638	441	314	202	110	23	7	24690	7523	3541	1071	370	425	336	311	197	127	112	92	87	16	7
22/11/2021	15:50:00	GR01	60550	20884	10511	5637	3856	3160	2260	1765	1136	723	508	252	143	30	9	39666	10373	4874	1781	696	900	495	629	413	215	256	109	113	21	9
22/11/2021	15:51:00	GR01	58060	20341	10481	5572	3901	3235	2450	1842	1151	720	460	246	136	37	10	37719	9860	4909	1671	666	785	608	691	431	260	214	110	99	27	10
22/11/2021	15:52:00	GR01	50588	17862	9079	4686	3206	2720	1990	1484	921	566	386	192	101	22	9	32726	8783	4393	1480	486	730	506	563	355	180	194	91	79	13	9
22/11/2021	15:53:00	GR01	49185	17275	8514	4276	2990	2445	1740	1294	782	489	288	141	82	19	5	31910	8761	4238	1286	545	705	446	512	293	201	147	59	63	14	5
22/11/2021	15:54:00	GR01	38606	14085	6527	2875	1805	1440	1005	781	503	312	182	96	54	4	2	24521	7558	3652	1070	365	435	224	278	191	130	86	42	50	2	2
22/11/2021	15:55:00	GR01	32762	11929	5637	2410	1540	1195	815	602	364	220	137	60	34	10	3	20833	6292	3227	870	345	380	213	238	144	83	77	26	24	7	3
22/11/2021	15:56:00	GR01	33713	12245	5617	2400	1440	1115	730	579	395	249	175	96	55	16	1	21468	6628	3217	960	325	385	151	184	146	74	79	41	39	15	1
