99999 2017 3 21 0 315 1
99999 2017 3 22 0 112 2
99999 2017 3 22 1 90 1
99999 2017 3 22 2 112 2
99999 2017 3 22 3 90 1
99999 2017 3 22 4 90 0
99999 2017 3 22 5 292 1
99999 2017 3 22 6 270 1
99999 2017 3 22 7 270 0
99999 2017 3 22 8 315 1
99999 2017 3 22 9 338 2
99999 2017 3 22 10 338 1
99999 2017 3 22 11 338 2
99999 2017 3 22 12 22 2
99999 2017 3 22 13 112 3
99999 2017 3 22 14 112 2
99999 2017 3 22 15 90 2
99999 2017 3 22 16 135 3
99999 2017 3 22 17 158 3
99999 2017 3 22 18 112 2
99999 2017 3 22 19 90 4
99999 2017 3 22 20 112 3
99999 2017 3 22 21 90 3
99999 2017 3 22 22 90 2
99999 2017 3 22 23 112 3
99999 2017 3 23 0 90 2
99999 2017 3 23 1 90 1
99999 2017 3 23 2 315 1
99999 2017 3 23 3 338 1
99999 2017 3 23 4 292 2
99999 2017 3 23 5 315 1
99999 2017 3 23 6 270 2
99999 2017 3 23 7 270 2
99999 2017 3 23 8 338 1
99999 2017 3 23 9 248 1
99999 2017 3 23 10 90 2
99999 2017 3 23 11 112 3
99999 2017 3 23 12 90 3
99999 2017 3 23 13 180 4
99999 2017 3 23 14 202 2
99999 2017 3 23 15 90 4
99999 2017 3 23 16 135 4
99999 2017 3 23 17 90 3
99999 2017 3 23 18 90 5
99999 2017 3 23 19 112 3
99999 2017 3 23 20 90 3
99999 2017 3 23 21 90 2
99999 2017 3 23 22 22 1
99999 2017 3 23 23 112 1
99999 2017 3 24 12 0 2
99999 2017 3 24 13 90 3
99999 2017 3 24 14 90 3
99999 2017 3 24 15 90 3
99999 2017 3 24 16 90 3
99999 2017 3 24 17 112 3
99999 2017 3 24 18 90 2
99999 2017 3 24 19 90 2
99999 2017 3 24 20 90 1
99999 2017 3 24 21 270 3
99999 2017 3 24 22 270 4
99999 2017 3 24 23 270 3
99999 2017 3 25 0 292 3
99999 2017 3 25 1 292 3
99999 2017 3 25 2 270 3
99999 2017 3 25 3 270 2
99999 2017 3 25 4 270 2
99999 2017 3 25 5 248 0
99999 2017 3 25 6 248 0
99999 2017 3 25 7 270 1
99999 2017 3 25 8 270 2
99999 2017 3 25 9 270 3
99999 2017 3 25 10 338 3
99999 2017 3 25 11 338 3
99999 2017 3 25 12 112 2
99999 2017 3 25 13 22 3
99999 2017 3 25 14 90 4
99999 2017 3 25 15 90 5
99999 2017 3 25 16 90 6
99999 2017 3 25 17 90 5
99999 2017 3 25 18 90 5
99999 2017 3 25 19 112 5
99999 2017 3 25 20 90 3
99999 2017 3 25 21 90 3
99999 2017 3 25 22 90 0
99999 2017 3 25 23 112 1
99999 2017 3 26 0 338 2
99999 2017 3 26 1 180 2
99999 2017 3 26 3 225 1
99999 2017 3 26 4 292 3
99999 2017 3 26 5 270 3
99999 2017 3 26 6 270 2
99999 2017 3 26 7 270 2
99999 2017 3 26 8 180 3
99999 2017 3 26 9 202 3
99999 2017 3 26 10 202 3
99999 2017 3 26 11 292 3
99999 2017 3 26 12 338 3
99999 2017 3 26 13 292 3
99999 2017 3 26 14 338 6
99999 2017 3 26 15 338 3
99999 2017 3 26 16 338 4
99999 2017 3 26 17 22 2
99999 2017 3 26 18 158 6
99999 2017 3 26 19 0 3
99999 2017 3 26 20 158 1
99999 2017 3 26 21 90 3
99999 2017 3 26 22 90 8
99999 2017 3 26 23 112 4
99999 2017 3 27 0 90 3
99999 2017 3 27 1 90 3
99999 2017 3 27 2 90 1
99999 2017 3 27 3 22 2
99999 2017 3 27 4 112 0
99999 2017 3 27 5 112 0
99999 2017 3 27 6 315 1
99999 2017 3 27 7 338 1
99999 2017 3 27 8 0 1
99999 2017 3 27 9 270 3
99999 2017 3 27 10 315 3
99999 2017 3 27 11 338 2
99999 2017 3 27 12 90 3
99999 2017 3 27 13 90 5
99999 2017 3 27 14 90 4
99999 2017 3 27 15 90 5
99999 2017 3 27 16 90 3
99999 2017 3 27 17 0 4
99999 2017 3 27 18 90 3
99999 2017 3 27 19 90 3
99999 2017 3 27 20 112 2
99999 2017 3 27 21 180 1
99999 2017 3 27 22 180 1
99999 2017 3 27 23 180 1
99999 2017 3 28 0 225 1
99999 2017 3 28 1 202 2
99999 2017 3 28 2 202 3
99999 2017 3 28 3 202 1
99999 2017 3 28 4 202 1
99999 2017 3 28 5 202 1
99999 2017 3 28 6 202 0
99999 2017 3 28 7 202 0
99999 2017 3 28 8 270 1
99999 2017 3 28 9 270 3
99999 2017 3 28 10 270 3
99999 2017 3 28 11 315 4
99999 2017 3 28 12 292 4
99999 2017 3 28 13 338 3
99999 2017 3 28 14 338 3
99999 2017 3 28 15 0 3
99999 2017 3 28 16 338 3
99999 2017 3 28 17 22 3
99999 2017 3 28 18 338 3
99999 2017 3 28 19 315 2
99999 2017 3 28 20 22 0
99999 2017 3 28 21 135 1
99999 2017 3 28 22 202 1
99999 2017 3 28 23 202 0
99999 2017 3 29 0 202 2
99999 2017 3 29 1 202 3
99999 2017 3 29 2 202 3
99999 2017 3 29 3 180 1
99999 2017 3 29 4 202 1
99999 2017 3 29 5 202 1
99999 2017 3 29 6 225 1
99999 2017 3 29 7 202 2
99999 2017 3 29 8 202 3
99999 2017 3 29 9 202 2
99999 2017 3 29 10 248 3
99999 2017 3 29 11 292 3
99999 2017 3 29 12 338 4
99999 2017 3 29 13 338 4
99999 2017 3 29 14 338 3
99999 2017 3 29 15 338 3
99999 2017 3 29 16 0 3
99999 2017 3 29 17 0 2
99999 2017 3 29 18 90 1
99999 2017 3 29 19 90 1
99999 2017 3 29 20 90 1
99999 2017 3 29 21 90 1
99999 2017 3 29 22 90 1
99999 2017 3 29 23 90 1
99999 2017 3 30 0 158 0
99999 2017 3 30 1 158 1
99999 2017 3 30 2 202 2
99999 2017 3 30 3 180 1
99999 2017 3 30 4 202 1
99999 2017 3 30 5 202 1
99999 2017 3 30 6 202 2
99999 2017 3 30 7 202 2
99999 2017 3 30 8 202 2
99999 2017 3 30 9 180 1
99999 2017 3 30 10 248 2
99999 2017 3 30 11 292 3
99999 2017 3 30 12 270 3
99999 2017 3 30 13 0 3
99999 2017 3 30 14 90 3
99999 2017 3 30 15 90 3
99999 2017 3 30 16 90 3
99999 2017 3 30 17 112 3
99999 2017 3 30 18 90 4
99999 2017 3 30 19 90 3
99999 2017 3 30 20 112 3
99999 2017 3 30 21 112 2
99999 2017 3 30 22 112 1
99999 2017 3 30 23 112 0
99999 2017 3 31 0 202 1
99999 2017 3 31 1 202 0
99999 2017 3 31 3 180 0
99999 2017 3 31 4 180 0
99999 2017 3 31 5 180 0
99999 2017 3 31 6 180 0
99999 2017 3 31 7 45 1
99999 2017 3 31 8 180 1
99999 2017 3 31 9 180 0
99999 2017 3 31 10 270 2
99999 2017 3 31 11 338 2
99999 2017 3 31 12 0 2
99999 2017 3 31 13 338 3
99999 2017 3 31 14 90 3
99999 2017 3 31 15 112 4
99999 2017 3 31 16 90 3
99999 2017 3 31 17 90 7
99999 2017 3 31 18 90 6
99999 2017 3 31 19 90 5
99999 2017 3 31 20 90 3
99999 2017 3 31 21 90 4
99999 2017 3 31 22 90 1
99999 2017 3 31 23 90 0
99999 2017 4 1 0 202 3
99999 2017 4 1 1 202 4
99999 2017 4 1 2 202 3
99999 2017 4 1 3 292 2
99999 2017 4 1 4 248 2
99999 2017 4 1 5 225 3
99999 2017 4 1 6 202 3
99999 2017 4 1 7 202 5
99999 2017 4 1 8 202 6
99999 2017 4 1 9 202 4
99999 2017 4 1 10 225 2
99999 2017 4 1 11 338 3
99999 2017 4 1 12 270 3
99999 2017 4 1 13 0 3
99999 2017 4 1 14 22 2
99999 2017 4 1 15 0 3
99999 2017 4 1 16 22 3
99999 2017 4 1 17 22 4
99999 2017 4 1 18 90 6
99999 2017 4 1 19 90 7
99999 2017 4 1 20 90 4
99999 2017 4 1 21 112 3
99999 2017 4 1 22 90 4
99999 2017 4 1 23 90 3
99999 2017 4 2 0 22 1
99999 2017 4 2 1 90 2
99999 2017 4 2 2 90 1
99999 2017 4 2 19 90 3
99999 2017 4 2 20 90 4
99999 2017 4 2 21 90 3
99999 2017 4 2 22 22 2
99999 2017 4 2 23 22 2
99999 2017 4 3 0 45 2
99999 2017 4 3 1 22 1
99999 2017 4 3 2 22 1
99999 2017 4 3 3 22 0
99999 2017 4 3 4 315 1
99999 2017 4 3 5 292 2
99999 2017 4 3 6 292 3
99999 2017 4 3 7 292 3
99999 2017 4 3 8 270 3
99999 2017 4 3 9 270 3
99999 2017 4 3 10 270 4
99999 2017 4 3 11 270 4
99999 2017 4 3 12 270 4
99999 2017 4 3 13 315 3
99999 2017 4 3 14 270 4
99999 2017 4 3 15 338 5
99999 2017 4 3 16 338 4
99999 2017 4 3 17 338 3
99999 2017 4 3 18 0 3
99999 2017 4 3 19 292 2
99999 2017 4 3 20 292 2
99999 2017 4 3 21 248 2
99999 2017 4 3 22 248 2
99999 2017 4 3 23 248 0
99999 2017 4 4 0 248 2
99999 2017 4 4 1 248 1
99999 2017 4 4 2 292 1
99999 2017 4 4 3 90 1
99999 2017 4 4 4 90 0
99999 2017 4 4 5 90 0
99999 2017 4 4 6 90 0
99999 2017 4 4 7 135 1
99999 2017 4 4 8 202 0
99999 2017 4 4 9 202 0
99999 2017 4 4 10 315 1
99999 2017 4 4 11 338 2
99999 2017 4 4 12 90 2
99999 2017 4 4 13 180 2
99999 2017 4 4 14 45 3
99999 2017 4 4 15 22 3
99999 2017 4 4 16 90 3
99999 2017 4 4 17 112 4
99999 2017 4 4 18 90 3
99999 2017 4 4 19 90 4
99999 2017 4 4 20 112 4
99999 2017 4 4 21 90 3
99999 2017 4 4 22 90 2
99999 2017 4 4 23 45 2
99999 2017 4 5 21 248 1
99999 2017 4 5 22 135 1
99999 2017 4 5 23 180 0
99999 2017 4 6 0 202 1
99999 2017 4 6 1 180 1
99999 2017 4 6 2 248 2
99999 2017 4 6 3 270 3
99999 2017 4 6 4 225 2
99999 2017 4 6 5 248 1
99999 2017 4 6 6 180 3
99999 2017 4 6 7 202 3
99999 2017 4 6 8 202 3
99999 2017 4 6 9 202 3
99999 2017 4 6 10 292 2
99999 2017 4 6 11 292 3
99999 2017 4 6 12 315 2
99999 2017 4 6 13 0 2
99999 2017 4 6 14 90 8
99999 2017 4 6 15 90 6
99999 2017 4 6 16 90 3
99999 2017 4 6 17 90 2
99999 2017 4 6 18 90 4
99999 2017 4 6 19 90 4
99999 2017 4 6 20 90 3
99999 2017 4 6 21 90 3
99999 2017 4 6 22 90 2
99999 2017 4 6 23 90 3
99999 2017 4 7 0 112 2
99999 2017 4 7 1 112 2
99999 2017 4 7 2 112 1
99999 2017 4 7 3 112 0
99999 2017 4 7 4 112 1
99999 2017 4 7 5 90 2
99999 2017 4 7 6 112 2
99999 2017 4 7 7 112 1
99999 2017 4 7 8 112 0
99999 2017 4 7 9 22 1
99999 2017 4 7 10 338 2
99999 2017 4 7 11 22 2
99999 2017 4 7 12 0 2
99999 2017 4 7 13 90 3
99999 2017 4 7 14 0 3
99999 2017 4 7 15 338 3
99999 2017 4 7 16 338 3
99999 2017 4 7 17 338 3
99999 2017 4 7 18 22 3
99999 2017 4 7 19 338 3
99999 2017 4 7 20 22 1
99999 2017 4 7 21 90 3
99999 2017 4 7 22 90 2
99999 2017 4 7 23 90 1
99999 2017 4 8 0 90 1
99999 2017 4 8 1 90 1
99999 2017 4 8 2 90 0
99999 2017 4 8 3 90 0
99999 2017 4 8 4 90 0
99999 2017 4 8 5 90 1
99999 2017 4 8 6 90 0
99999 2017 4 8 7 90 0
99999 2017 4 8 8 45 1
99999 2017 4 8 9 315 2
99999 2017 4 8 10 338 2
99999 2017 4 8 11 338 3
99999 2017 4 8 12 22 2
99999 2017 4 8 13 22 3
99999 2017 4 8 14 112 3
99999 2017 4 8 15 112 3
99999 2017 4 8 16 112 3
99999 2017 4 8 17 90 3
99999 2017 4 8 18 90 4
99999 2017 4 8 19 90 4
99999 2017 4 8 20 90 4
99999 2017 4 8 21 90 4
99999 2017 4 8 22 90 2
99999 2017 4 8 23 90 1
99999 2017 4 9 0 90 0
99999 2017 4 9 1 90 1
99999 2017 4 9 2 90 2
99999 2017 4 9 4 90 1
99999 2017 4 9 5 90 1
99999 2017 4 9 6 90 1
99999 2017 4 9 7 0 1
99999 2017 4 9 8 0 0
99999 2017 4 9 9 270 2
99999 2017 4 9 10 338 2
99999 2017 4 9 11 0 2
99999 2017 4 9 12 0 3
99999 2017 4 9 13 0 2
99999 2017 4 9 14 0 2
99999 2017 4 9 15 0 2
99999 2017 4 9 16 0 3
99999 2017 4 9 17 22 2
99999 2017 4 9 18 22 1
99999 2017 4 9 19 90 3
99999 2017 4 9 20 90 3
99999 2017 4 9 21 90 3
99999 2017 4 9 22 90 3
99999 2017 4 9 23 90 0
99999 2017 4 10 0 90 0
99999 2017 4 10 1 90 0
99999 2017 4 10 2 90 0
99999 2017 4 10 3 90 0
99999 2017 4 10 4 90 1
99999 2017 4 10 5 90 0
99999 2017 4 10 6 90 0
99999 2017 4 10 7 90 0
99999 2017 4 10 8 90 0
99999 2017 4 10 9 158 0
99999 2017 4 10 10 338 2
99999 2017 4 10 11 338 3
99999 2017 4 10 12 338 3
99999 2017 4 10 13 338 3
99999 2017 4 10 14 338 3
99999 2017 4 10 15 112 3
99999 2017 4 10 16 22 2
99999 2017 4 10 17 90 2
99999 2017 4 10 18 0 2
99999 2017 4 10 19 202 3
99999 2017 4 10 20 202 1
99999 2017 4 10 21 202 1
99999 2017 4 10 22 112 1
99999 2017 4 10 23 225 1
99999 2017 4 11 0 180 2
99999 2017 4 11 1 225 4
99999 2017 4 11 2 202 3
99999 2017 4 11 3 202 3
99999 2017 4 11 4 202 1
99999 2017 4 11 5 225 1
99999 2017 4 11 6 338 1
99999 2017 4 11 7 292 2
99999 2017 4 11 8 270 0
99999 2017 4 11 9 248 2
99999 2017 4 11 10 202 2
99999 2017 4 11 11 338 3
99999 2017 4 11 12 338 3
99999 2017 4 11 13 338 3
99999 2017 4 11 14 338 3
99999 2017 4 11 15 0 3
99999 2017 4 11 16 0 3
99999 2017 4 11 17 0 3
99999 2017 4 11 18 90 2
99999 2017 4 11 19 338 3
99999 2017 4 11 20 112 2
99999 2017 4 11 21 112 0
99999 2017 4 11 22 112 1
99999 2017 4 11 23 112 1
99999 2017 4 13 0 180 1
99999 2017 4 13 1 180 1
99999 2017 4 13 2 135 1
99999 2017 4 13 3 202 3
99999 2017 4 13 4 225 3
99999 2017 4 13 5 202 4
99999 2017 4 13 6 202 5
99999 2017 4 13 7 202 5
99999 2017 4 13 8 248 3
99999 2017 4 13 9 202 3
99999 2017 4 13 10 248 3
99999 2017 4 13 11 270 3
99999 2017 4 13 12 315 2
99999 2017 4 13 13 180 3
99999 2017 4 13 14 202 3
99999 2017 4 13 15 158 3
99999 2017 4 13 16 180 3
99999 2017 4 13 17 180 3
99999 2017 4 13 18 180 4
99999 2017 4 13 19 180 5
99999 2017 4 13 20 180 4
99999 2017 4 13 21 180 5
99999 2017 4 13 22 202 5
99999 2017 4 13 23 202 6
99999 2017 4 14 0 202 4
99999 2017 4 14 1 202 3
99999 2017 4 14 2 202 2
99999 2017 4 14 3 202 3
99999 2017 4 14 4 202 4
99999 2017 4 14 5 202 3
99999 2017 4 14 6 270 1
99999 2017 4 14 7 270 1
99999 2017 4 14 8 270 1
99999 2017 4 14 9 270 3
99999 2017 4 14 10 315 3
99999 2017 4 14 11 292 3
99999 2017 4 14 12 338 3
99999 2017 4 14 13 338 3
99999 2017 4 14 14 315 3
99999 2017 4 14 15 270 3
99999 2017 4 14 16 22 2
99999 2017 4 14 17 22 2
99999 2017 4 14 18 90 3
99999 2017 4 14 19 180 4
99999 2017 4 14 20 180 3
99999 2017 4 14 21 180 4
99999 2017 4 14 22 180 5
99999 2017 4 14 23 202 5
99999 2017 4 15 0 202 5
99999 2017 4 15 1 202 3
99999 2017 4 15 2 270 2
99999 2017 4 15 3 225 2
99999 2017 4 15 4 292 3
99999 2017 4 15 5 202 3
99999 2017 4 15 6 202 3
99999 2017 4 15 7 202 2
99999 2017 4 15 8 202 3
99999 2017 4 15 9 202 3
99999 2017 4 15 10 270 2
99999 2017 4 15 11 338 3
99999 2017 4 15 12 338 4
99999 2017 4 15 13 338 5
99999 2017 4 15 14 338 5
99999 2017 4 15 15 338 4
99999 2017 4 15 16 90 1
99999 2017 4 15 17 112 2
99999 2017 4 15 18 112 3
99999 2017 4 15 19 90 2
99999 2017 4 15 20 90 3
99999 2017 4 15 21 90 2
99999 2017 4 15 22 90 1
99999 2017 4 15 23 202 1
99999 2017 4 16 0 270 3
99999 2017 4 16 1 180 2
99999 2017 4 16 23 112 3
99999 2017 4 17 0 90 5
99999 2017 4 17 1 90 4
99999 2017 4 17 2 90 2
99999 2017 4 17 3 90 1
99999 2017 4 17 4 45 1
99999 2017 4 17 5 22 1
99999 2017 4 18 0 158 1
99999 2017 4 18 1 180 2
99999 2017 4 18 2 202 3
99999 2017 4 18 3 158 1
99999 2017 4 18 4 202 1
99999 2017 4 18 5 0 2
99999 2017 4 18 6 22 1
99999 2017 4 18 7 22 1
99999 2017 4 18 8 22 0
99999 2017 4 18 9 248 1
99999 2017 4 18 10 270 3
99999 2017 4 18 11 338 3
99999 2017 4 18 12 0 4
99999 2017 4 18 13 22 6
99999 2017 4 18 14 112 3
99999 2017 4 18 15 90 3
99999 2017 4 18 16 135 7
99999 2017 4 18 17 135 5
99999 2017 4 18 18 90 3
99999 2017 4 18 19 270 2
99999 2017 4 18 20 0 3
99999 2017 4 18 21 180 3
99999 2017 4 18 22 135 1
99999 2017 4 18 23 315 3
99999 2017 4 19 0 292 3
99999 2017 4 19 1 270 3
99999 2017 4 19 2 292 3
99999 2017 4 19 3 270 3
99999 2017 4 19 4 270 3
99999 2017 4 19 5 292 3
99999 2017 4 19 6 270 3
99999 2017 4 19 7 270 3
99999 2017 4 19 8 270 3
99999 2017 4 19 9 270 4
99999 2017 4 19 10 270 5
99999 2017 4 19 11 270 4
99999 2017 4 19 12 338 3
99999 2017 4 19 13 338 3
99999 2017 4 19 14 338 3
99999 2017 4 19 15 270 3
99999 2017 4 19 16 135 5
99999 2017 4 19 17 248 4
99999 2017 4 19 18 135 6
99999 2017 4 19 19 135 3
99999 2017 4 19 20 202 3
99999 2017 4 19 21 0 3
99999 2017 4 19 22 90 2
99999 2017 4 19 23 90 1
99999 2017 4 20 0 90 0
99999 2017 4 20 1 90 0
99999 2017 4 20 2 90 0
99999 2017 4 20 3 90 0
99999 2017 4 20 4 202 2
99999 2017 4 20 5 202 1
99999 2017 4 20 6 202 0
99999 2017 4 20 7 202 1
99999 2017 4 20 8 248 2
99999 2017 4 20 9 315 3
99999 2017 4 20 10 270 4
99999 2017 4 20 11 248 3
99999 2017 4 20 12 248 3
99999 2017 4 20 13 292 3
99999 2017 4 20 14 338 5
99999 2017 4 20 15 270 3
99999 2017 4 20 16 90 3
99999 2017 4 20 17 0 3
99999 2017 4 20 18 90 2
99999 2017 4 20 19 22 2
99999 2017 4 20 20 90 4
99999 2017 4 20 21 112 4
99999 2017 4 20 22 112 2
99999 2017 4 20 23 112 3
99999 2017 4 21 0 135 2
99999 2017 4 21 1 90 2
99999 2017 4 21 2 112 1
99999 2017 4 21 3 112 2
99999 2017 4 21 4 112 3
99999 2017 4 21 5 112 2
99999 2017 4 21 6 112 3
99999 2017 4 21 7 112 2
99999 2017 4 21 8 112 2
99999 2017 4 21 9 135 3
99999 2017 4 21 10 90 5
99999 2017 4 21 11 90 5
99999 2017 4 21 12 90 3
99999 2017 4 21 13 112 3
99999 2017 4 21 14 0 3
99999 2017 4 21 15 0 3
99999 2017 4 21 16 22 3
99999 2017 4 21 17 22 2
99999 2017 4 21 18 22 1
99999 2017 4 21 19 90 3
99999 2017 4 21 20 90 3
99999 2017 4 21 21 90 1
99999 2017 4 21 22 90 3
99999 2017 4 21 23 158 1
99999 2017 4 22 0 158 1
99999 2017 4 22 13 22 3
99999 2017 4 22 14 0 3
99999 2017 4 22 15 90 3
99999 2017 4 22 16 90 3
99999 2017 4 22 17 90 3
99999 2017 4 22 18 202 4
99999 2017 4 22 19 180 5
99999 2017 4 22 20 180 6
99999 2017 4 22 21 202 5
99999 2017 4 22 22 202 5
99999 2017 4 22 23 202 5
99999 2017 4 23 0 225 4
99999 2017 4 23 1 292 3
99999 2017 4 23 2 202 2
99999 2017 4 23 3 315 1
99999 2017 4 23 4 202 4
99999 2017 4 23 5 202 1
99999 2017 4 23 6 202 3
99999 2017 4 23 7 225 3
99999 2017 4 23 8 202 3
99999 2017 4 23 9 202 3
99999 2017 4 23 10 315 3
99999 2017 4 23 11 338 3
99999 2017 4 23 12 338 3
99999 2017 4 23 13 22 2
99999 2017 4 23 14 22 2
99999 2017 4 23 15 90 3
99999 2017 4 23 16 90 3
99999 2017 4 23 17 90 4
99999 2017 4 23 18 90 7
99999 2017 4 23 19 90 6
99999 2017 4 23 20 90 4
99999 2017 4 23 21 90 3
99999 2017 4 23 22 90 4
99999 2017 4 23 23 90 3
99999 2017 4 24 0 90 3
99999 2017 4 24 1 90 3
99999 2017 4 24 2 90 1
99999 2017 4 24 3 0 1
99999 2017 4 24 4 0 0
99999 2017 4 24 5 0 1
99999 2017 4 24 6 292 1
99999 2017 4 24 7 248 2
99999 2017 4 24 8 225 1
99999 2017 4 24 9 270 1
99999 2017 4 24 23 112 1
99999 2017 4 25 0 90 0
99999 2017 4 25 1 90 1
99999 2017 4 25 2 158 3
99999 2017 4 25 3 158 1
99999 2017 4 25 4 202 2
99999 2017 4 25 5 292 1
99999 2017 4 26 0 180 4
99999 2017 4 26 1 180 6
99999 2017 4 26 2 180 9
99999 2017 4 26 3 180 5
99999 2017 4 26 4 135 3
99999 2017 4 26 5 112 2
99999 2017 4 26 6 135 3
99999 2017 4 26 7 112 4
99999 2017 4 26 8 158 7
99999 2017 4 26 9 180 7
99999 2017 4 26 10 180 6
99999 2017 4 26 11 135 3
99999 2017 4 26 12 135 4
99999 2017 4 26 13 180 5
99999 2017 4 26 14 180 6
99999 2017 4 26 15 180 7
99999 2017 4 26 16 202 8
99999 2017 4 26 17 180 9
99999 2017 4 26 18 180 6
99999 2017 4 26 19 180 5
99999 2017 4 26 20 202 3
99999 2017 4 26 21 270 1
99999 2017 4 26 22 112 3
99999 2017 4 26 23 112 3
99999 2017 4 27 0 158 5
99999 2017 4 27 1 135 7
99999 2017 4 27 2 180 7
99999 2017 4 27 3 202 4
99999 2017 4 27 4 270 3
99999 2017 4 27 5 270 2
99999 2017 4 27 6 270 0
99999 2017 4 27 7 270 0
99999 2017 4 27 8 112 1
99999 2017 4 27 9 112 1
99999 2017 4 27 10 112 1
99999 2017 4 27 11 0 2
99999 2017 4 27 12 0 3
99999 2017 4 27 13 90 2
99999 2017 4 27 14 180 4
99999 2017 4 27 15 338 3
99999 2017 4 27 16 90 2
99999 2017 4 27 17 180 3
99999 2017 4 27 18 180 5
99999 2017 4 27 19 180 5
99999 2017 4 27 20 135 5
99999 2017 4 27 21 180 3
99999 2017 4 27 22 292 3
99999 2017 4 27 23 180 3
99999 2017 4 28 0 338 2
99999 2017 4 28 1 180 2
99999 2017 4 28 2 292 1
99999 2017 4 28 3 202 0
99999 2017 4 28 4 135 1
99999 2017 4 28 5 180 5
99999 2017 4 28 6 158 3
99999 2017 4 28 7 180 7
99999 2017 4 28 8 180 4
99999 2017 4 28 9 202 3
99999 2017 4 28 10 180 4
99999 2017 4 28 11 202 8
99999 2017 4 28 12 202 9
99999 2017 4 28 13 180 7
99999 2017 4 28 14 202 10
99999 2017 4 28 15 202 8
99999 2017 4 28 16 225 7
99999 2017 4 28 17 270 4
99999 2017 4 28 18 315 4
99999 2017 4 28 19 270 3
99999 2017 4 28 20 202 3
99999 2017 4 28 21 180 3
99999 2017 4 28 22 202 3
99999 2017 4 28 23 248 2
99999 2017 4 29 0 248 2
99999 2017 4 29 19 90 4
99999 2017 4 29 20 112 3
99999 2017 4 29 21 90 3
99999 2017 4 29 22 112 2
99999 2017 4 29 23 135 2
99999 2017 4 30 0 112 0
99999 2017 4 30 1 112 0
99999 2017 4 30 2 135 1
99999 2017 4 30 3 158 0
99999 2017 4 30 4 158 1
99999 2017 4 30 5 158 1
99999 2017 4 30 6 202 1
99999 2017 4 30 7 202 0
99999 2017 4 30 8 202 0
99999 2017 4 30 9 112 1
99999 2017 4 30 10 90 2
99999 2017 4 30 11 90 4
99999 2017 4 30 12 90 3
99999 2017 4 30 13 90 3
99999 2017 4 30 14 90 3
99999 2017 4 30 15 90 3
99999 2017 4 30 16 135 3
99999 2017 4 30 17 90 3
99999 2017 4 30 18 90 3
99999 2017 4 30 19 90 3
99999 2017 4 30 20 90 4
99999 2017 4 30 21 90 3
99999 2017 4 30 22 112 2
99999 2017 4 30 23 135 1
99999 2017 5 1 0 180 0
99999 2017 5 1 1 180 0
99999 2017 5 1 2 202 1
99999 2017 5 1 3 202 0
99999 2017 5 1 5 202 0
99999 2017 5 1 6 202 0
99999 2017 5 1 7 202 1
99999 2017 5 1 8 90 3
99999 2017 5 1 9 90 3
99999 2017 5 1 10 90 3
99999 2017 5 1 11 90 5
99999 2017 5 1 12 112 7
99999 2017 5 1 13 112 6
99999 2017 5 1 14 112 4
99999 2017 5 1 15 180 6
99999 2017 5 1 16 135 3
99999 2017 5 1 17 135 3
99999 2017 5 1 18 270 3
99999 2017 5 1 19 270 2
99999 2017 5 1 20 225 2
99999 2017 5 1 21 270 5
99999 2017 5 1 22 270 3
99999 2017 5 1 23 315 3
99999 2017 5 2 0 292 3
99999 2017 5 2 1 292 1
99999 2017 5 2 2 270 3
99999 2017 5 2 3 270 3
99999 2017 5 2 4 248 3
99999 2017 5 2 5 248 3
99999 2017 5 2 6 158 2
99999 2017 5 2 7 225 2
99999 2017 5 2 8 180 0
99999 2017 5 2 9 338 1
99999 2017 5 2 10 0 2
99999 2017 5 2 11 112 2
99999 2017 5 2 12 90 3
99999 2017 5 2 13 112 3
99999 2017 5 2 14 90 3
99999 2017 5 2 15 90 5
99999 2017 5 2 16 112 5
99999 2017 5 2 17 158 4
99999 2017 5 2 18 158 6
99999 2017 5 2 19 135 5
99999 2017 5 2 20 135 4
99999 2017 5 2 21 135 2
99999 2017 5 2 22 338 0
99999 2017 5 2 23 45 1
99999 2017 5 3 0 22 0
99999 2017 5 3 1 135 0
99999 2017 5 3 2 180 1
99999 2017 5 3 3 180 0
99999 2017 5 3 5 135 0
99999 2017 5 3 6 90 1
99999 2017 5 3 7 0 1
99999 2017 5 3 8 0 1
99999 2017 5 3 9 68 1
99999 2017 5 3 10 338 3
99999 2017 5 3 11 338 3
99999 2017 5 3 12 270 3
99999 2017 5 3 13 338 2
99999 2017 5 3 14 338 3
99999 2017 5 3 15 202 1
99999 2017 5 3 16 202 3
99999 2017 5 3 17 202 4
99999 2017 5 3 18 202 3
99999 2017 5 3 19 315 3
99999 2017 5 3 20 338 3
99999 2017 5 3 21 338 1
99999 2017 5 3 22 90 0
99999 2017 5 3 23 68 1
99999 2017 5 4 0 248 1
99999 2017 5 4 1 248 1
99999 2017 5 4 22 90 0
99999 2017 5 4 23 315 4
99999 2017 5 5 0 270 2
99999 2017 5 5 1 315 2
99999 2017 5 5 2 270 2
99999 2017 5 5 3 225 2
99999 2017 5 5 4 180 1
99999 2017 5 5 5 158 0
99999 2017 5 5 6 0 1
99999 2017 5 5 7 292 1
99999 2017 5 5 8 248 2
99999 2017 5 5 21 112 2
99999 2017 5 5 22 90 3
99999 2017 5 5 23 112 2
99999 2017 5 6 0 90 2
99999 2017 5 6 1 90 2
99999 2017 5 6 2 90 0
99999 2017 5 6 3 90 0
99999 2017 5 6 4 90 0
99999 2017 5 6 5 112 0
99999 2017 5 6 6 68 0
99999 2017 5 6 7 338 2
99999 2017 5 6 8 338 0
99999 2017 5 6 9 0 1
99999 2017 5 6 10 338 1
99999 2017 5 6 11 338 2
99999 2017 5 6 12 112 2
99999 2017 5 6 13 112 3
99999 2017 5 6 14 90 4
99999 2017 5 6 15 90 6
99999 2017 5 6 16 112 3
99999 2017 5 6 17 112 1
99999 2017 5 6 18 90 2
99999 2017 5 6 19 90 1
99999 2017 5 6 20 90 3
99999 2017 5 6 21 90 1
99999 2017 5 6 22 22 1
99999 2017 5 6 23 0 1
99999 2017 5 7 0 338 3
99999 2017 5 7 1 338 3
99999 2017 5 7 2 315 3
99999 2017 5 7 3 292 3
99999 2017 5 7 4 270 3
99999 2017 5 7 5 270 3
99999 2017 5 7 6 248 1
99999 2017 5 7 7 180 2
99999 2017 5 7 8 202 2
99999 2017 5 7 9 225 2
99999 2017 5 7 10 292 2
99999 2017 5 7 11 338 2
99999 2017 5 7 12 292 3
99999 2017 5 7 13 315 4
99999 2017 5 7 14 270 5
99999 2017 5 7 15 270 4
99999 2017 5 7 16 270 5
99999 2017 5 7 17 248 4
99999 2017 5 7 18 225 3
99999 2017 5 7 19 248 3
99999 2017 5 7 20 292 1
99999 2017 5 7 21 180 2
99999 2017 5 7 22 248 2
99999 2017 5 7 23 135 2
99999 2017 5 8 0 180 0
99999 2017 5 8 1 90 1
99999 2017 5 8 2 90 0
99999 2017 5 8 3 135 0
99999 2017 5 8 4 180 0
99999 2017 5 8 5 180 2
99999 2017 5 8 6 180 2
99999 2017 5 8 7 180 2
99999 2017 5 8 8 225 1
99999 2017 5 8 9 315 2
99999 2017 5 8 10 270 3
99999 2017 5 8 11 315 3
99999 2017 5 8 12 270 5
99999 2017 5 8 13 270 3
99999 2017 5 8 14 248 2
99999 2017 5 8 15 270 2
99999 2017 5 8 16 158 1
99999 2017 5 8 17 270 3
99999 2017 5 8 18 270 3
99999 2017 5 8 19 0 3
99999 2017 5 8 20 22 1
99999 2017 5 8 21 22 0
99999 2017 5 8 22 45 0
99999 2017 5 8 23 135 1
99999 2017 5 9 0 22 0
99999 2017 5 9 1 22 0
99999 2017 5 9 2 22 1
99999 2017 5 9 3 292 0
99999 2017 5 9 4 292 2
99999 2017 5 9 5 315 1
99999 2017 5 9 6 248 2
99999 2017 5 9 7 202 0
99999 2017 5 9 8 202 0
99999 2017 5 9 9 0 2
99999 2017 5 9 10 248 0
99999 2017 5 9 11 135 3
99999 2017 5 9 12 90 4
99999 2017 5 9 13 135 6
99999 2017 5 9 14 90 5
99999 2017 5 9 15 112 5
99999 2017 5 9 16 90 5
99999 2017 5 9 17 112 5
99999 2017 5 9 18 90 5
99999 2017 5 9 19 112 5
99999 2017 5 9 20 112 4
99999 2017 5 9 21 112 2
99999 2017 5 9 22 112 2
99999 2017 5 9 23 112 1
99999 2017 5 11 13 90 3
99999 2017 5 11 14 90 3
99999 2017 5 11 15 112 4
99999 2017 5 11 16 90 5
99999 2017 5 11 17 90 3
99999 2017 5 11 18 90 3
99999 2017 5 11 19 90 3
99999 2017 5 11 20 90 3
99999 2017 5 11 21 90 3
99999 2017 5 11 22 90 3
99999 2017 5 11 23 112 3
99999 2017 5 12 0 90 1
99999 2017 5 12 1 0 1
99999 2017 5 12 2 0 1
99999 2017 5 12 3 68 1
99999 2017 5 12 4 68 1
99999 2017 5 12 5 90 1
99999 2017 5 12 6 112 1
99999 2017 5 12 7 315 2
99999 2017 5 12 8 270 3
99999 2017 5 12 9 270 2
99999 2017 5 12 10 315 3
99999 2017 5 12 11 0 3
99999 2017 5 12 12 338 3
99999 2017 5 12 13 22 2
99999 2017 5 12 14 0 3
99999 2017 5 12 15 22 2
99999 2017 5 12 16 90 3
99999 2017 5 12 17 90 2
99999 2017 5 12 18 0 3
99999 2017 5 12 19 90 2
99999 2017 5 12 20 158 0
99999 2017 5 12 21 158 0
99999 2017 5 12 22 158 0
99999 2017 5 12 23 158 0
99999 2017 5 13 0 158 0
99999 2017 5 13 1 158 2
99999 2017 5 13 2 202 3
99999 2017 5 13 3 180 2
99999 2017 5 13 4 202 3
99999 2017 5 13 5 225 2
99999 2017 5 13 6 202 2
99999 2017 5 13 7 202 0
99999 2017 5 13 8 202 1
99999 2017 5 13 9 202 2
99999 2017 5 13 10 338 3
99999 2017 5 13 11 315 3
99999 2017 5 13 12 338 3
99999 2017 5 13 13 338 4
99999 2017 5 13 14 90 3
99999 2017 5 13 15 0 2
99999 2017 5 13 16 22 2
99999 2017 5 13 17 90 2
99999 2017 5 13 18 90 2
99999 2017 5 13 19 112 3
99999 2017 5 13 20 180 3
99999 2017 5 13 21 248 3
99999 2017 5 13 22 180 2
99999 2017 5 13 23 180 3
99999 2017 5 14 0 225 3
99999 2017 5 14 1 202 3
99999 2017 5 14 2 202 2
99999 2017 5 14 3 202 0
99999 2017 5 14 4 315 1
99999 2017 5 14 5 315 0
99999 2017 5 14 6 225 1
99999 2017 5 14 7 180 0
99999 2017 5 14 8 270 2
99999 2017 5 14 9 270 3
99999 2017 5 14 10 270 3
99999 2017 5 14 11 338 3
99999 2017 5 14 12 248 3
99999 2017 5 14 13 292 2
99999 2017 5 14 14 338 3
99999 2017 5 14 15 112 2
99999 2017 5 14 16 158 3
99999 2017 5 14 17 270 2
99999 2017 5 14 18 202 3
99999 2017 5 14 19 180 4
99999 2017 5 14 20 180 3
99999 2017 5 14 21 202 4
99999 2017 5 14 22 202 4
99999 2017 5 14 23 202 3
99999 2017 5 15 0 248 2
99999 2017 5 15 1 225 3
99999 2017 5 15 2 0 0
99999 2017 5 15 3 270 1
99999 2017 5 15 4 202 2
99999 2017 5 15 5 338 3
99999 2017 5 15 6 292 2
99999 2017 5 15 7 292 1
99999 2017 5 15 20 22 1
99999 2017 5 15 21 112 2
99999 2017 5 15 22 112 3
99999 2017 5 15 23 90 1
99999 2017 5 16 0 68 1
99999 2017 5 16 1 292 2
99999 2017 5 16 2 270 2
99999 2017 5 16 3 270 1
99999 2017 5 16 4 270 1
99999 2017 5 16 5 292 0
99999 2017 5 16 6 292 1
99999 2017 5 16 7 248 1
99999 2017 5 16 8 270 3
99999 2017 5 16 9 292 3
99999 2017 5 16 10 0 2
99999 2017 5 16 11 90 3
99999 2017 5 16 12 0 3
99999 2017 5 16 13 90 3
99999 2017 5 16 14 22 3
99999 2017 5 16 15 22 3
99999 2017 5 16 16 0 3
99999 2017 5 16 17 90 3
99999 2017 5 16 18 90 3
99999 2017 5 16 19 90 2
99999 2017 5 16 20 0 1
99999 2017 5 16 21 338 1
99999 2017 5 16 22 180 1
99999 2017 5 16 23 180 1
99999 2017 5 17 0 180 1
99999 2017 5 17 1 202 1
99999 2017 5 17 2 202 1
99999 2017 5 17 3 202 1
99999 2017 5 17 4 202 1
99999 2017 5 17 5 202 2
99999 2017 5 17 6 202 1
99999 2017 5 17 7 248 1
99999 2017 5 17 8 248 0
99999 2017 5 17 9 270 3
99999 2017 5 17 10 315 3
99999 2017 5 17 11 0 2
99999 2017 5 17 12 90 3
99999 2017 5 17 13 90 3
99999 2017 5 17 14 90 4
99999 2017 5 17 15 90 4
99999 2017 5 17 16 90 4
99999 2017 5 17 17 112 5
99999 2017 5 17 18 90 4
99999 2017 5 17 19 90 5
99999 2017 5 17 20 90 5
99999 2017 5 17 21 90 4
99999 2017 5 17 22 135 2
99999 2017 5 17 23 112 1
99999 2017 5 18 0 112 0
99999 2017 5 18 1 112 0
99999 2017 5 18 2 135 0
99999 2017 5 18 3 135 1
99999 2017 5 18 4 202 2
99999 2017 5 18 5 0 2
99999 2017 5 18 6 180 2
99999 2017 5 18 7 180 0
99999 2017 5 18 8 270 2
99999 2017 5 18 9 338 1
99999 2017 5 18 10 0 1
99999 2017 5 18 11 90 3
99999 2017 5 18 12 90 3
99999 2017 5 18 13 90 3
99999 2017 5 18 14 90 4
99999 2017 5 18 15 90 4
99999 2017 5 18 16 90 5
99999 2017 5 18 17 90 5
99999 2017 5 18 18 90 6
99999 2017 5 18 19 90 5
99999 2017 5 18 20 90 4
99999 2017 5 18 21 90 4
99999 2017 5 18 22 112 3
99999 2017 5 18 23 90 3
99999 2017 5 19 0 90 1
99999 2017 5 19 1 90 1
99999 2017 5 19 2 90 0
99999 2017 5 19 3 90 0
99999 2017 5 19 4 112 1
99999 2017 5 19 5 45 1
99999 2017 5 19 6 45 1
99999 2017 5 19 7 45 0
99999 2017 5 19 8 202 1
99999 2017 5 19 9 180 4
99999 2017 5 19 10 180 3
99999 2017 5 19 11 180 3
99999 2017 5 19 12 158 4
99999 2017 5 19 13 180 3
99999 2017 5 19 14 180 7
99999 2017 5 19 15 202 6
99999 2017 5 19 16 270 5
99999 2017 5 19 17 180 3
99999 2017 5 19 18 202 5
99999 2017 5 19 19 158 3
99999 2017 5 19 20 180 4
99999 2017 5 19 21 180 4
99999 2017 5 19 22 202 3
99999 2017 5 19 23 338 1
99999 2017 5 20 0 135 2
99999 2017 5 20 1 202 1
99999 2017 5 20 14 0 4
99999 2017 5 20 15 90 4
99999 2017 5 20 16 90 5
99999 2017 5 20 17 135 4
99999 2017 5 20 18 202 3
99999 2017 5 20 19 0 3
99999 2017 5 20 20 22 3
99999 2017 5 20 21 270 3
99999 2017 5 20 22 270 3
99999 2017 5 20 23 292 2
99999 2017 5 21 0 292 2
99999 2017 5 21 1 270 2
99999 2017 5 21 2 292 2
99999 2017 5 21 3 315 1
99999 2017 5 21 4 315 1
99999 2017 5 21 5 225 1
99999 2017 5 21 6 225 1
99999 2017 5 21 7 270 2
99999 2017 5 21 8 292 3
99999 2017 5 21 9 270 4
99999 2017 5 21 10 292 5
99999 2017 5 21 11 315 4
99999 2017 5 21 12 315 5
99999 2017 5 21 13 338 4
99999 2017 5 21 14 0 3
99999 2017 5 21 15 90 3
99999 2017 5 21 16 0 3
99999 2017 5 21 17 112 3
99999 2017 5 21 18 90 3
99999 2017 5 21 19 22 2
99999 2017 5 21 20 90 3
99999 2017 5 21 21 90 3
99999 2017 5 21 22 90 1
99999 2017 5 21 23 158 1
99999 2017 5 22 0 158 1
99999 2017 5 22 1 202 1
99999 2017 5 22 2 202 1
99999 2017 5 22 3 180 1
99999 2017 5 22 4 180 2
99999 2017 5 22 5 202 2
99999 2017 5 22 6 202 2
99999 2017 5 22 7 202 2
99999 2017 5 22 8 202 3
99999 2017 5 22 9 248 1
99999 2017 5 22 10 338 3
99999 2017 5 22 11 22 3
99999 2017 5 22 12 112 3
99999 2017 5 22 13 90 3
99999 2017 5 22 14 90 3
99999 2017 5 22 15 0 3
99999 2017 5 22 16 90 3
99999 2017 5 22 17 90 3
99999 2017 5 22 18 90 4
99999 2017 5 22 19 90 4
99999 2017 5 22 20 112 3
99999 2017 5 22 21 90 3
99999 2017 5 22 22 112 2
99999 2017 5 22 23 112 1
99999 2017 5 23 0 112 1
99999 2017 5 23 1 158 1
99999 2017 5 23 2 180 3
99999 2017 5 23 3 202 2
99999 2017 5 23 4 202 3
99999 2017 5 23 5 225 2
99999 2017 5 23 6 180 2
99999 2017 5 23 7 180 0
99999 2017 5 23 8 180 1
99999 2017 5 23 9 270 2
99999 2017 5 23 10 270 3
99999 2017 5 23 11 270 3
99999 2017 5 23 12 338 3
99999 2017 5 23 13 338 3
99999 2017 5 23 14 338 3
99999 2017 5 23 15 338 3
99999 2017 5 23 16 338 3
99999 2017 5 23 17 270 2
99999 2017 5 23 18 0 3
99999 2017 5 23 19 270 2
99999 2017 5 23 20 292 2
99999 2017 5 23 21 292 1
99999 2017 5 23 22 180 2
99999 2017 5 23 23 180 4
99999 2017 5 24 0 180 3
99999 2017 5 24 1 202 4
99999 2017 5 24 2 202 3
99999 2017 5 24 3 180 3
99999 2017 5 24 4 202 2
99999 2017 5 24 5 158 1
99999 2017 5 24 6 180 2
99999 2017 5 24 7 225 0
99999 2017 5 24 20 338 1
99999 2017 5 24 21 112 2
99999 2017 5 24 22 135 3
99999 2017 5 24 23 180 4
99999 2017 5 25 0 225 4
99999 2017 5 25 1 202 1
99999 2017 5 25 2 0 3
99999 2017 5 27 0 112 2
99999 2017 5 27 1 112 1
99999 2017 5 27 2 135 3
99999 2017 5 27 3 112 2
99999 2017 5 27 4 180 1
99999 2017 5 27 5 180 1
99999 2017 5 27 6 202 2
99999 2017 5 27 7 180 3
99999 2017 5 27 8 202 2
99999 2017 5 27 9 0 2
99999 2017 5 27 10 90 2
99999 2017 5 27 11 90 3
99999 2017 5 27 12 90 5
99999 2017 5 27 13 90 4
99999 2017 5 27 14 90 4
99999 2017 5 27 15 90 4
99999 2017 5 27 16 90 4
99999 2017 5 27 17 90 4
99999 2017 5 27 18 90 4
99999 2017 5 27 19 90 5
99999 2017 5 27 20 90 4
99999 2017 5 27 21 112 3
99999 2017 5 27 22 112 3
99999 2017 5 27 23 112 1
99999 2017 5 28 0 112 1
99999 2017 5 28 1 112 1
99999 2017 5 28 2 112 0
99999 2017 5 28 3 112 1
99999 2017 5 28 4 158 1
99999 2017 5 28 5 225 2
99999 2017 5 28 6 180 2
99999 2017 5 28 7 202 3
99999 2017 5 28 8 202 1
99999 2017 5 28 9 202 2
99999 2017 5 28 10 90 2
99999 2017 5 28 11 90 3
99999 2017 5 28 12 112 4
99999 2017 5 28 13 135 4
99999 2017 5 28 14 90 3
99999 2017 5 28 15 90 4
99999 2017 5 28 16 90 4
99999 2017 5 28 17 90 4
99999 2017 5 28 18 90 6
99999 2017 5 28 19 90 6
99999 2017 5 28 20 90 5
99999 2017 5 28 21 112 4
99999 2017 5 28 22 90 3
99999 2017 5 28 23 90 3
99999 2017 5 29 0 112 2
99999 2017 5 29 1 112 0
99999 2017 5 29 2 112 0
99999 2017 5 29 3 112 0
99999 2017 5 29 4 112 0
99999 2017 5 29 5 112 0
99999 2017 5 29 6 90 1
99999 2017 5 29 7 45 2
99999 2017 5 29 8 45 0
99999 2017 5 29 9 292 1
99999 2017 5 29 10 90 2
99999 2017 5 29 11 90 3
99999 2017 5 30 0 90 2
99999 2017 5 30 1 90 1
99999 2017 5 30 2 90 0
99999 2017 5 30 3 90 0
99999 2017 5 30 4 112 0
99999 2017 5 30 5 90 0
99999 2017 5 30 6 225 3
99999 2017 5 30 7 202 1
99999 2017 5 30 8 202 2
99999 2017 5 30 9 270 3
99999 2017 5 30 10 338 2
99999 2017 5 30 11 338 2
99999 2017 5 30 12 338 3
99999 2017 5 30 13 338 3
99999 2017 5 30 14 338 3
99999 2017 5 30 15 112 3
99999 2017 5 30 16 135 3
99999 2017 5 30 17 90 3
99999 2017 5 30 18 90 3
99999 2017 5 30 19 45 2
99999 2017 5 30 20 90 1
99999 2017 5 30 21 158 3
99999 2017 5 30 22 180 3
99999 2017 5 30 23 202 5
99999 2017 5 31 0 202 6
99999 2017 5 31 1 202 6
99999 2017 5 31 2 202 5
99999 2017 5 31 3 202 5
99999 2017 5 31 17 90 3
99999 2017 5 31 18 158 5
99999 2017 5 31 19 158 4
99999 2017 5 31 20 202 3
99999 2017 5 31 21 202 4
99999 2017 5 31 22 202 5
99999 2017 5 31 23 180 5
99999 2017 6 1 0 202 5
99999 2017 6 1 1 338 3
99999 2017 6 1 2 225 3
99999 2017 6 1 3 202 3
99999 2017 6 1 4 202 2
99999 2017 6 1 5 202 3
99999 2017 6 1 6 180 4
99999 2017 6 1 7 202 4
99999 2017 6 1 8 202 3
99999 2017 6 1 9 202 3
99999 2017 6 1 10 202 3
99999 2017 6 1 11 270 3
99999 2017 6 1 12 270 2
99999 2017 6 1 13 338 3
99999 2017 6 1 14 45 2
99999 2017 6 1 15 338 3
99999 2017 6 1 16 0 2
99999 2017 6 1 17 0 3
99999 2017 6 1 18 90 3
99999 2017 6 1 19 225 4
99999 2017 6 1 20 135 4
99999 2017 6 1 21 180 4
99999 2017 6 1 22 202 5
99999 2017 6 1 23 202 5
99999 2017 6 2 18 112 2
99999 2017 6 2 19 112 2
99999 2017 6 2 20 180 3
99999 2017 6 2 21 180 3
99999 2017 6 2 22 180 4
99999 2017 6 2 23 180 4
99999 2017 6 3 0 202 5
99999 2017 6 3 1 225 5
99999 2017 6 3 2 202 4
99999 2017 6 3 3 202 4
99999 2017 6 3 4 202 4
99999 2017 6 3 5 180 3
99999 2017 6 3 6 180 1
99999 2017 6 3 7 270 1
99999 2017 6 3 22 180 4
99999 2017 6 3 23 202 4
99999 2017 6 4 0 202 4
99999 2017 6 4 13 0 2
99999 2017 6 4 14 90 2
99999 2017 6 4 15 158 4
99999 2017 6 4 16 180 3
99999 2017 6 4 17 180 3
99999 2017 6 4 18 202 3
99999 2017 6 4 19 158 3
99999 2017 6 4 20 180 4
99999 2017 6 4 21 180 3
99999 2017 6 4 22 180 4
99999 2017 6 4 23 202 5
99999 2017 6 5 0 202 5
99999 2017 6 5 1 202 6
99999 2017 6 5 2 202 3
99999 2017 6 5 3 248 2
99999 2017 6 5 4 158 3
99999 2017 6 5 5 158 2
99999 2017 6 5 6 202 2
99999 2017 6 5 7 202 1
99999 2017 6 5 8 270 3
99999 2017 6 5 9 270 3
99999 2017 6 5 10 315 2
99999 2017 6 5 11 338 3
99999 2017 6 5 12 45 2
99999 2017 6 5 13 0 3
99999 2017 6 5 14 90 3
99999 2017 6 5 15 90 3
99999 2017 6 5 16 90 3
99999 2017 6 5 17 90 5
99999 2017 6 5 18 90 4
99999 2017 6 5 19 90 4
99999 2017 6 5 20 90 3
99999 2017 6 5 21 0 2
99999 2017 6 5 22 0 2
99999 2017 6 5 23 292 2
99999 2017 6 6 0 292 2
99999 2017 6 6 1 292 2
99999 2017 6 6 2 292 2
99999 2017 6 6 3 270 1
99999 2017 6 6 4 315 2
99999 2017 6 6 5 315 0
99999 2017 6 6 6 315 1
99999 2017 6 6 7 338 1
99999 2017 6 6 8 315 2
99999 2017 6 6 9 315 1
99999 2017 6 6 10 338 2
99999 2017 6 6 11 338 3
99999 2017 6 6 12 338 3
99999 2017 6 6 13 292 3
99999 2017 6 6 14 180 3
99999 2017 6 6 15 180 6
99999 2017 6 6 16 202 8
99999 2017 6 6 17 202 9
99999 2017 6 6 18 202 9
99999 2017 6 6 19 180 6
99999 2017 6 6 20 180 6
99999 2017 6 6 21 180 5
99999 2017 6 6 22 202 3
99999 2017 6 6 23 180 3
99999 2017 6 7 0 202 2
99999 2017 6 7 1 180 3
99999 2017 6 7 2 180 3
99999 2017 6 7 3 180 4
99999 2017 6 7 4 180 3
99999 2017 6 7 5 180 3
99999 2017 6 7 6 202 3
99999 2017 6 7 19 338 3
99999 2017 6 7 20 338 3
99999 2017 6 7 21 338 2
99999 2017 6 7 22 202 1
99999 2017 6 7 23 112 3
99999 2017 6 8 0 90 5
99999 2017 6 8 1 90 3
99999 2017 6 8 2 90 2
99999 2017 6 8 3 0 3
99999 2017 6 8 4 338 3
99999 2017 6 8 5 0 2
99999 2017 6 8 6 0 1
99999 2017 6 8 7 338 1
99999 2017 6 8 8 68 2
99999 2017 6 8 9 338 3
99999 2017 6 8 10 338 3
99999 2017 6 8 11 90 3
99999 2017 6 8 12 90 3
99999 2017 6 8 13 112 3
99999 2017 6 8 14 90 4
99999 2017 6 8 15 112 3
99999 2017 6 8 16 90 3
99999 2017 6 8 17 90 3
99999 2017 6 8 18 22 3
99999 2017 6 8 19 90 3
99999 2017 6 8 20 90 5
99999 2017 6 8 21 90 5
99999 2017 6 8 22 90 3
99999 2017 6 8 23 90 3
99999 2017 6 9 0 90 2
99999 2017 6 9 1 90 1
99999 2017 6 9 2 90 1
99999 2017 6 9 3 90 0
99999 2017 6 9 4 90 1
99999 2017 6 9 5 225 1
99999 2017 6 9 6 202 1
99999 2017 6 9 7 158 0
99999 2017 6 9 8 180 1
99999 2017 6 9 9 90 1
99999 2017 6 9 10 112 2
99999 2017 6 9 11 112 3
99999 2017 6 9 12 90 3
99999 2017 6 9 13 112 3
99999 2017 6 9 14 90 3
99999 2017 6 9 15 112 3
99999 2017 6 9 16 90 2
99999 2017 6 9 17 45 3
99999 2017 6 9 18 22 2
99999 2017 6 9 19 90 2
99999 2017 6 9 20 112 2
99999 2017 6 9 21 90 4
99999 2017 6 9 22 90 2
99999 2017 6 9 23 90 0
99999 2017 6 10 0 202 2
99999 2017 6 10 1 225 2
99999 2017 6 10 2 202 2
99999 2017 6 10 3 180 3
99999 2017 6 10 4 202 3
99999 2017 6 10 5 202 2
99999 2017 6 10 6 225 2
99999 2017 6 10 7 202 0
99999 2017 6 10 8 225 2
99999 2017 6 10 9 180 2
99999 2017 6 10 10 338 2
99999 2017 6 10 11 338 3
99999 2017 6 10 12 112 3
99999 2017 6 10 13 90 2
99999 2017 6 10 14 0 3
99999 2017 6 10 15 90 3
99999 2017 6 10 16 0 3
99999 2017 6 10 17 90 3
99999 2017 6 10 18 90 3
99999 2017 6 10 19 90 3
99999 2017 6 10 20 90 5
99999 2017 6 10 21 90 4
99999 2017 6 10 22 112 4
99999 2017 6 10 23 90 3
99999 2017 6 11 0 112 3
99999 2017 6 11 1 112 1
99999 2017 6 11 2 112 0
99999 2017 6 11 3 90 1
99999 2017 6 11 4 22 1
99999 2017 6 11 5 22 1
99999 2017 6 11 6 135 1
99999 2017 6 11 7 135 0
99999 2017 6 11 8 90 1
99999 2017 6 11 9 90 1
99999 2017 6 11 10 90 3
99999 2017 6 11 11 90 3
99999 2017 6 11 12 90 5
99999 2017 6 11 13 90 5
99999 2017 6 11 14 90 3
99999 2017 6 11 15 112 4
99999 2017 6 11 16 90 4
99999 2017 6 11 17 90 4
99999 2017 6 11 18 90 5
99999 2017 6 11 19 90 6
99999 2017 6 11 20 90 6
99999 2017 6 11 21 90 5
99999 2017 6 11 22 112 4
99999 2017 6 11 23 90 3
99999 2017 6 12 0 90 2
99999 2017 6 12 1 90 1
99999 2017 6 12 2 90 1
99999 2017 6 12 3 112 0
99999 2017 6 12 4 135 0
99999 2017 6 12 5 135 1
99999 2017 6 12 6 112 0
99999 2017 6 12 7 112 1
99999 2017 6 12 8 135 1
99999 2017 6 12 9 338 2
99999 2017 6 12 10 338 2
99999 2017 6 12 11 338 3
99999 2017 6 12 12 0 3
99999 2017 6 12 13 90 2
99999 2017 6 12 14 315 3
99999 2017 6 12 15 0 3
99999 2017 6 12 16 0 3
99999 2017 6 12 17 338 3
99999 2017 6 12 18 90 4
99999 2017 6 12 19 90 4
99999 2017 6 12 20 90 5
99999 2017 6 12 21 90 4
99999 2017 6 12 22 112 3
99999 2017 6 12 23 90 3
99999 2017 6 13 0 90 1
99999 2017 6 13 1 202 1
99999 2017 6 13 2 202 3
99999 2017 6 13 3 202 2
99999 2017 6 13 4 0 2
99999 2017 6 13 5 22 0
99999 2017 6 13 6 22 1
99999 2017 6 13 7 180 1
99999 2017 6 13 8 338 2
99999 2017 6 13 9 338 3
99999 2017 6 13 10 338 3
99999 2017 6 13 11 338 3
99999 2017 6 13 12 338 3
99999 2017 6 13 13 270 3
99999 2017 6 13 14 338 3
99999 2017 6 13 15 0 3
99999 2017 6 13 16 0 3
99999 2017 6 13 17 0 3
99999 2017 6 13 18 90 5
99999 2017 6 13 19 90 5
99999 2017 6 13 20 90 4
99999 2017 6 13 21 90 3
99999 2017 6 13 22 90 2
99999 2017 6 13 23 112 1
99999 2017 6 14 0 202 6
99999 2017 6 14 1 270 3
99999 2017 6 14 2 202 3
99999 2017 6 14 3 202 5
99999 2017 6 14 4 225 4
99999 2017 6 14 5 270 3
99999 2017 6 14 6 180 1
99999 2017 6 14 7 180 3
99999 2017 6 14 8 202 2
99999 2017 6 14 9 270 2
99999 2017 6 14 10 270 3
99999 2017 6 14 11 315 3
99999 2017 6 14 12 338 3
99999 2017 6 14 13 338 3
99999 2017 6 14 14 0 3
99999 2017 6 14 15 0 3
99999 2017 6 14 16 90 2
99999 2017 6 14 17 112 3
99999 2017 6 14 18 90 5
99999 2017 6 14 19 90 3
99999 2017 6 14 20 90 5
99999 2017 6 14 21 90 5
99999 2017 6 14 22 90 3
99999 2017 6 14 23 338 3
99999 2017 6 15 19 22 1
99999 2017 6 15 20 90 3
99999 2017 6 15 21 90 4
99999 2017 6 15 22 90 3
99999 2017 6 15 23 90 3
99999 2017 6 16 0 90 2
99999 2017 6 16 1 135 0
99999 2017 6 16 2 180 1
99999 2017 6 16 3 180 0
99999 2017 6 16 4 180 2
99999 2017 6 16 5 180 2
99999 2017 6 16 6 202 2
99999 2017 6 16 7 202 3
99999 2017 6 16 8 202 1
99999 2017 6 16 21 338 1
99999 2017 6 16 22 90 3
99999 2017 6 16 23 90 3
99999 2017 6 17 0 90 3
99999 2017 6 17 14 112 3
99999 2017 6 17 15 112 3
99999 2017 6 17 16 90 3
99999 2017 6 17 17 90 4
99999 2017 6 17 18 90 5
99999 2017 6 17 19 90 5
99999 2017 6 17 20 90 6
99999 2017 6 17 21 90 6
99999 2017 6 17 22 90 6
99999 2017 6 17 23 90 4
99999 2017 6 18 23 158 1
99999 2017 6 19 0 135 1
99999 2017 6 19 1 135 1
99999 2017 6 19 2 135 1
99999 2017 6 19 3 202 2
99999 2017 6 19 4 202 3
99999 2017 6 19 5 180 2
99999 2017 6 19 6 180 2
99999 2017 6 19 7 180 2
99999 2017 6 19 8 180 3
99999 2017 6 19 9 135 1
99999 2017 6 19 10 90 3
99999 2017 6 19 11 90 4
99999 2017 6 19 12 90 4
99999 2017 6 19 13 90 4
99999 2017 6 19 14 90 3
99999 2017 6 19 15 112 4
99999 2017 6 19 16 90 4
99999 2017 6 19 17 90 3
99999 2017 6 19 18 90 5
99999 2017 6 19 19 90 5
99999 2017 6 19 20 90 4
99999 2017 6 19 21 112 5
99999 2017 6 19 22 90 3
99999 2017 6 19 23 90 3
99999 2017 6 20 0 90 1
99999 2017 6 20 1 90 0
99999 2017 6 20 14 45 3
99999 2017 6 20 15 338 3
99999 2017 6 20 16 338 3
99999 2017 6 20 17 22 3
99999 2017 6 20 18 90 3
99999 2017 6 20 19 90 5
99999 2017 6 20 20 90 5
99999 2017 6 20 21 112 4
99999 2017 6 20 22 90 1
99999 2017 6 20 23 90 2
99999 2017 6 21 0 180 2
99999 2017 6 21 1 202 3
99999 2017 6 21 2 158 3
99999 2017 6 21 3 270 2
99999 2017 6 21 4 248 2
99999 2017 6 21 5 225 2
99999 2017 6 21 6 202 1
99999 2017 6 21 7 202 1
99999 2017 6 21 8 248 3
99999 2017 6 21 9 270 3
99999 2017 6 21 10 270 3
99999 2017 6 21 11 338 4
99999 2017 6 21 12 338 3
99999 2017 6 21 13 315 3
99999 2017 6 21 14 0 3
99999 2017 6 21 15 0 2
99999 2017 6 21 16 112 3
99999 2017 6 21 17 90 2
99999 2017 6 21 18 135 4
99999 2017 6 21 19 180 4
99999 2017 6 21 20 180 4
99999 2017 6 21 21 202 4
99999 2017 6 21 22 180 3
99999 2017 6 21 23 180 4
