99999 2016 3 21 0 202 3
99999 2016 3 21 1 202 3
99999 2016 3 21 2 202 3
99999 2016 3 21 3 225 1
99999 2016 3 21 4 225 1
99999 2016 3 21 17 90 2
99999 2016 3 21 18 90 3
99999 2016 3 21 19 90 3
99999 2016 3 21 20 90 1
99999 2016 3 21 21 90 1
99999 2016 3 21 22 90 2
99999 2016 3 21 23 90 3
99999 2016 3 22 14 292 0
99999 2016 3 22 15 112 3
99999 2016 3 22 16 90 3
99999 2016 3 22 17 90 4
99999 2016 3 22 18 112 4
99999 2016 3 22 19 90 3
99999 2016 3 22 20 90 3
99999 2016 3 22 21 90 1
99999 2016 3 22 22 90 2
99999 2016 3 22 23 90 3
99999 2016 3 23 0 45 2
99999 2016 3 23 1 0 2
99999 2016 3 23 2 338 2
99999 2016 3 23 3 338 2
99999 2016 3 23 4 338 2
99999 2016 3 23 5 0 2
99999 2016 3 23 6 0 3
99999 2016 3 23 7 22 3
99999 2016 3 23 8 338 3
99999 2016 3 23 9 22 4
99999 2016 3 23 10 22 6
99999 2016 3 23 11 22 5
99999 2016 3 23 12 22 6
99999 2016 3 23 13 22 7
99999 2016 3 23 14 90 9
99999 2016 3 23 15 90 7
99999 2016 3 23 16 90 7
99999 2016 3 23 17 90 8
99999 2016 3 23 18 90 5
99999 2016 3 23 19 90 3
99999 2016 3 23 20 90 0
99999 2016 3 23 21 180 1
99999 2016 3 23 22 292 1
99999 2016 3 23 23 315 2
99999 2016 3 24 0 292 2
99999 2016 3 24 1 292 2
99999 2016 3 24 2 292 2
99999 2016 3 24 3 315 1
99999 2016 3 24 4 292 2
99999 2016 3 24 5 270 3
99999 2016 3 24 6 270 3
99999 2016 3 24 7 270 3
99999 2016 3 24 8 270 3
99999 2016 3 24 9 270 3
99999 2016 3 24 10 292 3
99999 2016 3 24 11 315 3
99999 2016 3 24 12 135 3
99999 2016 3 24 13 90 3
99999 2016 3 24 14 90 4
99999 2016 3 24 15 90 3
99999 2016 3 24 16 90 5
99999 2016 3 24 17 90 6
99999 2016 3 24 18 90 7
99999 2016 3 24 19 90 4
99999 2016 3 24 20 90 3
99999 2016 3 24 21 90 3
99999 2016 3 24 22 112 2
99999 2016 3 24 23 112 2
99999 2016 3 25 0 90 2
99999 2016 3 25 1 112 1
99999 2016 3 25 14 338 3
99999 2016 3 25 15 338 3
99999 2016 3 25 16 338 4
99999 2016 3 25 17 338 3
99999 2016 3 25 18 338 2
99999 2016 3 25 19 338 0
99999 2016 3 25 20 90 1
99999 2016 3 25 21 90 0
99999 2016 3 25 22 90 1
99999 2016 3 25 23 90 0
99999 2016 3 26 0 202 3
99999 2016 3 26 1 202 1
99999 2016 3 26 2 202 2
99999 2016 3 26 3 202 0
99999 2016 3 26 4 202 1
99999 2016 3 26 5 248 0
99999 2016 3 26 20 112 4
99999 2016 3 26 21 90 3
99999 2016 3 26 22 90 1
99999 2016 3 26 23 90 0
99999 2016 3 27 0 90 0
99999 2016 3 27 1 90 0
99999 2016 3 27 3 90 0
99999 2016 3 27 4 90 1
99999 2016 3 27 5 180 1
99999 2016 3 27 6 180 1
99999 2016 3 27 7 180 0
99999 2016 3 27 8 338 0
99999 2016 3 27 9 338 2
99999 2016 3 27 10 90 2
99999 2016 3 27 11 0 1
99999 2016 3 27 12 338 3
99999 2016 3 27 13 338 3
99999 2016 3 27 14 338 2
99999 2016 3 27 15 338 3
99999 2016 3 27 16 0 2
99999 2016 3 27 17 22 2
99999 2016 3 27 18 0 3
99999 2016 3 27 19 90 3
99999 2016 3 27 20 90 2
99999 2016 3 27 21 22 2
99999 2016 3 27 22 90 2
99999 2016 3 27 23 90 1
99999 2016 3 29 0 202 3
99999 2016 3 29 1 202 3
99999 2016 3 29 2 202 1
99999 2016 3 29 3 180 2
99999 2016 3 29 4 158 1
99999 2016 3 29 5 202 3
99999 2016 3 29 6 202 3
99999 2016 3 29 7 225 0
99999 2016 3 29 8 225 1
99999 2016 3 29 9 90 1
99999 2016 3 29 10 202 3
99999 2016 3 29 11 338 3
99999 2016 3 29 12 338 3
99999 2016 3 29 13 0 2
99999 2016 3 29 14 0 3
99999 2016 3 29 15 338 3
99999 2016 3 29 16 338 3
99999 2016 3 29 17 338 2
99999 2016 3 29 18 338 3
99999 2016 3 29 19 338 2
99999 2016 3 29 20 180 3
99999 2016 3 29 21 202 4
99999 2016 3 29 22 180 4
99999 2016 3 29 23 202 3
99999 2016 3 30 0 180 3
99999 2016 3 30 1 202 4
99999 2016 3 30 2 180 3
99999 2016 3 30 3 202 4
99999 2016 3 30 4 225 3
99999 2016 3 30 5 270 1
99999 2016 3 30 6 248 1
99999 2016 3 30 7 248 1
99999 2016 3 30 8 248 1
99999 2016 3 30 9 22 1
99999 2016 3 30 10 202 4
99999 2016 3 30 11 202 3
99999 2016 3 30 12 202 3
99999 2016 3 30 13 180 3
99999 2016 3 30 14 180 3
99999 2016 3 30 15 180 4
99999 2016 3 30 16 158 4
99999 2016 3 30 17 180 4
99999 2016 3 30 18 158 3
99999 2016 3 30 19 202 4
99999 2016 3 30 20 202 1
99999 2016 3 30 21 202 0
99999 2016 3 30 22 180 2
99999 2016 3 30 23 180 1
99999 2016 3 31 0 180 1
99999 2016 3 31 1 225 1
99999 2016 3 31 2 202 1
99999 2016 3 31 3 202 1
99999 2016 3 31 4 158 1
99999 2016 3 31 5 225 3
99999 2016 3 31 6 248 0
99999 2016 3 31 7 248 2
99999 2016 3 31 8 292 2
99999 2016 3 31 9 315 3
99999 2016 3 31 10 292 3
99999 2016 3 31 11 338 3
99999 2016 3 31 12 338 3
99999 2016 3 31 13 338 2
99999 2016 3 31 14 0 2
99999 2016 3 31 15 112 2
99999 2016 3 31 16 90 3
99999 2016 3 31 17 112 4
99999 2016 3 31 18 90 7
99999 2016 3 31 19 90 4
99999 2016 3 31 20 90 4
99999 2016 3 31 21 22 2
99999 2016 3 31 22 90 3
99999 2016 3 31 23 90 3
99999 2016 4 1 0 90 1
99999 2016 4 1 1 45 1
99999 2016 4 1 2 22 1
99999 2016 4 1 3 22 1
99999 2016 4 1 4 90 2
99999 2016 4 1 5 90 3
99999 2016 4 1 6 90 2
99999 2016 4 1 7 90 1
99999 2016 4 1 8 292 2
99999 2016 4 1 9 292 3
99999 2016 4 1 10 292 3
99999 2016 4 1 11 270 3
99999 2016 4 2 0 338 0
99999 2016 4 2 22 90 1
99999 2016 4 2 23 90 0
99999 2016 4 3 14 0 2
99999 2016 4 3 15 0 2
99999 2016 4 3 16 112 2
99999 2016 4 3 17 90 3
99999 2016 4 3 18 90 3
99999 2016 4 3 19 90 3
99999 2016 4 3 20 90 4
99999 2016 4 3 21 90 3
99999 2016 4 3 22 90 3
99999 2016 4 3 23 90 3
99999 2016 4 4 0 90 3
99999 2016 4 4 1 90 2
99999 2016 4 4 14 90 3
99999 2016 4 4 15 90 3
99999 2016 4 4 16 90 5
99999 2016 4 4 17 90 5
99999 2016 4 4 18 90 4
99999 2016 4 4 19 90 4
99999 2016 4 4 20 90 3
99999 2016 4 4 21 90 4
99999 2016 4 4 22 90 3
99999 2016 4 4 23 90 4
99999 2016 4 5 21 292 2
99999 2016 4 5 22 292 3
99999 2016 4 5 23 270 3
99999 2016 4 6 18 22 3
99999 2016 4 6 19 90 4
99999 2016 4 6 20 90 3
99999 2016 4 6 21 90 3
99999 2016 4 6 22 90 2
99999 2016 4 6 23 90 1
99999 2016 4 7 0 90 0
99999 2016 4 7 1 90 0
99999 2016 4 7 17 112 3
99999 2016 4 7 18 90 3
99999 2016 4 7 19 90 3
99999 2016 4 7 20 90 3
99999 2016 4 7 21 90 2
99999 2016 4 7 22 90 2
99999 2016 4 7 23 90 2
99999 2016 4 8 0 90 2
99999 2016 4 8 17 315 0
99999 2016 4 8 18 90 2
99999 2016 4 8 19 90 2
99999 2016 4 8 20 90 2
99999 2016 4 8 21 90 3
99999 2016 4 8 22 90 2
99999 2016 4 8 23 90 1
99999 2016 4 9 0 90 0
99999 2016 4 9 1 90 0
99999 2016 4 9 2 90 1
99999 2016 4 9 3 248 2
99999 2016 4 9 4 248 2
99999 2016 4 9 5 270 1
99999 2016 4 9 6 248 3
99999 2016 4 9 7 270 3
99999 2016 4 9 8 270 3
99999 2016 4 9 9 292 3
99999 2016 4 9 10 270 3
99999 2016 4 9 11 292 3
99999 2016 4 9 12 315 3
99999 2016 4 9 13 338 3
99999 2016 4 9 14 338 3
99999 2016 4 9 15 338 2
99999 2016 4 9 16 22 2
99999 2016 4 9 17 90 2
99999 2016 4 9 18 0 2
99999 2016 4 9 19 45 0
99999 2016 4 9 20 315 0
99999 2016 4 9 21 315 2
99999 2016 4 9 22 202 1
99999 2016 4 9 23 180 0
99999 2016 4 10 0 180 0
99999 2016 4 10 1 180 1
99999 2016 4 10 2 202 2
99999 2016 4 10 3 202 3
99999 2016 4 10 4 202 3
99999 2016 4 10 5 202 1
99999 2016 4 10 6 202 0
99999 2016 4 10 7 202 0
99999 2016 4 10 8 202 0
99999 2016 4 10 9 225 1
99999 2016 4 10 10 292 1
99999 2016 4 10 11 338 3
99999 2016 4 10 12 315 3
99999 2016 4 10 13 338 3
99999 2016 4 10 14 270 3
99999 2016 4 10 15 338 3
99999 2016 4 10 16 338 3
99999 2016 4 10 17 22 3
99999 2016 4 10 18 90 2
99999 2016 4 10 19 90 2
99999 2016 4 10 20 90 2
99999 2016 4 10 21 90 1
99999 2016 4 10 22 90 1
99999 2016 4 10 23 158 2
99999 2016 4 11 0 202 5
99999 2016 4 11 1 202 4
99999 2016 4 11 2 202 3
99999 2016 4 11 3 292 1
99999 2016 4 11 4 292 1
99999 2016 4 11 5 292 1
99999 2016 4 11 6 202 3
99999 2016 4 11 7 202 3
99999 2016 4 11 8 202 3
99999 2016 4 11 9 202 2
99999 2016 4 11 10 225 3
99999 2016 4 11 11 292 2
99999 2016 4 11 12 338 1
99999 2016 4 11 13 338 3
99999 2016 4 11 14 22 3
99999 2016 4 11 15 22 3
99999 2016 4 11 16 22 3
99999 2016 4 11 17 22 2
99999 2016 4 11 18 135 5
99999 2016 4 11 19 180 3
99999 2016 4 11 20 202 3
99999 2016 4 11 21 180 5
99999 2016 4 11 22 180 6
99999 2016 4 11 23 180 7
99999 2016 4 12 0 180 8
99999 2016 4 12 1 180 7
99999 2016 4 12 2 180 7
99999 2016 4 12 3 180 6
99999 2016 4 12 4 202 5
99999 2016 4 12 5 180 4
99999 2016 4 12 6 202 5
99999 2016 4 12 7 202 4
99999 2016 4 12 20 22 2
99999 2016 4 12 21 90 0
99999 2016 4 12 22 90 1
99999 2016 4 12 23 90 1
99999 2016 4 13 0 180 3
99999 2016 4 13 1 180 3
99999 2016 4 13 2 292 2
99999 2016 4 13 3 315 0
99999 2016 4 13 4 315 0
99999 2016 4 13 5 315 1
99999 2016 4 13 6 315 0
99999 2016 4 13 7 315 0
99999 2016 4 13 8 315 1
99999 2016 4 13 9 315 1
99999 2016 4 13 10 338 3
99999 2016 4 13 11 338 3
99999 2016 4 13 12 90 3
99999 2016 4 13 13 90 3
99999 2016 4 13 14 90 3
99999 2016 4 13 15 0 4
99999 2016 4 13 16 0 3
99999 2016 4 13 17 338 2
99999 2016 4 13 18 0 2
99999 2016 4 13 19 90 3
99999 2016 4 13 20 112 4
99999 2016 4 13 21 135 1
99999 2016 4 13 22 202 5
99999 2016 4 13 23 202 5
99999 2016 4 14 0 202 4
99999 2016 4 14 1 248 1
99999 2016 4 14 2 248 1
99999 2016 4 14 3 270 3
99999 2016 4 14 4 248 3
99999 2016 4 14 5 248 2
99999 2016 4 14 6 292 1
99999 2016 4 14 7 292 2
99999 2016 4 14 8 292 2
99999 2016 4 14 9 270 3
99999 2016 4 14 10 270 4
99999 2016 4 14 11 270 3
99999 2016 4 14 12 338 3
99999 2016 4 14 13 338 3
99999 2016 4 14 14 338 3
99999 2016 4 14 15 270 2
99999 2016 4 14 16 90 2
99999 2016 4 14 17 90 6
99999 2016 4 14 18 90 6
99999 2016 4 14 19 90 4
99999 2016 4 14 20 135 3
99999 2016 4 14 21 180 5
99999 2016 4 14 22 180 6
99999 2016 4 14 23 202 8
99999 2016 4 15 0 202 6
99999 2016 4 15 1 202 7
99999 2016 4 15 2 202 4
99999 2016 4 15 3 22 3
99999 2016 4 15 4 180 3
99999 2016 4 15 5 180 3
99999 2016 4 15 6 180 1
99999 2016 4 15 19 45 1
99999 2016 4 15 20 180 3
99999 2016 4 15 21 202 4
99999 2016 4 15 22 180 3
99999 2016 4 15 23 202 4
99999 2016 4 16 0 180 3
99999 2016 4 16 1 180 4
99999 2016 4 16 2 180 5
99999 2016 4 16 3 180 3
99999 2016 4 16 4 202 0
99999 2016 4 16 5 180 0
99999 2016 4 16 6 180 2
99999 2016 4 16 7 135 1
99999 2016 4 16 8 202 3
99999 2016 4 16 9 135 3
99999 2016 4 16 10 202 5
99999 2016 4 16 11 180 6
99999 2016 4 16 12 202 8
99999 2016 4 16 13 135 8
99999 2016 4 16 14 158 9
99999 2016 4 16 15 180 6
99999 2016 4 16 16 202 6
99999 2016 4 16 17 225 4
99999 2016 4 16 18 180 3
99999 2016 4 16 19 135 4
99999 2016 4 16 20 180 4
99999 2016 4 16 21 180 5
99999 2016 4 16 22 180 6
99999 2016 4 16 23 135 3
99999 2016 4 18 0 180 4
99999 2016 4 18 1 112 3
99999 2016 4 18 2 158 4
99999 2016 4 18 3 180 4
99999 2016 4 18 4 180 3
99999 2016 4 18 5 135 3
99999 2016 4 18 6 135 3
99999 2016 4 18 7 180 3
99999 2016 4 18 8 248 3
99999 2016 4 18 9 180 3
99999 2016 4 18 10 180 2
99999 2016 4 18 11 112 2
99999 2016 4 18 12 158 4
99999 2016 4 18 13 158 5
99999 2016 4 18 14 158 5
99999 2016 4 18 15 180 7
99999 2016 4 18 16 202 6
99999 2016 4 18 17 180 6
99999 2016 4 18 18 180 7
99999 2016 4 18 19 158 5
99999 2016 4 18 20 202 7
99999 2016 4 18 21 112 3
99999 2016 4 18 22 112 2
99999 2016 4 18 23 135 2
99999 2016 4 19 0 135 2
99999 2016 4 19 1 338 3
99999 2016 4 19 2 292 2
99999 2016 4 19 3 270 1
99999 2016 4 19 4 202 3
99999 2016 4 19 5 180 2
99999 2016 4 19 6 202 3
99999 2016 4 19 7 270 5
99999 2016 4 19 8 270 5
99999 2016 4 19 9 270 6
99999 2016 4 19 10 292 5
99999 2016 4 19 11 315 4
99999 2016 4 19 12 338 4
99999 2016 4 19 13 338 4
99999 2016 4 19 14 270 3
99999 2016 4 19 15 338 4
99999 2016 4 19 16 90 3
99999 2016 4 19 17 22 3
99999 2016 4 19 18 90 3
99999 2016 4 19 19 90 3
99999 2016 4 19 20 90 3
99999 2016 4 19 21 112 3
99999 2016 4 19 22 112 2
99999 2016 4 19 23 135 1
99999 2016 4 20 0 180 0
99999 2016 4 20 1 180 0
99999 2016 4 20 2 180 0
99999 2016 4 20 3 180 0
99999 2016 4 20 4 180 0
99999 2016 4 20 5 180 0
99999 2016 4 20 6 180 0
99999 2016 4 20 7 0 0
99999 2016 4 20 8 90 1
99999 2016 4 20 9 90 3
99999 2016 4 20 10 90 6
99999 2016 4 20 11 90 8
99999 2016 4 20 12 90 6
99999 2016 4 20 13 90 7
99999 2016 4 20 14 90 4
99999 2016 4 20 15 90 5
99999 2016 4 20 16 112 6
99999 2016 4 20 17 90 7
99999 2016 4 20 18 90 7
99999 2016 4 20 19 90 6
99999 2016 4 20 20 112 3
99999 2016 4 20 21 112 1
99999 2016 4 20 22 112 3
99999 2016 4 20 23 90 3
99999 2016 4 21 21 112 3
99999 2016 4 21 22 112 2
99999 2016 4 21 23 112 0
99999 2016 4 22 0 112 0
99999 2016 4 22 1 112 0
99999 2016 4 22 2 180 1
99999 2016 4 22 3 225 1
99999 2016 4 22 4 0 1
99999 2016 4 22 5 0 0
99999 2016 4 22 6 112 0
99999 2016 4 22 7 202 2
99999 2016 4 22 8 202 3
99999 2016 4 22 9 180 1
99999 2016 4 22 10 90 2
99999 2016 4 22 11 90 1
99999 2016 4 22 12 135 2
99999 2016 4 22 13 225 3
99999 2016 4 22 14 0 2
99999 2016 4 22 15 270 2
99999 2016 4 22 16 180 2
99999 2016 4 22 17 135 4
99999 2016 4 22 18 112 3
99999 2016 4 22 19 112 3
99999 2016 4 22 20 158 2
99999 2016 4 22 21 202 1
99999 2016 4 22 22 202 3
99999 2016 4 22 23 202 5
99999 2016 4 23 0 202 3
99999 2016 4 23 1 225 2
99999 2016 4 23 2 202 3
99999 2016 4 23 3 202 3
99999 2016 4 23 4 270 2
99999 2016 4 23 5 270 1
99999 2016 4 23 6 270 1
99999 2016 4 23 7 68 0
99999 2016 4 23 8 112 0
99999 2016 4 23 9 180 2
99999 2016 4 23 10 202 3
99999 2016 4 23 11 338 2
99999 2016 4 23 12 338 3
99999 2016 4 23 13 0 2
99999 2016 4 23 14 180 3
99999 2016 4 23 15 180 3
99999 2016 4 23 16 270 4
99999 2016 4 23 17 0 3
99999 2016 4 23 18 90 3
99999 2016 4 23 19 90 3
99999 2016 4 23 20 90 3
99999 2016 4 23 21 90 1
99999 2016 4 23 22 202 0
99999 2016 4 23 23 270 2
99999 2016 4 24 0 225 0
99999 2016 4 24 1 338 2
99999 2016 4 24 2 315 1
99999 2016 4 24 3 292 1
99999 2016 4 24 4 270 1
99999 2016 4 24 5 292 2
99999 2016 4 24 6 270 3
99999 2016 4 24 7 270 2
99999 2016 4 24 8 0 3
99999 2016 4 24 9 0 3
99999 2016 4 24 10 0 3
99999 2016 4 24 11 0 3
99999 2016 4 24 12 0 5
99999 2016 4 24 13 0 5
99999 2016 4 24 14 0 3
99999 2016 4 24 15 0 3
99999 2016 4 24 16 90 3
99999 2016 4 24 17 90 4
99999 2016 4 24 18 90 4
99999 2016 4 24 19 90 3
99999 2016 4 24 20 90 4
99999 2016 4 24 21 90 2
99999 2016 4 24 22 90 2
99999 2016 4 24 23 22 3
99999 2016 4 25 0 22 2
99999 2016 4 25 1 338 3
99999 2016 4 25 2 338 3
99999 2016 4 25 3 270 2
99999 2016 4 25 4 270 2
99999 2016 4 25 5 202 2
99999 2016 4 25 6 158 2
99999 2016 4 25 7 0 3
99999 2016 4 25 8 292 3
99999 2016 4 25 9 315 3
99999 2016 4 25 10 315 3
99999 2016 4 25 11 270 4
99999 2016 4 25 12 270 3
99999 2016 4 25 13 270 5
99999 2016 4 25 14 270 3
99999 2016 4 25 15 338 3
99999 2016 4 25 16 338 4
99999 2016 4 25 17 315 3
99999 2016 4 25 18 315 3
99999 2016 4 25 19 270 2
99999 2016 4 25 20 292 1
99999 2016 4 25 21 90 3
99999 2016 4 25 22 158 1
99999 2016 4 25 23 112 2
99999 2016 4 26 0 202 3
99999 2016 4 26 1 180 3
99999 2016 4 26 2 180 3
99999 2016 4 26 3 338 4
99999 2016 4 26 4 248 2
99999 2016 4 26 5 292 1
99999 2016 4 26 6 315 0
99999 2016 4 26 7 202 0
99999 2016 4 26 8 180 1
99999 2016 4 26 9 90 3
99999 2016 4 26 10 202 2
99999 2016 4 26 11 180 5
99999 2016 4 26 12 158 6
99999 2016 4 26 13 202 6
99999 2016 4 26 14 202 7
99999 2016 4 26 15 202 6
99999 2016 4 26 16 202 7
99999 2016 4 26 17 202 8
99999 2016 4 26 18 202 8
99999 2016 4 26 19 202 6
99999 2016 4 26 20 225 5
99999 2016 4 26 21 202 4
99999 2016 4 26 22 225 4
99999 2016 4 26 23 202 3
99999 2016 4 27 0 248 3
99999 2016 4 27 1 225 4
99999 2016 4 28 14 0 3
99999 2016 4 28 15 22 3
99999 2016 4 28 16 90 3
99999 2016 4 28 17 90 3
99999 2016 4 28 18 90 4
99999 2016 4 28 19 90 3
99999 2016 4 28 20 90 3
99999 2016 4 28 21 90 2
99999 2016 4 28 22 90 1
99999 2016 4 28 23 90 2
99999 2016 4 29 0 90 1
99999 2016 4 29 1 45 1
99999 2016 4 29 19 90 3
99999 2016 4 29 20 90 4
99999 2016 4 29 21 112 3
99999 2016 4 29 22 135 3
99999 2016 4 29 23 158 1
99999 2016 4 30 0 90 1
99999 2016 4 30 1 112 1
99999 2016 4 30 2 112 1
99999 2016 4 30 3 112 0
99999 2016 4 30 4 112 0
99999 2016 4 30 5 90 1
99999 2016 4 30 6 90 0
99999 2016 4 30 7 90 1
99999 2016 4 30 8 248 0
99999 2016 4 30 9 338 1
99999 2016 4 30 10 90 2
99999 2016 4 30 11 90 3
99999 2016 4 30 12 90 5
99999 2016 4 30 13 90 6
99999 2016 4 30 14 90 7
99999 2016 4 30 15 90 8
99999 2016 4 30 16 90 8
99999 2016 4 30 17 90 9
99999 2016 4 30 18 90 7
99999 2016 4 30 19 112 5
99999 2016 4 30 20 90 4
99999 2016 4 30 21 90 3
99999 2016 4 30 22 90 3
99999 2016 4 30 23 112 1
99999 2016 5 1 0 158 1
99999 2016 5 1 1 112 2
99999 2016 5 1 2 90 3
99999 2016 5 1 3 90 3
99999 2016 5 1 4 90 3
99999 2016 5 1 5 90 1
99999 2016 5 1 6 270 1
99999 2016 5 1 7 270 2
99999 2016 5 1 8 270 3
99999 2016 5 1 9 270 3
99999 2016 5 1 10 338 4
99999 2016 5 1 11 338 4
99999 2016 5 1 12 0 5
99999 2016 5 1 13 0 5
99999 2016 5 1 14 0 4
99999 2016 5 1 15 0 4
99999 2016 5 1 16 22 3
99999 2016 5 1 17 0 3
99999 2016 5 1 18 90 3
99999 2016 5 1 19 0 3
99999 2016 5 1 20 338 3
99999 2016 5 1 21 338 3
99999 2016 5 1 22 315 2
99999 2016 5 1 23 270 3
99999 2016 5 2 0 315 3
99999 2016 5 2 1 292 4
99999 2016 5 2 2 270 3
99999 2016 5 2 18 270 3
99999 2016 5 2 19 270 3
99999 2016 5 2 20 270 3
99999 2016 5 2 21 270 2
99999 2016 5 2 22 292 3
99999 2016 5 2 23 270 3
99999 2016 5 3 0 292 2
99999 2016 5 3 1 270 3
99999 2016 5 3 2 270 2
99999 2016 5 3 3 270 1
99999 2016 5 3 4 270 0
99999 2016 5 3 5 270 2
99999 2016 5 3 6 270 2
99999 2016 5 3 7 270 2
99999 2016 5 3 20 248 3
99999 2016 5 3 21 180 5
99999 2016 5 3 22 0 4
99999 2016 5 3 23 112 3
99999 2016 5 4 0 135 5
99999 2016 5 4 1 202 5
99999 2016 5 4 2 202 5
99999 2016 5 4 3 180 2
99999 2016 5 4 4 112 2
99999 2016 5 4 5 135 3
99999 2016 5 4 6 292 2
99999 2016 5 4 7 270 2
99999 2016 5 4 8 248 3
99999 2016 5 4 9 270 5
99999 2016 5 4 10 270 6
99999 2016 5 4 11 270 5
99999 2016 5 4 12 338 3
99999 2016 5 4 13 338 3
99999 2016 5 4 14 0 3
99999 2016 5 4 15 0 3
99999 2016 5 4 16 0 3
99999 2016 5 4 17 90 3
99999 2016 5 4 18 22 2
99999 2016 5 4 19 90 3
99999 2016 5 4 20 90 2
99999 2016 5 4 21 112 1
99999 2016 5 4 22 112 2
99999 2016 5 4 23 90 2
99999 2016 5 5 0 90 3
99999 2016 5 5 1 112 2
99999 2016 5 5 2 112 4
99999 2016 5 5 3 112 3
99999 2016 5 5 4 90 1
99999 2016 5 5 5 112 2
99999 2016 5 5 6 112 2
99999 2016 5 5 7 112 2
99999 2016 5 5 8 135 2
99999 2016 5 5 9 90 3
99999 2016 5 5 10 90 2
99999 2016 5 5 11 90 2
99999 2016 5 5 12 90 4
99999 2016 5 5 13 90 3
99999 2016 5 5 14 0 3
99999 2016 5 5 15 112 3
99999 2016 5 5 16 0 3
99999 2016 5 5 17 90 3
99999 2016 5 5 18 22 2
99999 2016 5 5 19 90 3
99999 2016 5 5 20 112 2
99999 2016 5 5 21 112 1
99999 2016 5 5 22 158 0
99999 2016 5 5 23 158 1
99999 2016 5 6 0 202 2
99999 2016 5 6 1 202 2
99999 2016 5 6 2 202 0
99999 2016 5 6 3 202 1
99999 2016 5 6 4 225 1
99999 2016 5 6 5 292 2
99999 2016 5 6 6 248 0
99999 2016 5 6 20 90 2
99999 2016 5 6 21 112 4
99999 2016 5 6 22 135 3
99999 2016 5 6 23 112 1
99999 2016 5 7 0 112 0
99999 2016 5 7 1 135 1
99999 2016 5 7 2 225 1
99999 2016 5 7 3 202 1
99999 2016 5 7 4 202 0
99999 2016 5 7 5 202 0
99999 2016 5 7 6 202 0
99999 2016 5 7 7 202 0
99999 2016 5 7 8 202 0
99999 2016 5 7 9 202 1
99999 2016 5 7 10 338 1
99999 2016 5 7 11 68 2
99999 2016 5 7 12 90 3
99999 2016 5 7 13 90 3
99999 2016 5 7 14 90 3
99999 2016 5 7 15 90 5
99999 2016 5 7 16 90 3
99999 2016 5 7 17 90 5
99999 2016 5 7 18 202 5
99999 2016 5 7 19 180 2
99999 2016 5 7 20 180 2
99999 2016 5 7 21 202 1
99999 2016 5 7 22 202 1
99999 2016 5 7 23 135 1
99999 2016 5 8 0 180 0
99999 2016 5 8 1 112 1
99999 2016 5 8 2 112 1
99999 2016 5 8 3 180 0
99999 2016 5 8 4 45 1
99999 2016 5 8 5 45 0
99999 2016 5 8 6 45 1
99999 2016 5 8 7 45 1
99999 2016 5 8 8 45 1
99999 2016 5 8 9 0 1
99999 2016 5 8 10 90 2
99999 2016 5 8 11 90 3
99999 2016 5 8 12 90 4
99999 2016 5 8 13 90 6
99999 2016 5 8 14 90 6
99999 2016 5 8 15 90 6
99999 2016 5 8 16 90 6
99999 2016 5 8 17 90 4
99999 2016 5 8 18 135 3
99999 2016 5 8 19 112 3
99999 2016 5 8 20 112 3
99999 2016 5 8 21 90 3
99999 2016 5 8 22 90 1
99999 2016 5 8 23 112 1
99999 2016 5 9 0 112 2
99999 2016 5 9 1 90 0
99999 2016 5 9 2 180 2
99999 2016 5 9 3 225 0
99999 2016 5 9 4 270 1
99999 2016 5 9 5 270 2
99999 2016 5 9 6 248 2
99999 2016 5 9 7 292 3
99999 2016 5 9 8 292 3
99999 2016 5 9 9 270 4
99999 2016 5 9 10 270 4
99999 2016 5 9 11 248 3
99999 2016 5 9 12 338 3
99999 2016 5 9 13 90 2
99999 2016 5 9 14 338 3
99999 2016 5 9 15 0 3
99999 2016 5 9 16 0 3
99999 2016 5 9 17 0 2
99999 2016 5 9 18 90 3
99999 2016 5 9 19 90 2
99999 2016 5 9 20 90 2
99999 2016 5 9 21 90 3
99999 2016 5 9 22 90 2
99999 2016 5 9 23 90 1
99999 2016 5 10 0 90 1
99999 2016 5 10 1 90 0
99999 2016 5 10 2 90 0
99999 2016 5 10 3 90 0
99999 2016 5 10 4 158 0
99999 2016 5 10 5 315 1
99999 2016 5 10 6 248 2
99999 2016 5 10 7 248 0
99999 2016 5 10 8 90 1
99999 2016 5 10 9 90 3
99999 2016 5 10 10 90 3
99999 2016 5 10 11 90 3
99999 2016 5 10 12 90 3
99999 2016 5 10 13 0 3
99999 2016 5 10 14 0 3
99999 2016 5 10 15 338 3
99999 2016 5 10 16 0 3
99999 2016 5 10 17 22 2
99999 2016 5 10 18 0 3
99999 2016 5 10 19 0 2
99999 2016 5 10 20 90 3
99999 2016 5 10 21 90 2
99999 2016 5 10 22 90 2
99999 2016 5 10 23 112 2
99999 2016 5 11 0 90 1
99999 2016 5 11 1 45 1
99999 2016 5 11 2 0 1
99999 2016 5 11 3 338 1
99999 2016 5 11 4 22 1
99999 2016 5 11 5 112 0
99999 2016 5 11 6 22 1
99999 2016 5 11 7 68 1
99999 2016 5 11 8 90 1
99999 2016 5 11 9 112 3
99999 2016 5 11 10 90 2
99999 2016 5 11 11 180 2
99999 2016 5 11 12 112 1
99999 2016 5 11 13 90 2
99999 2016 5 11 14 90 3
99999 2016 5 11 15 90 4
99999 2016 5 11 16 90 4
99999 2016 5 11 17 90 3
99999 2016 5 11 18 90 4
99999 2016 5 11 19 90 3
99999 2016 5 11 20 90 3
99999 2016 5 11 21 90 3
99999 2016 5 11 22 90 1
99999 2016 5 11 23 22 1
99999 2016 5 12 0 0 1
99999 2016 5 12 1 315 1
99999 2016 5 12 2 0 1
99999 2016 5 12 3 22 1
99999 2016 5 12 4 292 3
99999 2016 5 12 5 270 3
99999 2016 5 12 6 292 3
99999 2016 5 12 7 0 3
99999 2016 5 12 8 248 1
99999 2016 5 12 9 292 1
99999 2016 5 12 10 270 2
99999 2016 5 12 11 225 3
99999 2016 5 12 12 180 4
99999 2016 5 12 13 0 3
99999 2016 5 12 14 0 3
99999 2016 5 12 15 112 2
99999 2016 5 12 16 90 1
99999 2016 5 12 17 202 6
99999 2016 5 12 18 202 5
99999 2016 5 12 19 202 5
99999 2016 5 12 20 202 4
99999 2016 5 12 21 202 5
99999 2016 5 12 22 202 5
99999 2016 5 12 23 202 4
99999 2016 5 13 0 180 2
99999 2016 5 13 1 225 3
99999 2016 5 13 2 248 2
99999 2016 5 13 3 248 0
99999 2016 5 13 4 248 0
99999 2016 5 13 5 112 2
99999 2016 5 13 6 90 1
99999 2016 5 13 7 202 2
99999 2016 5 13 8 225 3
99999 2016 5 13 9 225 3
99999 2016 5 13 10 270 3
99999 2016 5 13 11 270 3
99999 2016 5 13 12 270 2
99999 2016 5 13 13 248 4
99999 2016 5 13 14 338 3
99999 2016 5 13 15 315 3
99999 2016 5 13 16 338 3
99999 2016 5 13 17 90 1
99999 2016 5 13 18 90 1
99999 2016 5 13 19 112 2
99999 2016 5 13 20 180 5
99999 2016 5 13 21 180 5
99999 2016 5 13 22 202 6
99999 2016 5 13 23 202 5
99999 2016 5 14 0 225 3
99999 2016 5 14 1 202 3
99999 2016 5 14 2 202 4
99999 2016 5 14 3 202 4
99999 2016 5 14 4 180 5
99999 2016 5 14 5 180 4
99999 2016 5 14 6 202 5
99999 2016 5 14 7 270 3
99999 2016 5 14 8 248 2
99999 2016 5 14 9 202 3
99999 2016 5 14 10 270 3
99999 2016 5 14 11 292 3
99999 2016 5 14 12 292 3
99999 2016 5 14 13 338 3
99999 2016 5 14 14 0 3
99999 2016 5 14 15 0 3
99999 2016 5 14 16 90 3
99999 2016 5 14 17 90 2
99999 2016 5 14 18 90 2
99999 2016 5 14 19 112 1
99999 2016 5 14 20 90 1
99999 2016 5 14 21 338 4
99999 2016 5 14 22 338 3
99999 2016 5 14 23 90 1
99999 2016 5 15 0 292 0
99999 2016 5 15 1 202 2
99999 2016 5 15 2 180 1
99999 2016 5 15 3 338 0
99999 2016 5 15 4 90 1
99999 2016 5 15 5 68 1
99999 2016 5 15 6 202 1
99999 2016 5 15 7 315 1
99999 2016 5 15 8 338 1
99999 2016 5 15 9 22 1
99999 2016 5 15 10 202 1
99999 2016 5 15 11 338 2
99999 2016 5 15 12 22 2
99999 2016 5 15 13 112 2
99999 2016 5 15 14 90 4
99999 2016 5 15 15 112 4
99999 2016 5 15 16 90 4
99999 2016 5 15 17 90 3
99999 2016 5 15 18 0 4
99999 2016 5 15 19 112 10
99999 2016 5 15 20 135 5
99999 2016 5 15 21 135 3
99999 2016 5 15 22 90 3
99999 2016 5 15 23 112 2
99999 2016 5 16 0 90 3
99999 2016 5 16 1 112 3
99999 2016 5 16 2 45 2
99999 2016 5 16 3 90 2
99999 2016 5 16 4 90 3
99999 2016 5 16 5 90 2
99999 2016 5 16 6 90 2
99999 2016 5 16 7 90 2
99999 2016 5 16 8 112 2
99999 2016 5 16 9 90 1
99999 2016 5 16 10 22 2
99999 2016 5 16 11 112 3
99999 2016 5 16 12 90 3
99999 2016 5 16 13 90 3
99999 2016 5 16 14 112 3
99999 2016 5 16 15 90 3
99999 2016 5 16 16 112 5
99999 2016 5 16 17 90 4
99999 2016 5 16 18 90 4
99999 2016 5 16 19 112 4
99999 2016 5 16 20 112 4
99999 2016 5 16 21 112 3
99999 2016 5 16 22 112 3
99999 2016 5 16 23 112 3
99999 2016 5 17 0 90 2
99999 2016 5 17 1 90 2
99999 2016 5 17 2 112 0
99999 2016 5 17 3 112 1
99999 2016 5 17 4 315 1
99999 2016 5 17 5 180 1
99999 2016 5 17 6 0 1
99999 2016 5 17 7 0 0
99999 2016 5 17 8 0 0
99999 2016 5 17 9 338 3
99999 2016 5 17 10 0 1
99999 2016 5 17 11 90 3
99999 2016 5 17 12 112 2
99999 2016 5 17 13 90 3
99999 2016 5 17 14 112 3
99999 2016 5 17 15 90 3
99999 2016 5 17 16 22 3
99999 2016 5 17 17 90 3
99999 2016 5 17 18 90 3
99999 2016 5 17 19 90 4
99999 2016 5 17 20 90 3
99999 2016 5 17 21 90 3
99999 2016 5 17 22 135 2
99999 2016 5 17 23 112 1
99999 2016 5 18 0 112 0
99999 2016 5 18 1 112 0
99999 2016 5 18 2 112 0
99999 2016 5 18 3 22 1
99999 2016 5 18 4 22 0
99999 2016 5 18 5 202 1
99999 2016 5 18 6 202 1
99999 2016 5 18 7 202 1
99999 2016 5 18 8 202 1
99999 2016 5 18 9 112 1
99999 2016 5 18 10 112 2
99999 2016 5 18 11 45 2
99999 2016 5 18 12 112 2
99999 2016 5 18 13 0 3
99999 2016 5 18 14 90 4
99999 2016 5 18 15 90 3
99999 2016 5 18 16 90 3
99999 2016 5 18 17 90 3
99999 2016 5 18 18 90 4
99999 2016 5 18 19 90 5
99999 2016 5 18 20 112 4
99999 2016 5 18 21 90 2
99999 2016 5 18 22 180 4
99999 2016 5 18 23 202 5
99999 2016 5 19 0 202 5
99999 2016 5 19 1 180 4
99999 2016 5 19 2 202 4
99999 2016 5 19 3 202 4
99999 2016 5 19 4 202 5
99999 2016 5 19 5 270 3
99999 2016 5 19 6 202 4
99999 2016 5 19 7 180 4
99999 2016 5 19 8 135 3
99999 2016 5 19 9 180 7
99999 2016 5 19 10 180 7
99999 2016 5 19 11 158 7
99999 2016 5 19 12 180 7
99999 2016 5 19 13 180 6
99999 2016 5 19 14 180 5
99999 2016 5 19 15 270 5
99999 2016 5 19 16 135 4
99999 2016 5 19 17 270 4
99999 2016 5 19 18 270 3
99999 2016 5 19 19 338 2
99999 2016 5 19 20 292 3
99999 2016 5 19 21 338 3
99999 2016 5 19 22 338 2
99999 2016 5 19 23 270 3
99999 2016 5 20 14 0 3
99999 2016 5 20 15 90 3
99999 2016 5 20 16 112 3
99999 2016 5 20 17 135 3
99999 2016 5 20 18 90 3
99999 2016 5 20 19 112 2
99999 2016 5 20 20 338 2
99999 2016 5 20 21 0 1
99999 2016 5 20 22 202 0
99999 2016 5 20 23 180 1
99999 2016 5 21 0 225 2
99999 2016 5 21 1 202 2
99999 2016 5 21 2 202 1
99999 2016 5 21 3 202 2
99999 2016 5 21 4 180 0
99999 2016 5 21 5 202 0
99999 2016 5 21 6 202 3
99999 2016 5 21 7 180 2
99999 2016 5 21 8 270 1
99999 2016 5 21 9 338 1
99999 2016 5 21 10 0 1
99999 2016 5 21 11 112 2
99999 2016 5 21 12 90 3
99999 2016 5 21 13 90 3
99999 2016 5 21 14 112 3
99999 2016 5 21 15 90 2
99999 2016 5 21 16 112 3
99999 2016 5 21 17 90 3
99999 2016 5 21 18 90 4
99999 2016 5 21 19 90 4
99999 2016 5 21 20 90 3
99999 2016 5 21 21 90 3
99999 2016 5 21 22 90 3
99999 2016 5 21 23 90 1
99999 2016 5 22 0 135 0
99999 2016 5 22 1 135 0
99999 2016 5 22 2 202 1
99999 2016 5 22 3 202 0
99999 2016 5 22 4 202 0
99999 2016 5 22 5 202 0
99999 2016 5 22 6 202 2
99999 2016 5 22 7 202 2
99999 2016 5 22 8 180 1
99999 2016 5 22 9 315 1
99999 2016 5 22 10 22 1
99999 2016 5 22 11 22 2
99999 2016 5 22 12 90 3
99999 2016 5 22 13 90 3
99999 2016 5 22 14 90 4
99999 2016 5 22 15 90 5
99999 2016 5 22 16 90 6
99999 2016 5 22 17 90 6
99999 2016 5 22 18 90 6
99999 2016 5 22 19 90 7
99999 2016 5 22 20 90 5
99999 2016 5 22 21 112 4
99999 2016 5 22 22 90 2
99999 2016 5 22 23 90 2
99999 2016 5 23 0 135 0
99999 2016 5 23 1 90 1
99999 2016 5 23 2 90 1
99999 2016 5 23 3 135 2
99999 2016 5 23 4 180 3
99999 2016 5 23 5 158 2
99999 2016 5 23 6 112 3
99999 2016 5 23 7 135 2
99999 2016 5 23 8 225 2
99999 2016 5 23 9 158 8
99999 2016 5 23 10 158 5
99999 2016 5 23 11 158 6
99999 2016 5 23 12 135 4
99999 2016 5 23 13 180 5
99999 2016 5 23 14 180 9
99999 2016 5 23 15 180 8
99999 2016 5 23 16 202 8
99999 2016 5 23 17 202 9
99999 2016 5 23 18 225 7
99999 2016 5 23 19 202 9
99999 2016 5 23 20 180 8
99999 2016 5 23 21 202 3
99999 2016 5 23 22 90 2
99999 2016 5 23 23 270 3
99999 2016 5 24 0 270 4
99999 2016 5 24 1 248 3
99999 2016 5 24 2 270 3
99999 2016 5 24 3 248 3
99999 2016 5 24 4 248 3
99999 2016 5 24 5 248 3
99999 2016 5 24 6 248 3
99999 2016 5 24 7 270 3
99999 2016 5 24 8 225 3
99999 2016 5 24 9 270 4
99999 2016 5 24 10 338 3
99999 2016 5 24 11 338 2
99999 2016 5 24 12 292 2
99999 2016 5 24 13 270 3
99999 2016 5 24 14 202 3
99999 2016 5 24 15 292 3
99999 2016 5 24 16 315 3
99999 2016 5 24 17 0 2
99999 2016 5 24 18 315 3
99999 2016 5 24 19 90 2
99999 2016 5 24 20 202 4
99999 2016 5 24 21 202 6
99999 2016 5 24 22 202 7
99999 2016 5 24 23 202 7
99999 2016 5 25 0 202 6
99999 2016 5 25 1 202 7
99999 2016 5 25 2 202 5
99999 2016 5 25 3 202 3
99999 2016 5 25 4 180 3
99999 2016 5 25 5 202 3
99999 2016 5 25 6 202 5
99999 2016 5 25 7 225 2
99999 2016 5 25 8 202 2
99999 2016 5 25 9 270 3
99999 2016 5 25 10 270 4
99999 2016 5 25 11 270 3
99999 2016 5 25 12 248 3
99999 2016 5 25 13 270 3
99999 2016 5 25 14 180 2
99999 2016 5 25 15 338 3
99999 2016 5 25 16 22 3
99999 2016 5 25 17 202 3
99999 2016 5 25 18 202 3
99999 2016 5 25 19 158 3
99999 2016 5 25 20 180 4
99999 2016 5 25 21 202 4
99999 2016 5 25 22 202 5
99999 2016 5 25 23 202 5
99999 2016 5 26 0 202 6
99999 2016 5 26 1 202 4
99999 2016 5 26 2 202 4
99999 2016 5 26 3 225 1
99999 2016 5 26 4 202 3
99999 2016 5 26 5 202 2
99999 2016 5 26 6 202 0
99999 2016 5 26 7 202 1
99999 2016 5 26 8 180 1
99999 2016 5 26 9 292 2
99999 2016 5 26 10 292 3
99999 2016 5 26 11 338 3
99999 2016 5 26 12 338 3
99999 2016 5 26 13 0 3
99999 2016 5 26 14 338 3
99999 2016 5 26 15 0 3
99999 2016 5 26 16 338 3
99999 2016 5 26 17 90 2
99999 2016 5 26 18 0 3
99999 2016 5 26 19 112 3
99999 2016 5 26 20 90 3
99999 2016 5 26 21 90 2
99999 2016 5 26 22 90 1
99999 2016 5 26 23 90 0
99999 2016 5 27 0 90 1
99999 2016 5 27 1 90 0
99999 2016 5 27 2 90 0
99999 2016 5 27 3 90 0
99999 2016 5 27 4 90 1
99999 2016 5 27 5 202 1
99999 2016 5 27 6 202 2
99999 2016 5 27 7 180 1
99999 2016 5 27 8 180 0
99999 2016 5 27 9 90 1
99999 2016 5 27 10 158 1
99999 2016 5 27 11 90 2
99999 2016 5 27 12 112 3
99999 2016 5 27 13 112 4
99999 2016 5 27 14 90 5
99999 2016 5 27 15 90 4
99999 2016 5 27 16 90 3
99999 2016 5 27 17 90 4
99999 2016 5 27 18 90 4
99999 2016 5 27 19 90 4
99999 2016 5 27 20 90 3
99999 2016 5 27 21 112 3
99999 2016 5 27 22 90 3
99999 2016 5 27 23 90 2
99999 2016 5 28 0 90 0
99999 2016 5 28 1 22 2
99999 2016 5 28 2 22 1
99999 2016 5 28 3 45 1
99999 2016 5 28 4 45 0
99999 2016 5 28 5 45 1
99999 2016 5 28 6 45 0
99999 2016 5 28 7 158 1
99999 2016 5 28 8 90 1
99999 2016 5 28 9 292 1
99999 2016 5 28 10 338 3
99999 2016 5 28 11 338 2
99999 2016 5 28 12 338 3
99999 2016 5 28 13 112 3
99999 2016 5 28 14 0 2
99999 2016 5 28 15 22 3
99999 2016 5 28 16 90 3
99999 2016 5 28 17 22 3
99999 2016 5 28 18 90 2
99999 2016 5 28 19 90 3
99999 2016 5 28 20 90 5
99999 2016 5 28 21 90 3
99999 2016 5 28 22 112 3
99999 2016 5 28 23 112 1
99999 2016 5 29 0 90 0
99999 2016 5 29 1 180 5
99999 2016 5 29 2 202 4
99999 2016 5 29 3 202 3
99999 2016 5 29 4 338 3
99999 2016 5 29 5 68 1
99999 2016 5 29 6 135 2
99999 2016 5 29 7 158 1
99999 2016 5 29 8 90 1
99999 2016 5 29 9 292 3
99999 2016 5 29 10 292 3
99999 2016 5 29 11 270 3
99999 2016 5 29 12 0 3
99999 2016 5 29 13 338 1
99999 2016 5 29 14 90 3
99999 2016 5 29 15 135 6
99999 2016 5 29 16 135 3
99999 2016 5 29 17 158 4
99999 2016 5 29 18 202 4
99999 2016 5 29 19 315 3
99999 2016 5 29 20 338 3
99999 2016 5 29 21 338 1
99999 2016 5 29 22 338 0
99999 2016 5 29 23 180 1
99999 2016 5 30 0 202 3
99999 2016 5 30 1 180 5
99999 2016 5 30 2 202 3
99999 2016 5 30 3 202 2
99999 2016 5 30 4 202 2
99999 2016 5 30 5 135 1
99999 2016 5 30 6 202 1
99999 2016 5 30 7 180 3
99999 2016 5 30 8 180 4
99999 2016 5 30 9 180 4
99999 2016 5 30 10 202 4
99999 2016 5 30 11 202 6
99999 2016 5 30 12 202 6
99999 2016 5 30 13 180 8
99999 2016 5 30 14 180 7
99999 2016 5 30 15 180 6
99999 2016 5 30 16 180 6
99999 2016 5 30 17 202 6
99999 2016 5 30 18 180 7
99999 2016 5 30 19 180 6
99999 2016 5 30 20 180 6
99999 2016 5 30 21 180 4
99999 2016 5 30 22 135 4
99999 2016 5 30 23 202 4
99999 2016 5 31 0 202 4
99999 2016 5 31 1 202 3
99999 2016 5 31 2 292 1
99999 2016 5 31 3 158 3
99999 2016 5 31 4 180 2
99999 2016 5 31 5 180 1
99999 2016 5 31 6 158 1
99999 2016 5 31 7 158 1
99999 2016 5 31 8 180 4
99999 2016 5 31 9 202 3
99999 2016 5 31 10 180 2
99999 2016 5 31 11 112 2
99999 2016 5 31 12 202 4
99999 2016 5 31 13 180 6
99999 2016 5 31 14 180 7
99999 2016 5 31 15 202 7
99999 2016 5 31 16 202 7
99999 2016 5 31 17 202 8
99999 2016 5 31 18 202 8
99999 2016 5 31 19 202 6
99999 2016 5 31 20 202 4
99999 2016 5 31 21 202 3
99999 2016 5 31 22 180 3
99999 2016 5 31 23 180 4
99999 2016 6 1 0 180 3
99999 2016 6 1 1 202 3
99999 2016 6 1 2 202 4
99999 2016 6 1 3 180 3
99999 2016 6 1 4 180 3
99999 2016 6 1 5 180 3
99999 2016 6 1 6 180 2
99999 2016 6 1 7 180 3
99999 2016 6 1 8 180 4
99999 2016 6 1 9 202 5
99999 2016 6 1 10 202 4
99999 2016 6 1 11 225 3
99999 2016 6 1 12 338 3
99999 2016 6 1 13 338 3
99999 2016 6 1 14 338 2
99999 2016 6 1 15 202 4
99999 2016 6 1 16 180 3
99999 2016 6 1 17 180 3
99999 2016 6 1 18 158 3
99999 2016 6 1 19 180 4
99999 2016 6 1 20 180 3
99999 2016 6 1 21 180 3
99999 2016 6 1 22 180 4
99999 2016 6 1 23 202 4
99999 2016 6 2 0 202 4
99999 2016 6 2 1 202 5
99999 2016 6 2 2 202 4
99999 2016 6 2 3 202 4
99999 2016 6 2 4 202 4
99999 2016 6 2 5 202 3
99999 2016 6 2 6 270 2
99999 2016 6 2 7 180 3
99999 2016 6 2 8 225 3
99999 2016 6 2 9 270 2
99999 2016 6 2 10 315 2
99999 2016 6 2 11 338 2
99999 2016 6 2 12 90 3
99999 2016 6 2 13 180 3
99999 2016 6 2 14 202 3
99999 2016 6 2 15 135 3
99999 2016 6 2 16 90 4
99999 2016 6 2 17 90 3
99999 2016 6 2 18 90 3
99999 2016 6 2 19 135 3
99999 2016 6 2 20 292 3
99999 2016 6 2 21 270 3
99999 2016 6 2 22 292 2
99999 2016 6 2 23 292 1
99999 2016 6 3 15 22 1
99999 2016 6 3 16 202 3
99999 2016 6 3 17 202 4
99999 2016 6 3 18 180 3
99999 2016 6 3 19 202 1
99999 2016 6 3 20 270 1
99999 2016 6 3 21 158 0
99999 2016 6 3 22 202 1
99999 2016 6 3 23 202 3
99999 2016 6 4 0 225 4
99999 2016 6 4 1 225 3
99999 2016 6 4 2 202 3
99999 2016 6 4 3 225 3
99999 2016 6 4 4 225 2
99999 2016 6 4 5 225 3
99999 2016 6 4 6 248 2
99999 2016 6 4 19 292 1
99999 2016 6 4 20 90 4
99999 2016 6 4 21 135 1
99999 2016 6 4 22 135 0
99999 2016 6 4 23 135 1
99999 2016 6 5 0 202 0
99999 2016 6 5 1 202 1
99999 2016 6 5 2 202 0
99999 2016 6 5 21 0 1
99999 2016 6 5 22 158 1
99999 2016 6 5 23 135 1
99999 2016 6 6 0 180 1
99999 2016 6 6 1 180 2
99999 2016 6 6 2 225 2
99999 2016 6 6 3 225 3
99999 2016 6 6 4 225 1
99999 2016 6 6 5 338 1
99999 2016 6 6 6 270 2
99999 2016 6 6 7 225 1
99999 2016 6 6 8 248 3
99999 2016 6 6 9 270 2
99999 2016 6 6 10 338 2
99999 2016 6 6 11 338 3
99999 2016 6 6 12 338 3
99999 2016 6 6 13 315 2
99999 2016 6 6 14 22 2
99999 2016 6 6 15 0 3
99999 2016 6 6 16 0 3
99999 2016 6 6 17 90 5
99999 2016 6 6 18 202 3
99999 2016 6 6 19 90 1
99999 2016 6 6 20 0 1
99999 2016 6 6 21 68 1
99999 2016 6 6 22 68 0
99999 2016 6 6 23 158 1
99999 2016 6 7 0 180 2
99999 2016 6 7 1 180 1
99999 2016 6 7 2 180 2
99999 2016 6 7 3 180 2
99999 2016 6 7 4 180 3
99999 2016 6 7 5 180 2
99999 2016 6 7 6 180 1
99999 2016 6 7 7 180 0
99999 2016 6 7 8 180 1
99999 2016 6 7 9 270 3
99999 2016 6 7 10 270 3
99999 2016 6 7 11 338 3
99999 2016 6 7 12 338 3
99999 2016 6 7 13 338 3
99999 2016 6 7 14 0 3
99999 2016 6 7 15 0 3
99999 2016 6 7 16 90 3
99999 2016 6 7 17 90 2
99999 2016 6 7 18 112 3
99999 2016 6 7 19 90 2
99999 2016 6 7 20 90 2
99999 2016 6 7 21 90 2
99999 2016 6 7 22 90 1
99999 2016 6 7 23 90 0
99999 2016 6 8 0 90 0
99999 2016 6 8 1 158 1
99999 2016 6 8 2 202 2
99999 2016 6 8 3 202 1
99999 2016 6 8 4 202 1
99999 2016 6 8 5 202 0
99999 2016 6 8 6 202 1
99999 2016 6 8 7 112 0
99999 2016 6 8 8 112 1
99999 2016 6 8 9 270 2
99999 2016 6 8 10 338 3
99999 2016 6 8 11 0 2
99999 2016 6 8 12 90 2
99999 2016 6 8 13 0 3
99999 2016 6 8 14 68 2
99999 2016 6 8 15 90 3
99999 2016 6 8 16 180 6
99999 2016 6 8 17 202 3
99999 2016 6 8 18 180 4
99999 2016 6 8 19 180 3
99999 2016 6 8 20 248 3
99999 2016 6 8 21 270 2
99999 2016 6 8 22 292 3
99999 2016 6 8 23 292 3
99999 2016 6 9 0 338 2
99999 2016 6 9 1 270 2
99999 2016 6 9 2 338 4
99999 2016 6 9 3 338 2
99999 2016 6 9 20 315 1
99999 2016 6 9 21 338 4
99999 2016 6 9 22 338 3
99999 2016 6 9 23 338 3
99999 2016 6 10 0 338 3
99999 2016 6 10 1 315 3
99999 2016 6 10 2 315 2
99999 2016 6 10 3 338 1
99999 2016 6 10 4 0 4
99999 2016 6 10 5 338 3
99999 2016 6 10 6 338 2
99999 2016 6 10 21 112 2
99999 2016 6 10 22 90 1
99999 2016 6 10 23 90 1
99999 2016 6 11 0 90 1
99999 2016 6 11 1 90 0
99999 2016 6 11 2 90 0
99999 2016 6 11 3 90 0
99999 2016 6 11 4 90 0
99999 2016 6 11 5 90 0
99999 2016 6 11 6 90 0
99999 2016 6 11 7 202 0
99999 2016 6 11 8 0 1
99999 2016 6 11 9 338 1
99999 2016 6 11 10 202 4
99999 2016 6 11 11 180 3
99999 2016 6 11 12 202 3
99999 2016 6 11 13 202 4
99999 2016 6 11 14 202 7
99999 2016 6 11 15 202 6
99999 2016 6 11 16 202 7
99999 2016 6 11 17 202 7
99999 2016 6 11 18 202 5
99999 2016 6 11 19 202 4
99999 2016 6 11 20 180 4
99999 2016 6 11 21 180 3
99999 2016 6 11 22 180 3
99999 2016 6 11 23 202 3
99999 2016 6 12 0 180 4
99999 2016 6 12 1 202 4
99999 2016 6 12 2 202 4
99999 2016 6 12 3 292 3
99999 2016 6 12 4 270 0
99999 2016 6 12 5 225 1
99999 2016 6 12 6 225 0
99999 2016 6 12 7 315 1
99999 2016 6 12 8 338 1
99999 2016 6 12 9 315 2
99999 2016 6 12 10 338 3
99999 2016 6 12 11 338 3
99999 2016 6 12 12 315 4
99999 2016 6 12 13 248 3
99999 2016 6 12 14 270 2
99999 2016 6 12 15 338 3
99999 2016 6 12 16 338 1
99999 2016 6 12 17 338 1
99999 2016 6 12 18 68 1
99999 2016 6 12 19 45 1
99999 2016 6 12 20 68 2
99999 2016 6 12 21 90 2
99999 2016 6 12 22 90 2
99999 2016 6 12 23 90 0
99999 2016 6 13 0 90 0
99999 2016 6 13 1 90 1
99999 2016 6 13 2 90 0
99999 2016 6 13 3 90 0
99999 2016 6 13 4 135 1
99999 2016 6 13 5 158 1
99999 2016 6 13 6 158 1
99999 2016 6 13 7 180 1
99999 2016 6 13 8 180 1
99999 2016 6 13 9 158 1
99999 2016 6 13 10 90 1
99999 2016 6 13 11 180 2
99999 2016 6 13 12 112 3
99999 2016 6 13 13 68 3
99999 2016 6 13 14 90 4
99999 2016 6 13 15 90 4
99999 2016 6 13 16 90 3
99999 2016 6 13 17 112 2
99999 2016 6 13 18 202 4
99999 2016 6 13 19 135 4
99999 2016 6 13 20 180 3
99999 2016 6 13 21 202 3
99999 2016 6 13 22 202 4
99999 2016 6 13 23 90 2
99999 2016 6 14 0 158 1
99999 2016 6 14 1 202 3
99999 2016 6 14 2 202 5
99999 2016 6 14 3 202 4
99999 2016 6 14 4 225 3
99999 2016 6 14 5 338 0
99999 2016 6 14 6 270 2
99999 2016 6 14 7 292 3
99999 2016 6 14 8 270 4
99999 2016 6 14 9 292 3
99999 2016 6 14 10 270 2
99999 2016 6 14 11 315 3
99999 2016 6 14 12 315 2
99999 2016 6 14 13 338 3
99999 2016 6 14 14 270 2
99999 2016 6 14 15 248 2
99999 2016 6 14 16 225 2
99999 2016 6 14 17 135 3
99999 2016 6 14 18 90 3
99999 2016 6 14 19 90 3
99999 2016 6 14 20 90 4
99999 2016 6 14 21 112 3
99999 2016 6 14 22 90 3
99999 2016 6 14 23 180 6
99999 2016 6 15 0 180 8
99999 2016 6 15 1 202 6
99999 2016 6 15 2 202 4
99999 2016 6 15 3 270 3
99999 2016 6 15 4 270 4
99999 2016 6 15 5 270 2
99999 2016 6 15 6 270 1
99999 2016 6 15 7 270 0
99999 2016 6 15 8 270 2
99999 2016 6 15 9 315 2
99999 2016 6 15 10 315 3
99999 2016 6 15 11 338 2
99999 2016 6 15 12 180 5
99999 2016 6 15 13 202 7
99999 2016 6 15 14 202 7
99999 2016 6 15 15 202 9
99999 2016 6 15 16 202 6
99999 2016 6 15 17 202 6
99999 2016 6 15 18 180 4
99999 2016 6 15 19 202 4
99999 2016 6 15 20 158 3
99999 2016 6 15 21 180 7
99999 2016 6 15 22 180 4
99999 2016 6 15 23 202 4
99999 2016 6 16 0 180 3
99999 2016 6 16 1 202 2
99999 2016 6 16 2 180 0
99999 2016 6 16 3 180 1
99999 2016 6 16 4 158 2
99999 2016 6 16 5 158 2
99999 2016 6 16 6 90 3
99999 2016 6 16 7 112 3
99999 2016 6 16 8 135 3
99999 2016 6 16 9 90 5
99999 2016 6 16 10 112 5
99999 2016 6 16 11 90 4
99999 2016 6 16 12 90 3
99999 2016 6 16 13 90 4
99999 2016 6 16 14 90 6
99999 2016 6 16 15 90 5
99999 2016 6 16 16 90 6
99999 2016 6 16 17 90 3
99999 2016 6 16 18 90 3
99999 2016 6 16 19 22 3
99999 2016 6 16 20 90 3
99999 2016 6 16 21 90 3
99999 2016 6 16 22 90 1
99999 2016 6 16 23 0 2
99999 2016 6 17 0 338 0
99999 2016 6 17 1 158 2
99999 2016 6 17 2 202 7
99999 2016 6 17 3 202 6
99999 2016 6 18 0 180 2
99999 2016 6 18 1 180 0
99999 2016 6 18 2 180 1
99999 2016 6 18 3 202 0
99999 2016 6 18 4 202 0
99999 2016 6 18 5 338 2
99999 2016 6 18 6 338 1
99999 2016 6 18 7 338 1
99999 2016 6 18 8 202 1
99999 2016 6 18 21 180 1
99999 2016 6 18 22 180 2
99999 2016 6 18 23 292 3
99999 2016 6 19 0 270 3
99999 2016 6 19 1 270 3
99999 2016 6 19 2 292 2
99999 2016 6 19 3 270 2
99999 2016 6 19 4 270 1
99999 2016 6 19 5 315 3
99999 2016 6 19 6 292 1
99999 2016 6 19 7 202 4
99999 2016 6 19 8 0 3
99999 2016 6 19 9 248 3
99999 2016 6 19 10 270 3
99999 2016 6 19 11 270 4
99999 2016 6 19 12 270 4
99999 2016 6 19 13 270 6
99999 2016 6 19 14 315 4
99999 2016 6 19 15 270 4
99999 2016 6 19 16 292 3
99999 2016 6 19 17 338 3
99999 2016 6 19 18 338 4
99999 2016 6 19 19 315 3
99999 2016 6 19 20 315 2
99999 2016 6 19 21 292 3
99999 2016 6 19 22 270 3
99999 2016 6 19 23 270 3
99999 2016 6 20 0 270 3
99999 2016 6 20 1 270 3
99999 2016 6 20 2 270 3
99999 2016 6 20 3 270 3
99999 2016 6 20 4 270 3
99999 2016 6 20 5 270 3
99999 2016 6 20 6 292 3
99999 2016 6 20 7 270 2
99999 2016 6 20 8 248 2
99999 2016 6 20 9 270 2
99999 2016 6 20 10 270 4
99999 2016 6 20 11 292 3
99999 2016 6 20 12 315 2
99999 2016 6 20 13 292 2
99999 2016 6 20 14 270 2
99999 2016 6 20 15 0 2
99999 2016 6 20 16 90 3
99999 2016 6 20 17 90 3
99999 2016 6 20 18 90 4
99999 2016 6 20 19 90 3
99999 2016 6 20 20 112 4
99999 2016 6 20 21 135 3
99999 2016 6 20 22 135 2
99999 2016 6 20 23 112 2
99999 2016 6 21 0 112 0
99999 2016 6 21 1 112 1
99999 2016 6 21 2 112 2
99999 2016 6 21 3 158 1
99999 2016 6 21 4 90 1
99999 2016 6 21 5 90 0
99999 2016 6 21 6 158 0
99999 2016 6 21 7 202 1
99999 2016 6 21 8 202 0
99999 2016 6 21 9 90 3
99999 2016 6 21 10 90 3
99999 2016 6 21 11 90 3
99999 2016 6 21 12 90 3
99999 2016 6 21 13 90 3
99999 2016 6 21 14 202 2
99999 2016 6 21 15 112 3
99999 2016 6 21 16 90 3
99999 2016 6 21 17 112 3
99999 2016 6 21 18 90 3
99999 2016 6 21 19 90 5
99999 2016 6 21 20 90 5
99999 2016 6 21 21 90 3
99999 2016 6 21 22 112 2
99999 2016 6 21 23 112 1
