99999 2018 3 21 0 90 3
99999 2018 3 21 1 90 3
99999 2018 3 21 2 22 3
99999 2018 3 21 3 22 3
99999 2018 3 21 4 22 3
99999 2018 3 21 5 22 3
99999 2018 3 21 6 90 2
99999 2018 3 21 7 90 4
99999 2018 3 21 8 90 3
99999 2018 3 21 9 90 4
99999 2018 3 21 10 90 5
99999 2018 3 21 11 90 7
99999 2018 3 21 12 90 8
99999 2018 3 21 13 22 4
99999 2018 3 21 14 90 4
99999 2018 3 21 15 90 5
99999 2018 3 21 16 90 6
99999 2018 3 21 17 90 4
99999 2018 3 21 18 90 3
99999 2018 3 21 19 90 3
99999 2018 3 21 20 90 1
99999 2018 3 21 21 45 2
99999 2018 3 21 22 22 2
99999 2018 3 21 23 90 2
99999 2018 3 22 0 90 0
99999 2018 3 22 1 22 0
99999 2018 3 22 2 292 2
99999 2018 3 22 3 270 2
99999 2018 3 22 4 315 1
99999 2018 3 22 5 292 2
99999 2018 3 22 6 292 3
99999 2018 3 22 7 315 2
99999 2018 3 22 8 292 3
99999 2018 3 22 9 315 3
99999 2018 3 22 10 0 3
99999 2018 3 22 11 0 3
99999 2018 3 22 12 338 3
99999 2018 3 22 13 0 4
99999 2018 3 22 14 22 3
99999 2018 3 22 15 0 3
99999 2018 3 22 16 338 3
99999 2018 3 22 17 22 3
99999 2018 3 22 18 0 3
99999 2018 3 22 19 338 3
99999 2018 3 22 20 315 1
99999 2018 3 22 21 112 1
99999 2018 3 22 22 158 1
99999 2018 3 22 23 158 1
99999 2018 3 23 0 158 0
99999 2018 3 23 1 158 1
99999 2018 3 23 2 158 0
99999 2018 3 23 3 158 0
99999 2018 3 23 4 158 0
99999 2018 3 23 5 158 0
99999 2018 3 23 6 158 0
99999 2018 3 23 7 248 0
99999 2018 3 23 8 248 1
99999 2018 3 23 9 90 2
99999 2018 3 23 10 112 3
99999 2018 3 23 11 90 3
99999 2018 3 23 12 0 3
99999 2018 3 23 13 338 3
99999 2018 3 23 14 22 3
99999 2018 3 23 15 135 3
99999 2018 3 23 16 90 3
99999 2018 3 23 17 90 3
99999 2018 3 23 18 90 4
99999 2018 3 23 19 90 3
99999 2018 3 23 20 112 3
99999 2018 3 23 21 112 3
99999 2018 3 23 22 90 4
99999 2018 3 23 23 90 3
99999 2018 3 24 0 90 2
99999 2018 3 24 1 90 2
99999 2018 3 24 2 90 3
99999 2018 3 24 3 90 3
99999 2018 3 24 22 90 1
99999 2018 3 24 23 90 1
99999 2018 3 25 0 90 1
99999 2018 3 25 1 90 0
99999 2018 3 25 3 90 0
99999 2018 3 25 4 90 0
99999 2018 3 25 5 112 1
99999 2018 3 25 6 112 1
99999 2018 3 25 7 202 1
99999 2018 3 25 8 202 0
99999 2018 3 25 9 202 0
99999 2018 3 25 10 202 0
99999 2018 3 25 11 22 2
99999 2018 3 25 12 22 2
99999 2018 3 25 13 0 2
99999 2018 3 25 14 112 3
99999 2018 3 25 15 22 3
99999 2018 3 25 16 22 3
99999 2018 3 25 17 22 3
99999 2018 3 25 18 90 3
99999 2018 3 25 19 112 2
99999 2018 3 25 20 90 1
99999 2018 3 25 21 90 1
99999 2018 3 25 22 90 1
99999 2018 3 25 23 90 0
99999 2018 3 26 0 90 1
99999 2018 3 26 1 90 1
99999 2018 3 26 2 90 2
99999 2018 3 26 3 202 1
99999 2018 3 26 4 202 1
99999 2018 3 26 5 202 1
99999 2018 3 26 6 202 1
99999 2018 3 26 7 202 1
99999 2018 3 26 8 202 1
99999 2018 3 26 9 202 2
99999 2018 3 26 10 270 3
99999 2018 3 26 11 292 3
99999 2018 3 26 12 338 3
99999 2018 3 26 13 338 3
99999 2018 3 26 14 338 3
99999 2018 3 26 15 0 3
99999 2018 3 26 16 315 3
99999 2018 3 26 17 22 2
99999 2018 3 26 18 90 3
99999 2018 3 26 19 112 3
99999 2018 3 26 20 112 2
99999 2018 3 26 21 112 1
99999 2018 3 26 22 112 1
99999 2018 3 26 23 135 2
99999 2018 3 27 0 112 1
99999 2018 3 27 1 112 1
99999 2018 3 27 2 112 2
99999 2018 3 27 3 90 2
99999 2018 3 27 4 158 2
99999 2018 3 27 5 292 1
99999 2018 3 27 6 338 1
99999 2018 3 27 7 225 0
99999 2018 3 27 8 225 1
99999 2018 3 27 9 225 1
99999 2018 3 27 10 338 2
99999 2018 3 27 11 338 3
99999 2018 3 27 12 22 2
99999 2018 3 27 13 270 2
99999 2018 3 27 14 202 2
99999 2018 3 27 15 135 2
99999 2018 3 27 16 0 3
99999 2018 3 27 17 135 3
99999 2018 3 27 18 90 4
99999 2018 3 27 19 90 4
99999 2018 3 27 20 90 2
99999 2018 3 27 21 90 3
99999 2018 3 27 22 112 1
99999 2018 3 27 23 202 3
99999 2018 3 28 0 202 5
99999 2018 3 28 1 202 4
99999 2018 3 28 2 270 3
99999 2018 3 28 3 292 1
99999 2018 3 28 4 292 2
99999 2018 3 28 5 315 3
99999 2018 3 28 6 292 2
99999 2018 3 28 7 270 2
99999 2018 3 28 8 292 2
99999 2018 3 28 9 315 2
99999 2018 3 28 10 338 3
99999 2018 3 28 11 338 3
99999 2018 3 28 12 338 3
99999 2018 3 28 13 338 4
99999 2018 3 28 14 338 3
99999 2018 3 28 15 315 3
99999 2018 3 28 16 0 2
99999 2018 3 28 17 22 2
99999 2018 3 28 18 90 4
99999 2018 3 28 19 90 3
99999 2018 3 28 20 135 3
99999 2018 3 28 21 158 3
99999 2018 3 28 22 202 3
99999 2018 3 28 23 225 1
99999 2018 3 29 0 202 0
99999 2018 3 29 1 158 2
99999 2018 3 29 2 202 3
99999 2018 3 29 3 202 3
99999 2018 3 29 4 180 3
99999 2018 3 29 5 248 1
99999 2018 3 29 6 135 0
99999 2018 3 29 7 68 1
99999 2018 3 29 8 338 2
99999 2018 3 29 9 292 2
99999 2018 3 29 10 315 1
99999 2018 3 29 11 22 2
99999 2018 3 29 12 180 5
99999 2018 3 29 13 180 5
99999 2018 3 29 14 202 7
99999 2018 3 29 15 202 7
99999 2018 3 29 16 202 6
99999 2018 3 29 17 202 9
99999 2018 3 29 18 202 5
99999 2018 3 29 19 202 5
99999 2018 3 29 20 202 4
99999 2018 3 29 21 180 3
99999 2018 3 29 22 158 3
99999 2018 3 29 23 135 2
99999 2018 3 30 0 158 3
99999 2018 3 30 1 158 2
99999 2018 3 30 2 158 1
99999 2018 3 30 3 158 2
99999 2018 3 30 4 135 3
99999 2018 3 30 5 158 5
99999 2018 3 30 6 180 5
99999 2018 3 30 7 158 5
99999 2018 3 30 8 158 6
99999 2018 3 30 9 135 5
99999 2018 3 30 10 135 6
99999 2018 3 30 11 158 6
99999 2018 3 30 12 180 7
99999 2018 3 30 13 202 4
99999 2018 3 30 14 112 5
99999 2018 3 30 15 158 5
99999 2018 3 30 16 135 6
99999 2018 3 30 17 112 4
99999 2018 3 30 18 135 5
99999 2018 3 30 19 90 2
99999 2018 3 30 20 112 3
99999 2018 3 30 21 135 3
99999 2018 3 30 22 135 3
99999 2018 3 30 23 158 4
99999 2018 3 31 0 158 5
99999 2018 3 31 1 158 5
99999 2018 3 31 2 158 3
99999 2018 3 31 3 135 2
99999 2018 3 31 4 202 3
99999 2018 3 31 5 270 3
99999 2018 3 31 6 270 3
99999 2018 3 31 7 248 1
99999 2018 3 31 8 270 2
99999 2018 3 31 9 270 3
99999 2018 3 31 10 248 1
99999 2018 3 31 11 292 2
99999 2018 3 31 12 180 3
99999 2018 3 31 13 202 3
99999 2018 3 31 14 270 3
99999 2018 3 31 15 338 3
99999 2018 3 31 16 270 3
99999 2018 3 31 17 202 6
99999 2018 3 31 18 202 5
99999 2018 3 31 19 270 4
99999 2018 3 31 20 202 3
99999 2018 3 31 21 338 3
99999 2018 3 31 22 292 2
99999 2018 3 31 23 315 1
99999 2018 4 1 0 158 1
99999 2018 4 1 1 292 3
99999 2018 4 1 2 248 3
99999 2018 4 1 3 292 3
99999 2018 4 1 4 248 2
99999 2018 4 1 5 248 3
99999 2018 4 1 6 292 2
99999 2018 4 1 7 270 3
99999 2018 4 1 8 270 5
99999 2018 4 1 9 270 4
99999 2018 4 1 10 270 5
99999 2018 4 1 11 270 6
99999 2018 4 1 12 270 4
99999 2018 4 1 13 270 4
99999 2018 4 1 14 270 4
99999 2018 4 1 15 270 5
99999 2018 4 1 16 338 6
99999 2018 4 1 17 338 4
99999 2018 4 1 18 315 4
99999 2018 4 1 19 292 3
99999 2018 4 1 20 270 3
99999 2018 4 1 21 202 4
99999 2018 4 1 22 202 5
99999 2018 4 1 23 202 6
99999 2018 4 2 0 202 5
99999 2018 4 2 1 225 4
99999 2018 4 2 2 202 5
99999 2018 4 2 3 202 6
99999 2018 4 2 4 202 5
99999 2018 4 2 5 202 4
99999 2018 4 2 6 202 4
99999 2018 4 2 7 270 3
99999 2018 4 2 8 225 2
99999 2018 4 2 9 158 2
99999 2018 4 2 10 45 2
99999 2018 4 2 11 0 2
99999 2018 4 2 12 45 3
99999 2018 4 2 13 0 3
99999 2018 4 2 14 22 3
99999 2018 4 2 15 22 3
99999 2018 4 2 16 22 3
99999 2018 4 2 17 22 3
99999 2018 4 2 18 0 3
99999 2018 4 2 19 338 3
99999 2018 4 2 20 0 1
99999 2018 4 2 21 90 3
99999 2018 4 2 22 112 1
99999 2018 4 2 23 180 3
99999 2018 4 3 0 180 3
99999 2018 4 3 1 202 3
99999 2018 4 3 2 202 3
99999 2018 4 3 3 180 4
99999 2018 4 3 4 202 4
99999 2018 4 3 5 202 4
99999 2018 4 3 6 202 3
99999 2018 4 3 7 202 3
99999 2018 4 3 8 202 3
99999 2018 4 3 9 202 5
99999 2018 4 3 10 225 3
99999 2018 4 3 23 90 3
99999 2018 4 4 0 90 3
99999 2018 4 4 1 90 3
99999 2018 4 4 2 90 3
99999 2018 4 4 3 90 2
99999 2018 4 4 4 90 3
99999 2018 4 4 5 90 3
99999 2018 4 4 6 45 2
99999 2018 4 4 7 90 2
99999 2018 4 4 8 90 2
99999 2018 4 4 9 90 3
99999 2018 4 4 10 90 3
99999 2018 4 4 11 90 4
99999 2018 4 4 12 90 4
99999 2018 4 4 13 90 3
99999 2018 4 4 14 90 3
99999 2018 4 4 15 90 2
99999 2018 4 4 16 135 3
99999 2018 4 4 17 112 4
99999 2018 4 4 18 112 3
99999 2018 4 4 19 90 3
99999 2018 4 4 20 90 3
99999 2018 4 4 21 90 2
99999 2018 4 4 22 180 3
99999 2018 4 4 23 158 2
99999 2018 4 5 0 112 1
99999 2018 4 5 1 135 3
99999 2018 4 5 2 112 1
99999 2018 4 5 3 292 2
99999 2018 4 5 20 270 2
99999 2018 4 5 21 270 0
99999 2018 4 5 22 225 1
99999 2018 4 5 23 202 1
99999 2018 4 6 0 202 0
99999 2018 4 6 1 180 0
99999 2018 4 6 2 180 1
99999 2018 4 6 3 180 0
99999 2018 4 6 4 202 1
99999 2018 4 6 5 202 1
99999 2018 4 6 6 180 0
99999 2018 4 6 7 180 0
99999 2018 4 6 8 180 1
99999 2018 4 6 9 68 1
99999 2018 4 6 10 68 1
99999 2018 4 6 23 90 2
99999 2018 4 7 0 90 1
99999 2018 4 7 1 90 1
99999 2018 4 7 2 90 0
99999 2018 4 7 3 90 1
99999 2018 4 7 4 112 0
99999 2018 4 7 5 112 0
99999 2018 4 7 6 112 0
99999 2018 4 7 7 112 0
99999 2018 4 7 8 112 1
99999 2018 4 7 9 112 0
99999 2018 4 7 10 22 2
99999 2018 4 7 11 112 3
99999 2018 4 7 12 90 3
99999 2018 4 7 13 112 3
99999 2018 4 7 14 90 3
99999 2018 4 7 15 90 3
99999 2018 4 7 16 90 4
99999 2018 4 7 17 90 4
99999 2018 4 7 18 90 4
99999 2018 4 7 19 90 5
99999 2018 4 7 20 90 4
99999 2018 4 7 21 90 3
99999 2018 4 7 22 90 3
99999 2018 4 7 23 90 2
99999 2018 4 8 0 90 1
99999 2018 4 8 1 90 0
99999 2018 4 8 2 90 0
99999 2018 4 8 3 90 0
99999 2018 4 8 4 112 2
99999 2018 4 8 5 22 0
99999 2018 4 8 6 45 1
99999 2018 4 8 7 45 0
99999 2018 4 8 8 45 0
99999 2018 4 8 9 45 1
99999 2018 4 8 10 22 1
99999 2018 4 8 11 90 3
99999 2018 4 8 12 90 3
99999 2018 4 8 13 90 4
99999 2018 4 8 14 90 6
99999 2018 4 8 15 90 6
99999 2018 4 8 16 90 5
99999 2018 4 8 17 90 6
99999 2018 4 8 18 90 6
99999 2018 4 8 19 90 6
99999 2018 4 8 20 90 3
99999 2018 4 8 21 90 4
99999 2018 4 8 22 90 2
99999 2018 4 8 23 90 2
99999 2018 4 9 0 90 1
99999 2018 4 9 1 90 1
99999 2018 4 9 2 90 1
99999 2018 4 9 3 180 1
99999 2018 4 9 4 338 1
99999 2018 4 9 5 292 2
99999 2018 4 9 6 270 3
99999 2018 4 9 7 292 2
99999 2018 4 9 8 292 3
99999 2018 4 9 9 292 3
99999 2018 4 9 10 270 4
99999 2018 4 9 11 270 4
99999 2018 4 9 12 270 4
99999 2018 4 9 13 270 4
99999 2018 4 9 14 270 5
99999 2018 4 9 15 270 3
99999 2018 4 9 16 315 3
99999 2018 4 9 17 338 2
99999 2018 4 9 18 338 2
99999 2018 4 9 19 0 3
99999 2018 4 9 20 292 2
99999 2018 4 9 21 292 3
99999 2018 4 9 22 270 3
99999 2018 4 9 23 292 2
99999 2018 4 10 0 270 1
99999 2018 4 10 1 248 2
99999 2018 4 10 2 270 2
99999 2018 4 10 3 248 1
99999 2018 4 10 4 248 1
99999 2018 4 10 5 248 1
99999 2018 4 10 6 248 0
99999 2018 4 10 7 248 1
99999 2018 4 10 8 248 0
99999 2018 4 10 9 112 2
99999 2018 4 10 10 90 3
99999 2018 4 10 11 180 6
99999 2018 4 10 12 180 6
99999 2018 4 10 13 180 4
99999 2018 4 10 14 180 5
99999 2018 4 10 15 180 5
99999 2018 4 10 16 180 5
99999 2018 4 10 17 180 5
99999 2018 4 10 18 202 5
99999 2018 4 10 19 202 4
99999 2018 4 10 20 135 3
99999 2018 4 10 21 202 3
99999 2018 4 10 22 180 2
99999 2018 4 10 23 180 2
99999 2018 4 11 0 180 0
99999 2018 4 11 1 180 1
99999 2018 4 11 2 292 1
99999 2018 4 11 3 315 1
99999 2018 4 11 4 292 0
99999 2018 4 11 6 292 0
99999 2018 4 11 7 292 1
99999 2018 4 11 8 315 1
99999 2018 4 11 9 338 2
99999 2018 4 11 10 338 2
99999 2018 4 11 11 0 1
99999 2018 4 11 12 22 2
99999 2018 4 11 13 90 3
99999 2018 4 11 14 90 4
99999 2018 4 11 15 90 4
99999 2018 4 11 16 90 3
99999 2018 4 11 17 90 3
99999 2018 4 11 18 90 4
99999 2018 4 11 19 90 4
99999 2018 4 11 20 90 6
99999 2018 4 11 21 90 5
99999 2018 4 11 22 90 6
99999 2018 4 11 23 90 5
99999 2018 4 12 0 90 3
99999 2018 4 12 1 90 5
99999 2018 4 12 2 90 3
99999 2018 4 12 3 90 4
99999 2018 4 12 4 90 4
99999 2018 4 12 5 90 3
99999 2018 4 12 6 90 2
99999 2018 4 12 7 112 2
99999 2018 4 12 8 90 2
99999 2018 4 12 9 112 3
99999 2018 4 12 10 135 4
99999 2018 4 12 11 135 2
99999 2018 4 12 12 180 1
99999 2018 4 12 13 158 1
99999 2018 4 12 14 0 3
99999 2018 4 12 15 0 2
99999 2018 4 12 16 22 3
99999 2018 4 12 17 90 4
99999 2018 4 12 18 90 5
99999 2018 4 12 19 135 5
99999 2018 4 12 20 135 3
99999 2018 4 12 21 180 2
99999 2018 4 12 22 112 1
99999 2018 4 12 23 112 1
99999 2018 4 13 0 135 1
99999 2018 4 13 1 180 4
99999 2018 4 13 2 225 3
99999 2018 4 13 3 270 3
99999 2018 4 13 4 270 1
99999 2018 4 13 5 112 2
99999 2018 4 13 6 315 0
99999 2018 4 13 7 315 0
99999 2018 4 13 20 90 4
99999 2018 4 13 21 90 3
99999 2018 4 13 22 112 3
99999 2018 4 13 23 90 1
99999 2018 4 14 0 68 1
99999 2018 4 14 1 68 1
99999 2018 4 14 2 270 1
99999 2018 4 14 3 270 0
99999 2018 4 14 4 270 0
99999 2018 4 14 5 270 1
99999 2018 4 14 6 292 1
99999 2018 4 14 7 292 1
99999 2018 4 14 8 292 1
99999 2018 4 14 9 248 2
99999 2018 4 14 10 338 2
99999 2018 4 14 11 112 2
99999 2018 4 14 12 22 3
99999 2018 4 14 13 90 3
99999 2018 4 14 14 90 3
99999 2018 4 14 15 90 4
99999 2018 4 14 16 90 3
99999 2018 4 14 17 112 3
99999 2018 4 14 18 90 4
99999 2018 4 14 19 90 3
99999 2018 4 14 20 90 3
99999 2018 4 14 21 90 1
99999 2018 4 14 22 112 1
99999 2018 4 14 23 112 1
99999 2018 4 15 0 158 1
99999 2018 4 15 1 158 0
99999 2018 4 15 2 180 1
99999 2018 4 15 3 292 2
99999 2018 4 15 4 270 3
99999 2018 4 15 5 270 3
99999 2018 4 15 6 270 3
99999 2018 4 15 7 292 2
99999 2018 4 15 8 292 3
99999 2018 4 15 9 292 3
99999 2018 4 15 10 292 3
99999 2018 4 15 11 292 4
99999 2018 4 15 12 270 3
99999 2018 4 15 13 292 3
99999 2018 4 15 14 270 3
99999 2018 4 15 15 270 3
99999 2018 4 15 16 292 2
99999 2018 4 15 17 292 3
99999 2018 4 15 18 248 2
99999 2018 4 15 19 338 3
99999 2018 4 15 20 270 3
99999 2018 4 15 21 270 3
99999 2018 4 15 22 270 3
99999 2018 4 15 23 270 3
99999 2018 4 16 0 270 3
99999 2018 4 16 1 270 3
99999 2018 4 16 2 270 3
99999 2018 4 16 3 292 2
99999 2018 4 16 16 270 2
99999 2018 4 16 17 338 2
99999 2018 4 16 18 315 2
99999 2018 4 16 19 315 2
99999 2018 4 16 20 292 1
99999 2018 4 16 21 292 1
99999 2018 4 16 22 292 1
99999 2018 4 16 23 270 1
99999 2018 4 17 0 68 1
99999 2018 4 17 1 202 2
99999 2018 4 17 2 202 1
99999 2018 4 17 3 202 1
99999 2018 4 17 4 90 1
99999 2018 4 17 5 90 0
99999 2018 4 17 6 135 1
99999 2018 4 17 7 135 1
99999 2018 4 17 8 202 1
99999 2018 4 17 9 338 2
99999 2018 4 17 10 270 3
99999 2018 4 17 11 315 3
99999 2018 4 17 12 270 4
99999 2018 4 17 13 338 3
99999 2018 4 17 14 338 3
99999 2018 4 17 15 338 3
99999 2018 4 17 16 90 3
99999 2018 4 17 17 90 3
99999 2018 4 17 18 90 4
99999 2018 4 17 19 90 3
99999 2018 4 17 20 90 3
99999 2018 4 17 21 112 1
99999 2018 4 17 22 135 0
99999 2018 4 17 23 135 1
99999 2018 4 18 0 135 0
99999 2018 4 18 1 135 0
99999 2018 4 18 2 135 0
99999 2018 4 18 3 135 0
99999 2018 4 18 4 135 0
99999 2018 4 18 5 180 1
99999 2018 4 18 6 180 1
99999 2018 4 18 7 292 1
99999 2018 4 18 8 292 2
99999 2018 4 18 9 270 3
99999 2018 4 18 10 270 3
99999 2018 4 18 11 315 2
99999 2018 4 18 12 90 3
99999 2018 4 18 13 90 5
99999 2018 4 18 14 90 6
99999 2018 4 18 15 90 5
99999 2018 4 18 16 90 4
99999 2018 4 18 17 90 4
99999 2018 4 18 18 112 4
99999 2018 4 18 19 90 3
99999 2018 4 18 20 135 3
99999 2018 4 18 21 158 1
99999 2018 4 18 22 158 1
99999 2018 4 18 23 180 1
99999 2018 4 19 0 180 1
99999 2018 4 19 1 180 1
99999 2018 4 19 2 180 0
99999 2018 4 19 3 180 1
99999 2018 4 19 4 180 0
99999 2018 4 19 5 180 0
99999 2018 4 19 6 292 1
99999 2018 4 19 7 270 1
99999 2018 4 19 8 270 1
99999 2018 4 19 9 292 3
99999 2018 4 19 10 292 2
99999 2018 4 19 11 338 2
99999 2018 4 19 12 0 3
99999 2018 4 19 13 22 3
99999 2018 4 19 14 0 2
99999 2018 4 19 15 22 3
99999 2018 4 19 16 112 3
99999 2018 4 19 17 22 3
99999 2018 4 19 18 22 2
99999 2018 4 19 19 22 2
99999 2018 4 19 20 90 2
99999 2018 4 19 21 112 1
99999 2018 4 19 22 158 1
99999 2018 4 19 23 180 0
99999 2018 4 20 0 180 1
99999 2018 4 20 1 180 1
99999 2018 4 20 2 180 1
99999 2018 4 20 3 180 0
99999 2018 4 20 4 180 0
99999 2018 4 20 5 180 0
99999 2018 4 20 6 202 1
99999 2018 4 20 7 270 2
99999 2018 4 20 8 270 2
99999 2018 4 20 9 270 3
99999 2018 4 20 10 292 4
99999 2018 4 20 11 270 3
99999 2018 4 20 12 338 3
99999 2018 4 20 13 0 3
99999 2018 4 20 14 0 3
99999 2018 4 20 15 22 3
99999 2018 4 20 16 22 3
99999 2018 4 20 17 0 3
99999 2018 4 20 18 90 3
99999 2018 4 20 19 90 2
99999 2018 4 20 20 112 2
99999 2018 4 20 21 112 2
99999 2018 4 20 22 180 0
99999 2018 4 20 23 180 1
99999 2018 4 21 0 180 1
99999 2018 4 21 1 180 0
99999 2018 4 21 2 180 1
99999 2018 4 21 3 180 2
99999 2018 4 21 4 202 1
99999 2018 4 21 5 202 0
99999 2018 4 21 6 202 0
99999 2018 4 21 7 202 0
99999 2018 4 21 8 202 0
99999 2018 4 21 9 292 1
99999 2018 4 21 10 338 3
99999 2018 4 21 11 292 3
99999 2018 4 21 12 338 3
99999 2018 4 21 13 22 3
99999 2018 4 21 14 0 3
99999 2018 4 21 15 0 3
99999 2018 4 21 16 90 3
99999 2018 4 21 17 90 3
99999 2018 4 21 18 90 3
99999 2018 4 21 19 90 2
99999 2018 4 21 20 90 3
99999 2018 4 21 21 112 3
99999 2018 4 21 22 112 3
99999 2018 4 21 23 90 1
99999 2018 4 22 12 22 2
99999 2018 4 22 13 22 3
99999 2018 4 22 14 90 3
99999 2018 4 22 15 90 3
99999 2018 4 22 16 90 3
99999 2018 4 22 17 90 3
99999 2018 4 22 18 90 6
99999 2018 4 22 19 90 4
99999 2018 4 22 20 90 4
99999 2018 4 22 21 90 3
99999 2018 4 22 22 90 2
99999 2018 4 22 23 90 2
99999 2018 4 23 0 90 1
99999 2018 4 23 2 90 1
99999 2018 4 23 3 180 2
99999 2018 4 23 4 338 2
99999 2018 4 23 5 22 1
99999 2018 4 23 6 45 1
99999 2018 4 23 7 45 0
99999 2018 4 23 8 45 0
99999 2018 4 23 22 202 4
99999 2018 4 23 23 225 5
99999 2018 4 24 0 202 4
99999 2018 4 24 1 202 4
99999 2018 4 24 2 202 3
99999 2018 4 24 3 202 3
99999 2018 4 24 4 180 3
99999 2018 4 24 5 180 1
99999 2018 4 24 6 202 1
99999 2018 4 24 7 202 3
99999 2018 4 24 20 90 1
99999 2018 4 24 21 180 2
99999 2018 4 24 22 202 4
99999 2018 4 24 23 202 5
99999 2018 4 25 0 202 5
99999 2018 4 25 1 202 6
99999 2018 4 25 2 202 5
99999 2018 4 25 3 202 6
99999 2018 4 25 4 338 3
99999 2018 4 25 5 225 2
99999 2018 4 25 6 202 1
99999 2018 4 25 21 180 3
99999 2018 4 25 22 202 6
99999 2018 4 25 23 180 7
99999 2018 4 26 0 202 6
99999 2018 4 26 1 202 6
99999 2018 4 26 2 202 2
99999 2018 4 26 3 202 3
99999 2018 4 26 4 202 5
99999 2018 4 26 21 180 4
99999 2018 4 26 22 158 2
99999 2018 4 26 23 202 3
99999 2018 4 27 0 202 5
99999 2018 4 27 1 248 3
99999 2018 4 27 2 180 2
99999 2018 4 27 3 315 3
99999 2018 4 28 0 135 1
99999 2018 4 28 1 135 1
99999 2018 4 28 2 158 1
99999 2018 4 28 3 158 1
99999 2018 4 28 4 158 1
99999 2018 4 28 5 158 0
99999 2018 4 28 6 158 1
99999 2018 4 28 7 68 1
99999 2018 4 28 8 68 0
99999 2018 4 28 9 292 1
99999 2018 4 28 10 338 1
99999 2018 4 28 11 90 3
99999 2018 4 28 12 90 2
99999 2018 4 28 13 90 4
99999 2018 4 28 14 90 4
99999 2018 4 28 15 90 4
99999 2018 4 28 16 90 4
99999 2018 4 28 17 90 4
99999 2018 4 28 18 90 4
99999 2018 4 28 19 90 3
99999 2018 4 28 20 90 2
99999 2018 4 28 21 90 2
99999 2018 4 28 22 112 1
99999 2018 4 28 23 158 2
99999 2018 4 29 13 90 2
99999 2018 4 29 14 90 2
99999 2018 4 29 15 90 5
99999 2018 4 29 16 90 8
99999 2018 4 29 17 90 6
99999 2018 4 29 18 90 4
99999 2018 4 29 19 112 5
99999 2018 4 29 20 112 5
99999 2018 4 29 21 112 3
99999 2018 4 29 22 112 2
99999 2018 4 29 23 112 0
99999 2018 4 30 0 135 0
99999 2018 4 30 1 135 1
99999 2018 4 30 2 180 5
99999 2018 4 30 3 180 6
99999 2018 4 30 4 248 3
99999 2018 4 30 5 270 1
99999 2018 4 30 6 225 2
99999 2018 4 30 7 248 1
99999 2018 4 30 8 202 3
99999 2018 4 30 9 248 3
99999 2018 4 30 10 180 3
99999 2018 4 30 11 180 5
99999 2018 4 30 12 248 3
99999 2018 4 30 13 180 5
99999 2018 4 30 14 248 3
99999 2018 4 30 15 180 6
99999 2018 4 30 16 202 6
99999 2018 4 30 17 202 5
99999 2018 4 30 18 225 3
99999 2018 4 30 19 202 3
99999 2018 4 30 20 180 3
99999 2018 4 30 21 180 3
99999 2018 4 30 22 202 5
99999 2018 4 30 23 270 3
99999 2018 5 1 0 180 3
99999 2018 5 1 1 180 1
99999 2018 5 1 2 112 2
99999 2018 5 1 3 135 3
99999 2018 5 1 4 180 3
99999 2018 5 1 5 90 0
99999 2018 5 1 6 90 1
99999 2018 5 1 7 180 3
99999 2018 5 1 8 158 3
99999 2018 5 1 9 180 3
99999 2018 5 1 10 180 3
99999 2018 5 1 11 180 3
99999 2018 5 1 12 202 2
99999 2018 5 1 13 338 2
99999 2018 5 1 14 45 1
99999 2018 5 1 15 112 2
99999 2018 5 1 16 270 3
99999 2018 5 1 17 202 3
99999 2018 5 1 18 270 3
99999 2018 5 1 19 248 3
99999 2018 5 1 20 292 2
99999 2018 5 1 21 292 2
99999 2018 5 1 22 270 2
99999 2018 5 1 23 292 2
99999 2018 5 2 0 0 2
99999 2018 5 2 1 338 2
99999 2018 5 2 2 338 2
99999 2018 5 2 3 338 1
99999 2018 5 2 4 338 1
99999 2018 5 2 5 0 2
99999 2018 5 2 6 22 1
99999 2018 5 2 7 90 2
99999 2018 5 2 8 45 1
99999 2018 5 2 9 22 3
99999 2018 5 2 10 22 3
99999 2018 5 2 11 22 1
99999 2018 5 2 12 90 0
99999 2018 5 2 13 292 2
99999 2018 5 2 14 292 3
99999 2018 5 2 15 315 3
99999 2018 5 2 16 270 3
99999 2018 5 2 17 292 3
99999 2018 5 2 18 270 3
99999 2018 5 2 19 315 4
99999 2018 5 2 20 270 4
99999 2018 5 2 21 315 4
99999 2018 5 2 22 270 3
99999 2018 5 2 23 292 3
99999 2018 5 3 20 135 2
99999 2018 5 3 21 180 1
99999 2018 5 3 22 292 3
99999 2018 5 3 23 315 0
99999 2018 5 4 0 338 1
99999 2018 5 4 1 292 1
99999 2018 5 4 2 0 1
99999 2018 5 4 3 90 2
99999 2018 5 4 4 45 2
99999 2018 5 4 5 22 2
99999 2018 5 4 6 22 1
99999 2018 5 4 7 90 1
99999 2018 5 4 8 22 1
99999 2018 5 4 9 68 1
99999 2018 5 4 10 22 3
99999 2018 5 4 11 22 3
99999 2018 5 4 12 90 3
99999 2018 5 4 13 90 4
99999 2018 5 4 14 90 5
99999 2018 5 4 15 90 5
99999 2018 5 4 16 90 4
99999 2018 5 4 17 90 5
99999 2018 5 4 18 90 4
99999 2018 5 4 19 90 4
99999 2018 5 4 20 90 3
99999 2018 5 4 21 90 2
99999 2018 5 4 22 90 0
99999 2018 5 4 23 90 0
99999 2018 5 5 0 90 0
99999 2018 5 5 1 315 1
99999 2018 5 5 2 315 2
99999 2018 5 5 3 315 2
99999 2018 5 5 4 292 1
99999 2018 5 5 17 0 2
99999 2018 5 5 18 0 2
99999 2018 5 5 19 90 1
99999 2018 5 5 20 202 1
99999 2018 5 5 21 315 2
99999 2018 5 5 22 292 2
99999 2018 5 5 23 270 2
99999 2018 5 6 21 90 1
99999 2018 5 6 22 90 1
99999 2018 5 6 23 90 0
99999 2018 5 7 0 90 2
99999 2018 5 7 1 180 0
99999 2018 5 7 2 180 1
99999 2018 5 7 3 0 0
99999 2018 5 7 4 158 0
99999 2018 5 7 5 202 0
99999 2018 5 7 6 248 0
99999 2018 5 7 7 248 0
99999 2018 5 7 8 248 1
99999 2018 5 7 9 292 2
99999 2018 5 7 10 270 2
99999 2018 5 7 11 315 3
99999 2018 5 7 12 315 3
99999 2018 5 7 13 338 3
99999 2018 5 7 14 338 3
99999 2018 5 7 15 0 3
99999 2018 5 7 16 0 3
99999 2018 5 7 17 338 2
99999 2018 5 7 18 0 2
99999 2018 5 7 19 45 1
99999 2018 5 7 20 270 3
99999 2018 5 7 21 248 3
99999 2018 5 7 22 292 3
99999 2018 5 7 23 270 2
99999 2018 5 8 0 270 2
99999 2018 5 8 1 248 2
99999 2018 5 8 2 248 3
99999 2018 5 8 3 270 2
99999 2018 5 8 4 248 2
99999 2018 5 8 5 270 2
99999 2018 5 8 6 270 2
99999 2018 5 8 7 270 3
99999 2018 5 8 8 292 3
99999 2018 5 8 9 315 5
99999 2018 5 8 10 292 3
99999 2018 5 8 11 315 4
99999 2018 5 8 12 315 4
99999 2018 5 8 13 315 3
99999 2018 5 8 14 0 3
99999 2018 5 8 15 22 2
99999 2018 5 8 16 68 2
99999 2018 5 8 17 90 3
99999 2018 5 8 18 90 3
99999 2018 5 8 19 90 3
99999 2018 5 8 20 90 2
99999 2018 5 8 21 0 3
99999 2018 5 8 22 338 1
99999 2018 5 8 23 338 0
99999 2018 5 9 15 292 3
99999 2018 5 9 16 248 4
99999 2018 5 9 17 270 3
99999 2018 5 9 18 338 1
99999 2018 5 9 19 135 2
99999 2018 5 9 20 135 3
99999 2018 5 9 21 225 1
99999 2018 5 9 22 338 0
99999 2018 5 9 23 338 1
99999 2018 5 10 0 292 1
99999 2018 5 10 1 248 2
99999 2018 5 10 2 270 2
99999 2018 5 10 3 292 2
99999 2018 5 10 4 292 2
99999 2018 5 10 5 292 2
99999 2018 5 10 6 292 2
99999 2018 5 10 7 270 2
99999 2018 5 10 8 270 3
99999 2018 5 10 9 292 3
99999 2018 5 10 10 270 3
99999 2018 5 10 11 292 3
99999 2018 5 10 12 338 3
99999 2018 5 10 13 338 4
99999 2018 5 10 14 338 3
99999 2018 5 10 15 270 2
99999 2018 5 10 16 202 3
99999 2018 5 10 17 270 2
99999 2018 5 10 18 90 3
99999 2018 5 10 19 90 1
99999 2018 5 10 20 158 2
99999 2018 5 10 21 158 1
99999 2018 5 10 22 158 1
99999 2018 5 10 23 180 2
99999 2018 5 11 14 0 3
99999 2018 5 11 15 90 3
99999 2018 5 11 16 90 3
99999 2018 5 11 17 202 4
99999 2018 5 11 18 202 4
99999 2018 5 11 19 180 3
99999 2018 5 11 20 225 2
99999 2018 5 11 21 338 2
99999 2018 5 11 22 112 1
99999 2018 5 11 23 112 1
99999 2018 5 12 0 315 1
99999 2018 5 12 1 315 3
99999 2018 5 12 2 248 2
99999 2018 5 12 3 248 2
99999 2018 5 12 4 202 1
99999 2018 5 12 5 248 1
99999 2018 5 12 6 248 2
99999 2018 5 12 7 248 2
99999 2018 5 12 8 270 2
99999 2018 5 12 9 270 3
99999 2018 5 12 10 292 3
99999 2018 5 12 11 315 3
99999 2018 5 12 12 270 2
99999 2018 5 12 13 270 3
99999 2018 5 12 14 0 3
99999 2018 5 12 15 112 2
99999 2018 5 12 16 135 4
99999 2018 5 12 17 180 2
99999 2018 5 12 18 270 3
99999 2018 5 12 19 270 2
99999 2018 5 12 20 180 1
99999 2018 5 12 21 180 0
99999 2018 5 12 22 180 1
99999 2018 5 12 23 135 2
99999 2018 5 13 0 135 1
99999 2018 5 13 1 202 1
99999 2018 5 13 2 270 2
99999 2018 5 13 3 202 3
99999 2018 5 13 4 225 1
99999 2018 5 13 5 202 0
99999 2018 5 13 6 202 0
99999 2018 5 13 7 270 1
99999 2018 5 13 8 180 3
99999 2018 5 13 9 180 3
99999 2018 5 13 10 270 3
99999 2018 5 13 11 90 2
99999 2018 5 13 12 112 3
99999 2018 5 13 13 180 4
99999 2018 5 13 14 202 8
99999 2018 5 13 15 180 7
99999 2018 5 13 16 180 6
99999 2018 5 13 17 202 5
99999 2018 5 13 18 180 7
99999 2018 5 13 19 202 6
99999 2018 5 13 20 158 3
99999 2018 5 13 21 135 3
99999 2018 5 13 22 202 2
99999 2018 5 13 23 202 5
99999 2018 5 14 0 202 3
99999 2018 5 14 1 180 3
99999 2018 5 14 2 180 1
99999 2018 5 14 3 180 2
99999 2018 5 14 4 225 3
99999 2018 5 14 17 338 5
99999 2018 5 14 18 338 3
99999 2018 5 14 19 338 5
99999 2018 5 14 20 270 3
99999 2018 5 14 21 270 2
99999 2018 5 14 22 338 1
99999 2018 5 14 23 202 4
99999 2018 5 15 0 202 4
99999 2018 5 15 1 180 4
99999 2018 5 15 2 270 3
99999 2018 5 15 3 180 5
99999 2018 5 15 4 202 5
99999 2018 5 15 5 202 5
99999 2018 5 15 6 248 3
99999 2018 5 15 7 202 2
99999 2018 5 15 8 202 6
99999 2018 5 15 9 180 5
99999 2018 5 15 10 180 4
99999 2018 5 15 11 338 3
99999 2018 5 15 12 338 4
99999 2018 5 15 13 338 3
99999 2018 5 15 14 315 4
99999 2018 5 15 15 0 3
99999 2018 5 15 16 0 3
99999 2018 5 15 17 338 3
99999 2018 5 15 18 202 4
99999 2018 5 15 19 202 3
99999 2018 5 15 20 202 3
99999 2018 5 15 21 248 2
99999 2018 5 15 22 202 3
99999 2018 5 15 23 202 3
99999 2018 5 16 0 202 3
99999 2018 5 16 1 202 1
99999 2018 5 16 2 225 2
99999 2018 5 16 3 180 3
99999 2018 5 16 4 225 3
99999 2018 5 16 5 270 1
99999 2018 5 16 6 202 2
99999 2018 5 16 7 202 1
99999 2018 5 16 8 202 2
99999 2018 5 16 9 270 2
99999 2018 5 16 10 270 2
99999 2018 5 16 11 338 3
99999 2018 5 16 12 292 2
99999 2018 5 16 13 270 3
99999 2018 5 16 14 112 3
99999 2018 5 16 15 90 3
99999 2018 5 16 16 90 3
99999 2018 5 16 17 112 3
99999 2018 5 16 18 202 4
99999 2018 5 16 19 270 3
99999 2018 5 16 20 248 1
99999 2018 5 16 21 112 1
99999 2018 5 16 22 112 0
99999 2018 5 16 23 112 2
99999 2018 5 17 0 112 3
99999 2018 5 17 1 202 5
99999 2018 5 17 2 270 3
99999 2018 5 17 3 225 3
99999 2018 5 17 4 248 2
99999 2018 5 17 5 248 1
99999 2018 5 17 6 248 2
99999 2018 5 17 7 248 2
99999 2018 5 17 20 180 2
99999 2018 5 17 21 180 2
99999 2018 5 17 22 112 1
99999 2018 5 17 23 112 1
99999 2018 5 18 0 248 0
99999 2018 5 18 1 270 0
99999 2018 5 18 2 270 0
99999 2018 5 18 3 270 0
99999 2018 5 18 4 270 0
99999 2018 5 18 5 270 1
99999 2018 5 18 6 270 2
99999 2018 5 18 7 202 1
99999 2018 5 18 8 202 0
99999 2018 5 18 22 90 2
99999 2018 5 18 23 112 1
99999 2018 5 19 12 0 3
99999 2018 5 19 13 112 3
99999 2018 5 19 14 338 3
99999 2018 5 19 15 90 3
99999 2018 5 19 16 90 3
99999 2018 5 19 17 22 3
99999 2018 5 19 18 90 3
99999 2018 5 19 19 90 3
99999 2018 5 19 20 90 3
99999 2018 5 19 21 90 3
99999 2018 5 19 22 90 2
99999 2018 5 19 23 90 1
99999 2018 5 20 0 90 1
99999 2018 5 20 1 90 0
99999 2018 5 20 2 22 1
99999 2018 5 20 3 22 2
99999 2018 5 20 4 68 0
99999 2018 5 20 5 158 1
99999 2018 5 20 6 202 0
99999 2018 5 20 7 202 1
99999 2018 5 20 8 292 2
99999 2018 5 20 9 270 3
99999 2018 5 20 10 292 3
99999 2018 5 20 11 338 2
99999 2018 5 20 12 22 2
99999 2018 5 20 13 90 3
99999 2018 5 20 14 90 3
99999 2018 5 20 15 90 4
99999 2018 5 20 16 90 5
99999 2018 5 20 17 90 6
99999 2018 5 20 18 90 5
99999 2018 5 20 19 90 4
99999 2018 5 20 20 90 3
99999 2018 5 20 21 90 2
99999 2018 5 20 22 90 1
99999 2018 5 20 23 45 1
99999 2018 5 21 0 68 1
99999 2018 5 21 1 158 1
99999 2018 5 21 15 112 3
99999 2018 5 21 16 135 5
99999 2018 5 21 17 158 3
99999 2018 5 21 18 248 2
99999 2018 5 21 19 180 3
99999 2018 5 21 20 202 2
99999 2018 5 21 21 180 1
99999 2018 5 21 22 202 1
99999 2018 5 21 23 292 3
99999 2018 5 22 0 270 3
99999 2018 5 22 17 90 3
99999 2018 5 22 18 90 3
99999 2018 5 22 19 90 3
99999 2018 5 22 20 90 3
99999 2018 5 22 21 90 3
99999 2018 5 22 22 90 3
99999 2018 5 22 23 90 1
99999 2018 5 23 0 0 1
99999 2018 5 23 1 292 2
99999 2018 5 23 2 292 1
99999 2018 5 23 17 45 1
99999 2018 5 23 18 22 2
99999 2018 5 23 19 315 2
99999 2018 5 23 20 45 1
99999 2018 5 23 21 315 1
99999 2018 5 23 22 225 1
99999 2018 5 23 23 225 1
99999 2018 5 24 0 225 2
99999 2018 5 24 1 225 2
99999 2018 5 24 2 225 2
99999 2018 5 24 3 202 3
99999 2018 5 24 4 202 3
99999 2018 5 24 5 202 1
99999 2018 5 24 6 202 2
99999 2018 5 24 21 0 2
99999 2018 5 24 22 0 1
99999 2018 5 24 23 202 1
99999 2018 5 25 0 202 2
99999 2018 5 25 1 202 1
99999 2018 5 25 2 202 2
99999 2018 5 25 3 202 2
99999 2018 5 25 4 202 1
99999 2018 5 25 5 270 2
99999 2018 5 25 6 248 1
99999 2018 5 25 7 248 1
99999 2018 5 25 8 248 0
99999 2018 5 25 9 270 3
99999 2018 5 25 10 315 3
99999 2018 5 25 11 338 3
99999 2018 5 25 12 338 3
99999 2018 5 25 13 0 3
99999 2018 5 25 14 0 3
99999 2018 5 25 15 22 3
99999 2018 5 25 16 112 3
99999 2018 5 25 17 338 3
99999 2018 5 25 18 338 3
99999 2018 5 25 19 338 3
99999 2018 5 25 20 0 1
99999 2018 5 25 21 68 1
99999 2018 5 25 22 158 1
99999 2018 5 25 23 158 1
99999 2018 5 26 12 45 2
99999 2018 5 26 13 0 3
99999 2018 5 26 14 90 3
99999 2018 5 26 15 90 3
99999 2018 5 26 16 90 3
99999 2018 5 26 17 90 3
99999 2018 5 26 18 90 3
99999 2018 5 26 19 90 4
99999 2018 5 26 20 90 4
99999 2018 5 26 21 112 3
99999 2018 5 26 22 112 2
99999 2018 5 26 23 90 1
99999 2018 5 27 0 90 0
99999 2018 5 27 1 90 0
99999 2018 5 27 2 90 0
99999 2018 5 27 3 90 0
99999 2018 5 27 4 90 0
99999 2018 5 27 5 225 1
99999 2018 5 27 6 22 2
99999 2018 5 27 7 90 1
99999 2018 5 27 8 270 1
99999 2018 5 27 9 248 3
99999 2018 5 27 10 270 3
99999 2018 5 27 11 270 2
99999 2018 5 27 12 112 2
99999 2018 5 27 13 90 2
99999 2018 5 27 14 90 3
99999 2018 5 27 15 90 4
99999 2018 5 27 16 90 4
99999 2018 5 27 17 90 4
99999 2018 5 27 18 90 5
99999 2018 5 27 19 90 5
99999 2018 5 27 20 90 4
99999 2018 5 27 21 90 3
99999 2018 5 27 22 90 3
99999 2018 5 27 23 112 1
99999 2018 5 28 0 112 1
99999 2018 5 28 1 68 1
99999 2018 5 28 2 68 0
99999 2018 5 28 3 248 1
99999 2018 5 28 4 202 0
99999 2018 5 28 5 202 0
99999 2018 5 28 6 202 0
99999 2018 5 28 7 338 1
99999 2018 5 28 8 292 3
99999 2018 5 28 9 270 3
99999 2018 5 28 10 270 5
99999 2018 5 28 11 270 4
99999 2018 5 28 12 270 3
99999 2018 5 28 13 315 3
99999 2018 5 28 14 338 3
99999 2018 5 28 15 338 3
99999 2018 5 28 16 0 3
99999 2018 5 28 17 90 2
99999 2018 5 28 18 90 3
99999 2018 5 28 19 90 3
99999 2018 5 28 20 90 3
99999 2018 5 28 21 90 0
99999 2018 5 28 22 292 1
99999 2018 5 28 23 90 2
99999 2018 5 29 0 270 3
99999 2018 5 29 1 292 3
99999 2018 5 29 2 270 3
99999 2018 5 29 3 270 3
99999 2018 5 29 19 248 3
99999 2018 5 29 20 248 2
99999 2018 5 29 21 202 2
99999 2018 5 29 22 248 1
99999 2018 5 29 23 202 3
99999 2018 5 30 13 112 3
99999 2018 5 30 14 90 3
99999 2018 5 30 15 90 3
99999 2018 5 30 16 135 1
99999 2018 5 30 17 112 1
99999 2018 5 30 18 135 2
99999 2018 5 30 19 90 2
99999 2018 5 30 20 135 2
99999 2018 5 30 21 112 2
99999 2018 5 30 22 112 2
99999 2018 5 30 23 135 1
99999 2018 5 31 0 135 0
99999 2018 5 31 1 202 3
99999 2018 5 31 2 202 0
99999 2018 5 31 3 112 1
99999 2018 5 31 4 135 0
99999 2018 5 31 5 270 2
99999 2018 5 31 6 248 1
99999 2018 5 31 7 270 1
99999 2018 5 31 8 135 1
99999 2018 5 31 9 270 2
99999 2018 5 31 10 315 3
99999 2018 5 31 11 315 3
99999 2018 5 31 12 338 3
99999 2018 5 31 13 338 3
99999 2018 5 31 14 338 3
99999 2018 5 31 15 338 4
99999 2018 5 31 16 270 3
99999 2018 5 31 17 292 3
99999 2018 5 31 18 270 7
99999 2018 5 31 19 338 4
99999 2018 5 31 20 180 2
99999 2018 5 31 21 248 2
99999 2018 5 31 22 338 2
99999 2018 5 31 23 292 1
99999 2018 6 1 0 202 2
99999 2018 6 1 1 202 3
99999 2018 6 1 2 202 3
99999 2018 6 1 3 180 3
99999 2018 6 1 4 202 5
99999 2018 6 1 5 180 5
99999 2018 6 1 18 180 3
99999 2018 6 1 19 202 5
99999 2018 6 1 20 202 5
99999 2018 6 1 21 180 4
99999 2018 6 1 22 180 4
99999 2018 6 1 23 202 5
99999 2018 6 2 0 202 5
99999 2018 6 2 1 202 4
99999 2018 6 2 2 202 4
99999 2018 6 2 21 180 3
99999 2018 6 2 22 202 3
99999 2018 6 2 23 202 4
99999 2018 6 3 0 180 4
99999 2018 6 3 1 202 4
99999 2018 6 3 2 202 3
99999 2018 6 3 3 202 0
99999 2018 6 3 4 202 0
99999 2018 6 3 20 90 3
99999 2018 6 3 21 112 4
99999 2018 6 3 22 90 2
99999 2018 6 3 23 135 2
99999 2018 6 4 0 135 0
99999 2018 6 4 1 135 0
99999 2018 6 4 2 158 1
99999 2018 6 4 3 202 2
99999 2018 6 4 4 338 2
99999 2018 6 4 5 202 3
99999 2018 6 4 6 202 1
99999 2018 6 4 7 158 1
99999 2018 6 4 8 315 2
99999 2018 6 4 9 292 3
99999 2018 6 4 10 338 3
99999 2018 6 4 11 338 3
99999 2018 6 4 12 135 3
99999 2018 6 4 13 202 3
99999 2018 6 4 14 0 3
99999 2018 6 4 15 45 2
99999 2018 6 4 16 135 5
99999 2018 6 4 17 202 7
99999 2018 6 4 18 180 5
99999 2018 6 4 19 315 5
99999 2018 6 4 20 0 1
99999 2018 6 4 21 180 1
99999 2018 6 4 22 248 1
99999 2018 6 4 23 248 1
99999 2018 6 5 0 270 1
99999 2018 6 5 1 292 3
99999 2018 6 5 2 270 4
99999 2018 6 5 3 270 3
99999 2018 6 5 4 270 3
99999 2018 6 5 5 270 3
99999 2018 6 5 6 292 3
99999 2018 6 5 7 292 2
99999 2018 6 5 8 338 2
99999 2018 6 5 9 270 3
99999 2018 6 5 10 270 4
99999 2018 6 5 11 292 3
99999 2018 6 5 12 338 3
99999 2018 6 5 13 0 3
99999 2018 6 5 14 0 3
99999 2018 6 5 15 315 2
99999 2018 6 5 16 338 3
99999 2018 6 5 17 180 6
99999 2018 6 5 18 225 3
99999 2018 6 5 19 180 2
99999 2018 6 5 20 202 2
99999 2018 6 5 21 202 3
99999 2018 6 5 22 202 3
99999 2018 6 5 23 180 3
99999 2018 6 6 0 248 3
99999 2018 6 6 1 225 3
99999 2018 6 6 2 202 1
99999 2018 6 6 3 202 3
99999 2018 6 6 4 180 3
99999 2018 6 6 5 225 3
99999 2018 6 6 6 225 3
99999 2018 6 6 7 248 4
99999 2018 6 6 8 180 4
99999 2018 6 6 9 202 3
99999 2018 6 6 10 202 3
99999 2018 6 6 11 270 3
99999 2018 6 6 12 248 3
99999 2018 6 6 13 315 3
99999 2018 6 6 14 270 2
99999 2018 6 6 15 22 2
99999 2018 6 6 16 338 3
99999 2018 6 6 17 112 3
99999 2018 6 6 18 22 2
99999 2018 6 6 19 180 1
99999 2018 6 6 20 225 3
99999 2018 6 6 21 270 3
99999 2018 6 6 22 225 2
99999 2018 6 6 23 270 2
99999 2018 6 7 0 270 2
99999 2018 6 7 14 90 3
99999 2018 6 7 15 90 3
99999 2018 6 7 16 90 4
99999 2018 6 7 17 90 3
99999 2018 6 7 18 90 3
99999 2018 6 7 19 90 5
99999 2018 6 7 20 112 4
99999 2018 6 7 21 135 1
99999 2018 6 7 22 112 2
99999 2018 6 7 23 292 3
99999 2018 6 8 0 270 3
99999 2018 6 8 1 270 4
99999 2018 6 8 2 270 3
99999 2018 6 8 3 68 3
99999 2018 6 8 4 338 3
99999 2018 6 8 5 270 4
99999 2018 6 8 6 292 2
99999 2018 6 8 7 292 1
99999 2018 6 8 8 180 2
99999 2018 6 8 9 338 2
99999 2018 6 8 10 68 1
99999 2018 6 8 11 0 3
99999 2018 6 8 12 0 3
99999 2018 6 8 13 292 2
99999 2018 6 8 14 338 3
99999 2018 6 8 15 315 3
99999 2018 6 8 16 338 4
99999 2018 6 8 17 0 3
99999 2018 6 8 18 315 3
99999 2018 6 8 19 338 3
99999 2018 6 8 20 270 3
99999 2018 6 8 21 292 2
99999 2018 6 8 22 270 1
99999 2018 6 8 23 270 1
99999 2018 6 9 0 248 1
99999 2018 6 9 1 225 2
99999 2018 6 9 2 180 2
99999 2018 6 9 3 225 3
99999 2018 6 9 4 248 2
99999 2018 6 9 5 225 2
99999 2018 6 9 6 202 1
99999 2018 6 9 7 225 2
99999 2018 6 9 8 292 3
99999 2018 6 9 9 270 3
99999 2018 6 9 10 270 3
99999 2018 6 9 11 270 4
99999 2018 6 9 12 270 4
99999 2018 6 9 13 270 3
99999 2018 6 9 14 315 4
99999 2018 6 9 15 315 3
99999 2018 6 9 16 315 3
99999 2018 6 9 17 338 3
99999 2018 6 9 18 338 3
99999 2018 6 9 19 202 5
99999 2018 6 9 20 202 4
99999 2018 6 9 21 180 4
99999 2018 6 9 22 180 5
99999 2018 6 9 23 202 6
99999 2018 6 10 0 202 5
99999 2018 6 10 1 202 4
99999 2018 6 10 2 202 5
99999 2018 6 10 3 202 6
99999 2018 6 10 4 202 5
99999 2018 6 10 5 248 3
99999 2018 6 10 6 248 3
99999 2018 6 10 19 202 4
99999 2018 6 10 20 180 3
99999 2018 6 10 21 180 3
99999 2018 6 10 22 202 3
99999 2018 6 10 23 202 5
99999 2018 6 11 0 202 5
99999 2018 6 11 1 202 4
99999 2018 6 11 2 202 4
99999 2018 6 11 3 202 4
99999 2018 6 11 17 315 8
99999 2018 6 11 18 180 2
99999 2018 6 11 19 135 3
99999 2018 6 11 20 135 3
99999 2018 6 11 21 135 1
99999 2018 6 11 22 338 2
99999 2018 6 11 23 0 0
99999 2018 6 12 0 0 1
99999 2018 6 12 1 158 0
99999 2018 6 12 2 158 1
99999 2018 6 12 3 158 1
99999 2018 6 12 4 202 3
99999 2018 6 12 5 202 4
99999 2018 6 12 6 135 2
99999 2018 6 12 7 135 1
99999 2018 6 12 8 202 2
99999 2018 6 12 9 202 3
99999 2018 6 12 10 202 4
99999 2018 6 12 11 270 3
99999 2018 6 12 12 180 4
99999 2018 6 12 13 202 3
99999 2018 6 12 14 112 3
99999 2018 6 12 15 180 3
99999 2018 6 12 16 202 3
99999 2018 6 12 17 202 4
99999 2018 6 12 18 202 6
99999 2018 6 12 19 270 4
99999 2018 6 12 20 270 3
99999 2018 6 12 21 202 2
99999 2018 6 12 22 180 1
99999 2018 6 12 23 202 3
99999 2018 6 13 0 225 3
99999 2018 6 13 1 270 2
99999 2018 6 13 2 292 1
99999 2018 6 13 3 202 3
99999 2018 6 13 4 202 3
99999 2018 6 13 5 202 3
99999 2018 6 13 6 180 3
99999 2018 6 13 7 202 4
99999 2018 6 13 8 202 5
99999 2018 6 13 9 202 3
99999 2018 6 13 22 202 3
99999 2018 6 13 23 180 2
99999 2018 6 14 0 180 2
99999 2018 6 14 1 270 2
99999 2018 6 14 2 270 2
99999 2018 6 14 3 292 3
99999 2018 6 14 4 338 3
99999 2018 6 14 5 202 1
99999 2018 6 14 6 292 3
99999 2018 6 14 7 225 1
99999 2018 6 14 21 90 1
99999 2018 6 14 22 90 1
99999 2018 6 14 23 112 0
99999 2018 6 15 0 112 1
99999 2018 6 15 1 112 1
99999 2018 6 15 2 112 0
99999 2018 6 15 3 112 1
99999 2018 6 15 4 112 1
99999 2018 6 15 5 112 0
99999 2018 6 15 6 135 1
99999 2018 6 15 7 0 2
99999 2018 6 15 8 338 2
99999 2018 6 15 9 338 1
99999 2018 6 15 10 22 3
99999 2018 6 15 11 90 3
99999 2018 6 15 12 90 4
99999 2018 6 15 13 0 3
99999 2018 6 15 14 90 3
99999 2018 6 15 15 112 3
99999 2018 6 15 16 90 4
99999 2018 6 15 17 90 3
99999 2018 6 15 18 90 3
99999 2018 6 15 19 90 3
99999 2018 6 15 20 90 2
99999 2018 6 15 21 90 2
99999 2018 6 15 22 90 1
99999 2018 6 15 23 90 1
99999 2018 6 16 22 90 0
99999 2018 6 16 23 112 1
99999 2018 6 17 0 112 1
99999 2018 6 17 1 158 2
99999 2018 6 17 2 180 2
99999 2018 6 17 3 202 2
99999 2018 6 17 4 202 1
99999 2018 6 17 22 90 0
99999 2018 6 17 23 90 1
99999 2018 6 18 0 90 1
99999 2018 6 18 1 90 1
99999 2018 6 18 2 90 1
99999 2018 6 18 3 158 1
99999 2018 6 18 4 225 1
99999 2018 6 18 5 202 2
99999 2018 6 18 6 202 0
99999 2018 6 18 7 202 1
99999 2018 6 18 8 270 3
99999 2018 6 18 9 315 3
99999 2018 6 18 10 292 1
