99999 2015 12 21 0 22 1
99999 2015 12 21 1 68 1
99999 2015 12 21 2 90 1
99999 2015 12 21 3 90 1
99999 2015 12 21 4 90 1
99999 2015 12 21 5 315 1
99999 2015 12 21 6 315 0
99999 2015 12 21 7 338 0
99999 2015 12 21 8 90 2
99999 2015 12 21 9 112 3
99999 2015 12 21 10 90 1
99999 2015 12 21 11 90 3
99999 2015 12 21 12 0 2
99999 2015 12 21 13 0 2
99999 2015 12 21 14 315 3
99999 2015 12 21 15 338 3
99999 2015 12 21 16 0 2
99999 2015 12 21 17 0 3
99999 2015 12 21 18 338 2
99999 2015 12 21 19 270 2
99999 2015 12 21 20 315 1
99999 2015 12 21 21 270 1
99999 2015 12 21 22 338 1
99999 2015 12 21 23 90 1
99999 2015 12 22 0 22 1
99999 2015 12 22 1 0 1
99999 2015 12 22 2 0 1
99999 2015 12 22 3 315 1
99999 2015 12 22 4 338 2
99999 2015 12 22 5 338 1
99999 2015 12 22 6 0 2
99999 2015 12 22 7 270 1
99999 2015 12 22 8 0 1
99999 2015 12 22 9 225 0
99999 2015 12 22 10 338 3
99999 2015 12 22 11 248 3
99999 2015 12 22 12 270 3
99999 2015 12 22 13 292 3
99999 2015 12 22 14 270 3
99999 2015 12 22 15 292 2
99999 2015 12 22 16 0 2
99999 2015 12 22 17 270 1
99999 2015 12 22 18 180 2
99999 2015 12 22 19 202 1
99999 2015 12 22 20 180 0
99999 2015 12 22 21 135 1
99999 2015 12 22 22 180 1
99999 2015 12 22 23 180 1
99999 2015 12 23 0 112 1
99999 2015 12 23 1 112 2
99999 2015 12 23 2 135 1
99999 2015 12 23 3 112 2
99999 2015 12 23 4 112 1
99999 2015 12 23 5 90 3
99999 2015 12 23 6 112 2
99999 2015 12 23 7 90 2
99999 2015 12 23 8 68 1
99999 2015 12 23 9 45 0
99999 2015 12 23 10 112 1
99999 2015 12 23 11 0 1
99999 2015 12 23 12 90 1
99999 2015 12 23 13 0 2
99999 2015 12 23 14 0 3
99999 2015 12 23 15 0 2
99999 2015 12 23 16 338 2
99999 2015 12 23 17 0 2
99999 2015 12 23 18 0 1
99999 2015 12 23 19 22 0
99999 2015 12 23 20 90 2
99999 2015 12 23 21 90 3
99999 2015 12 23 22 112 3
99999 2015 12 23 23 112 3
99999 2015 12 24 0 90 2
99999 2015 12 24 1 90 2
99999 2015 12 24 2 90 1
99999 2015 12 24 4 315 1
99999 2015 12 24 5 112 0
99999 2015 12 24 6 0 1
99999 2015 12 24 7 315 2
99999 2015 12 24 8 292 3
99999 2015 12 24 9 292 2
99999 2015 12 24 10 315 2
99999 2015 12 24 23 292 3
99999 2015 12 25 0 270 3
99999 2015 12 25 1 270 3
99999 2015 12 25 23 248 1
99999 2015 12 26 0 202 2
99999 2015 12 26 1 270 3
99999 2015 12 26 2 270 2
99999 2015 12 26 3 248 3
99999 2015 12 26 23 270 2
99999 2015 12 27 0 248 3
99999 2015 12 27 1 270 3
99999 2015 12 27 2 315 2
99999 2015 12 27 3 338 1
99999 2015 12 27 4 338 1
99999 2015 12 27 5 0 1
99999 2015 12 28 0 315 2
99999 2015 12 28 1 315 2
99999 2015 12 28 2 0 3
99999 2015 12 28 3 315 1
99999 2015 12 28 4 292 3
99999 2015 12 28 17 0 2
99999 2015 12 28 18 0 2
99999 2015 12 28 19 0 1
99999 2015 12 28 20 338 2
99999 2015 12 28 21 292 2
99999 2015 12 28 22 248 2
99999 2015 12 28 23 0 2
99999 2015 12 29 0 338 1
99999 2015 12 29 1 0 0
99999 2015 12 29 2 292 2
99999 2015 12 29 3 315 2
99999 2015 12 29 4 292 0
99999 2015 12 29 5 0 2
99999 2015 12 29 6 0 1
99999 2015 12 29 7 0 1
99999 2015 12 29 8 22 0
99999 2015 12 29 9 315 3
99999 2015 12 29 10 315 3
99999 2015 12 29 11 270 2
99999 2015 12 29 12 315 2
99999 2015 12 29 13 315 3
99999 2015 12 29 14 292 3
99999 2015 12 29 15 0 3
99999 2015 12 29 16 0 3
99999 2015 12 29 17 315 2
99999 2015 12 29 18 292 0
99999 2015 12 29 19 338 1
99999 2015 12 29 20 338 1
99999 2015 12 29 22 202 1
99999 2015 12 29 23 0 1
99999 2015 12 30 0 0 1
99999 2015 12 30 1 90 2
99999 2015 12 30 2 112 1
99999 2015 12 30 3 338 2
99999 2015 12 30 4 270 1
99999 2015 12 30 5 0 1
99999 2015 12 30 6 0 2
99999 2015 12 30 7 0 2
99999 2015 12 30 8 338 2
99999 2015 12 30 9 270 2
99999 2015 12 30 10 315 3
99999 2015 12 30 11 315 3
99999 2015 12 30 12 315 3
99999 2015 12 30 13 315 3
99999 2015 12 30 14 0 3
99999 2015 12 30 15 0 3
99999 2015 12 30 16 315 3
99999 2015 12 30 17 270 2
99999 2015 12 30 18 270 1
99999 2015 12 30 19 248 1
99999 2015 12 30 21 248 1
99999 2015 12 30 22 202 0
99999 2015 12 30 23 292 2
99999 2015 12 31 0 292 2
99999 2015 12 31 1 315 3
99999 2015 12 31 2 270 3
99999 2015 12 31 3 292 3
99999 2015 12 31 4 292 3
99999 2015 12 31 5 315 3
99999 2015 12 31 6 270 1
99999 2015 12 31 7 338 1
99999 2015 12 31 8 112 1
99999 2016 1 1 0 112 2
99999 2016 1 1 2 180 1
99999 2016 1 1 4 90 0
99999 2016 1 1 5 0 1
99999 2016 1 1 6 158 1
99999 2016 1 1 7 180 0
99999 2016 1 1 8 180 1
99999 2016 1 1 10 338 0
99999 2016 1 1 23 270 3
99999 2016 1 2 0 292 2
99999 2016 1 2 1 248 2
99999 2016 1 2 2 225 3
99999 2016 1 2 3 292 2
99999 2016 1 2 17 338 2
99999 2016 1 2 18 315 3
99999 2016 1 2 19 292 3
99999 2016 1 2 20 292 3
99999 2016 1 2 21 270 3
99999 2016 1 2 22 270 3
99999 2016 1 2 23 270 3
99999 2016 1 3 0 270 5
99999 2016 1 3 1 270 6
99999 2016 1 3 2 270 5
99999 2016 1 3 3 270 6
99999 2016 1 3 4 270 6
99999 2016 1 3 5 270 7
99999 2016 1 3 6 270 7
99999 2016 1 3 7 270 5
99999 2016 1 3 8 315 4
99999 2016 1 3 9 292 5
99999 2016 1 3 10 292 5
99999 2016 1 3 11 270 3
99999 2016 1 3 12 315 4
99999 2016 1 3 13 315 3
99999 2016 1 3 14 292 3
99999 2016 1 3 15 0 3
99999 2016 1 3 16 248 0
99999 2016 1 3 17 135 2
99999 2016 1 3 18 158 1
99999 2016 1 3 19 112 1
99999 2016 1 3 20 135 3
99999 2016 1 3 21 112 3
99999 2016 1 3 22 112 4
99999 2016 1 3 23 112 3
99999 2016 1 4 0 90 3
99999 2016 1 4 1 90 3
99999 2016 1 4 2 112 4
99999 2016 1 4 3 112 4
99999 2016 1 4 4 90 3
99999 2016 1 4 5 90 3
99999 2016 1 4 6 90 3
99999 2016 1 4 7 45 3
99999 2016 1 4 8 0 3
99999 2016 1 4 9 315 5
99999 2016 1 4 23 270 3
99999 2016 1 5 0 315 2
99999 2016 1 5 1 202 3
99999 2016 1 5 2 315 2
99999 2016 1 5 3 292 2
99999 2016 1 5 4 338 1
99999 2016 1 5 5 90 3
99999 2016 1 5 6 90 2
99999 2016 1 5 7 90 3
99999 2016 1 5 8 112 2
99999 2016 1 5 9 45 2
99999 2016 1 5 10 0 2
99999 2016 1 5 11 112 2
99999 2016 1 5 12 0 2
99999 2016 1 5 13 0 4
99999 2016 1 5 14 0 3
99999 2016 1 5 15 0 3
99999 2016 1 5 16 270 2
99999 2016 1 5 17 315 3
99999 2016 1 5 18 315 3
99999 2016 1 5 19 315 3
99999 2016 1 5 20 315 3
99999 2016 1 5 21 315 3
99999 2016 1 5 22 315 3
99999 2016 1 5 23 248 2
99999 2016 1 6 0 292 3
99999 2016 1 6 1 315 2
99999 2016 1 6 2 315 2
99999 2016 1 6 3 315 2
99999 2016 1 6 4 292 3
99999 2016 1 6 5 292 3
99999 2016 1 6 6 292 2
99999 2016 1 6 7 248 2
99999 2016 1 6 8 292 3
99999 2016 1 6 9 270 3
99999 2016 1 6 10 270 4
99999 2016 1 6 11 270 3
99999 2016 1 6 12 270 4
99999 2016 1 6 13 270 6
99999 2016 1 6 14 270 7
99999 2016 1 6 15 292 4
99999 2016 1 6 16 315 4
99999 2016 1 6 17 292 3
99999 2016 1 6 18 270 3
99999 2016 1 6 19 248 3
99999 2016 1 6 20 248 3
99999 2016 1 6 21 202 2
99999 2016 1 6 22 248 2
99999 2016 1 6 23 248 3
99999 2016 1 7 0 225 0
99999 2016 1 7 1 248 2
99999 2016 1 7 2 180 3
99999 2016 1 7 3 202 3
99999 2016 1 7 4 202 3
99999 2016 1 7 5 202 2
99999 2016 1 7 6 202 1
99999 2016 1 7 7 180 3
99999 2016 1 7 8 202 2
99999 2016 1 7 9 180 1
99999 2016 1 7 10 135 1
99999 2016 1 7 11 90 2
99999 2016 1 7 12 112 3
99999 2016 1 7 13 135 2
99999 2016 1 7 14 45 3
99999 2016 1 7 15 45 3
99999 2016 1 7 16 22 2
99999 2016 1 7 17 0 2
99999 2016 1 7 18 0 1
99999 2016 1 7 19 315 0
99999 2016 1 7 20 180 3
99999 2016 1 7 21 0 2
99999 2016 1 7 22 315 3
99999 2016 1 7 23 292 3
99999 2016 1 8 0 270 3
99999 2016 1 8 1 292 3
99999 2016 1 8 2 270 3
99999 2016 1 8 3 270 2
99999 2016 1 8 4 202 3
99999 2016 1 8 5 180 1
99999 2016 1 8 6 180 1
99999 2016 1 8 7 158 1
99999 2016 1 8 9 0 2
99999 2016 1 8 10 0 2
99999 2016 1 8 23 292 3
99999 2016 1 9 12 270 4
99999 2016 1 9 13 270 3
99999 2016 1 9 14 270 2
99999 2016 1 9 15 0 3
99999 2016 1 9 16 338 3
99999 2016 1 9 17 0 2
99999 2016 1 9 18 0 2
99999 2016 1 9 19 45 2
99999 2016 1 9 20 68 1
99999 2016 1 9 21 292 3
99999 2016 1 9 22 315 3
99999 2016 1 9 23 315 4
99999 2016 1 10 0 292 4
99999 2016 1 10 1 292 4
99999 2016 1 10 2 292 4
99999 2016 1 10 3 270 5
99999 2016 1 10 4 292 4
99999 2016 1 10 5 270 3
99999 2016 1 10 6 270 2
99999 2016 1 10 7 270 1
99999 2016 1 10 10 315 3
99999 2016 1 10 11 248 3
99999 2016 1 10 12 0 2
99999 2016 1 10 13 90 2
99999 2016 1 10 14 0 3
99999 2016 1 10 15 90 3
99999 2016 1 10 16 90 3
99999 2016 1 10 17 90 4
99999 2016 1 10 18 90 3
99999 2016 1 10 19 0 1
99999 2016 1 10 20 0 2
99999 2016 1 10 21 45 2
99999 2016 1 10 22 22 1
99999 2016 1 10 23 90 3
99999 2016 1 11 0 90 2
99999 2016 1 11 1 0 2
99999 2016 1 11 2 315 3
99999 2016 1 11 3 315 3
99999 2016 1 11 4 292 2
99999 2016 1 11 5 0 2
99999 2016 1 11 6 0 3
99999 2016 1 11 7 180 2
99999 2016 1 11 8 180 5
99999 2016 1 11 9 202 8
99999 2016 1 11 10 180 10
99999 2016 1 11 11 202 9
99999 2016 1 11 12 202 10
99999 2016 1 11 13 180 8
99999 2016 1 11 14 202 9
99999 2016 1 11 15 202 10
99999 2016 1 11 16 202 8
99999 2016 1 11 17 202 6
99999 2016 1 11 18 202 9
99999 2016 1 11 19 315 5
99999 2016 1 11 20 202 3
99999 2016 1 11 21 202 7
99999 2016 1 11 22 225 4
99999 2016 1 11 23 315 4
99999 2016 1 12 0 270 3
99999 2016 1 12 1 270 4
99999 2016 1 12 2 202 2
99999 2016 1 12 3 202 3
99999 2016 1 12 4 202 3
99999 2016 1 12 5 202 1
99999 2016 1 12 6 158 1
99999 2016 1 12 7 202 4
99999 2016 1 12 8 202 4
99999 2016 1 12 9 315 2
99999 2016 1 12 10 315 3
99999 2016 1 12 11 270 3
99999 2016 1 12 12 270 3
99999 2016 1 12 13 270 6
99999 2016 1 12 14 315 5
99999 2016 1 12 15 315 5
99999 2016 1 12 16 292 3
99999 2016 1 12 17 248 3
99999 2016 1 12 18 202 3
99999 2016 1 12 19 225 3
99999 2016 1 12 20 202 8
99999 2016 1 12 21 202 9
99999 2016 1 12 22 202 8
99999 2016 1 12 23 202 8
99999 2016 1 13 0 202 9
99999 2016 1 13 1 202 8
99999 2016 1 13 2 248 5
99999 2016 1 13 3 202 5
99999 2016 1 13 4 225 4
99999 2016 1 13 5 248 2
99999 2016 1 13 6 248 3
99999 2016 1 13 7 270 3
99999 2016 1 13 8 248 4
99999 2016 1 13 9 248 6
99999 2016 1 13 10 270 8
99999 2016 1 13 11 270 10
99999 2016 1 13 12 292 10
99999 2016 1 13 13 292 10
99999 2016 1 13 14 292 10
99999 2016 1 13 15 315 9
99999 2016 1 13 16 292 7
99999 2016 1 13 17 270 5
99999 2016 1 13 18 248 3
99999 2016 1 13 19 248 3
99999 2016 1 13 20 248 3
99999 2016 1 13 21 202 3
99999 2016 1 13 22 180 4
99999 2016 1 13 23 202 4
99999 2016 1 14 0 202 6
99999 2016 1 14 1 202 8
99999 2016 1 14 2 202 7
99999 2016 1 14 3 202 5
99999 2016 1 14 4 180 3
99999 2016 1 14 5 202 3
99999 2016 1 14 6 338 2
99999 2016 1 14 7 112 1
99999 2016 1 14 8 112 2
99999 2016 1 14 9 135 3
99999 2016 1 14 10 90 3
99999 2016 1 14 11 90 3
99999 2016 1 14 12 90 2
99999 2016 1 14 13 0 2
99999 2016 1 14 14 292 2
99999 2016 1 14 15 292 3
99999 2016 1 14 16 292 3
99999 2016 1 14 17 292 3
99999 2016 1 14 18 292 3
99999 2016 1 14 19 270 4
99999 2016 1 14 20 270 5
99999 2016 1 14 21 292 4
99999 2016 1 14 22 292 4
99999 2016 1 14 23 270 4
99999 2016 1 15 0 292 4
99999 2016 1 15 1 292 5
99999 2016 1 15 2 270 4
99999 2016 1 15 3 270 4
99999 2016 1 15 4 270 5
99999 2016 1 15 5 270 5
99999 2016 1 15 6 270 3
99999 2016 1 15 7 292 3
99999 2016 1 15 8 270 5
99999 2016 1 15 9 270 7
99999 2016 1 15 10 292 6
99999 2016 1 15 11 270 5
99999 2016 1 15 12 270 5
99999 2016 1 15 13 270 6
99999 2016 1 15 14 315 7
99999 2016 1 15 15 292 7
99999 2016 1 15 16 270 6
99999 2016 1 15 17 270 5
99999 2016 1 15 18 248 3
99999 2016 1 15 19 248 3
99999 2016 1 15 20 248 3
99999 2016 1 15 21 0 2
99999 2016 1 15 22 225 0
99999 2016 1 15 23 248 3
99999 2016 1 16 0 315 3
99999 2016 1 16 1 292 3
99999 2016 1 16 2 292 4
99999 2016 1 16 3 292 4
99999 2016 1 16 4 270 5
99999 2016 1 16 5 292 5
99999 2016 1 16 6 292 4
99999 2016 1 16 7 292 4
99999 2016 1 16 8 270 4
99999 2016 1 16 9 270 3
99999 2016 1 16 10 292 6
99999 2016 1 16 11 292 5
99999 2016 1 16 12 315 5
99999 2016 1 16 13 315 6
99999 2016 1 16 14 0 4
99999 2016 1 16 15 0 3
99999 2016 1 16 16 315 3
99999 2016 1 16 17 315 3
99999 2016 1 16 18 292 3
99999 2016 1 16 19 270 3
99999 2016 1 16 20 270 1
99999 2016 1 16 21 248 2
99999 2016 1 16 22 202 1
99999 2016 1 16 23 248 2
99999 2016 1 17 0 248 2
99999 2016 1 17 1 202 1
99999 2016 1 17 2 292 2
99999 2016 1 17 3 270 3
99999 2016 1 17 4 248 2
99999 2016 1 17 5 270 2
99999 2016 1 17 6 270 5
99999 2016 1 17 7 270 4
99999 2016 1 17 8 270 6
99999 2016 1 17 9 270 7
99999 2016 1 17 10 270 7
99999 2016 1 17 11 292 6
99999 2016 1 17 12 315 5
99999 2016 1 17 13 315 6
99999 2016 1 17 14 292 6
99999 2016 1 17 15 270 5
99999 2016 1 17 16 315 5
99999 2016 1 17 17 292 3
99999 2016 1 17 18 248 3
99999 2016 1 17 19 248 3
99999 2016 1 17 20 270 3
99999 2016 1 17 21 270 4
99999 2016 1 17 22 292 3
99999 2016 1 17 23 292 3
99999 2016 1 18 21 112 2
99999 2016 1 18 22 112 1
99999 2016 1 18 23 90 0
99999 2016 1 19 0 292 2
99999 2016 1 19 1 180 1
99999 2016 1 19 2 202 2
99999 2016 1 19 3 202 2
99999 2016 1 19 4 202 1
99999 2016 1 19 5 202 2
99999 2016 1 19 6 180 1
99999 2016 1 19 7 202 2
99999 2016 1 19 8 270 3
99999 2016 1 19 9 248 3
99999 2016 1 19 10 248 4
99999 2016 1 19 11 292 3
99999 2016 1 19 12 315 4
99999 2016 1 19 13 0 3
99999 2016 1 19 14 0 3
99999 2016 1 19 15 22 3
99999 2016 1 19 16 22 2
99999 2016 1 19 17 112 3
99999 2016 1 19 18 112 2
99999 2016 1 19 19 90 1
99999 2016 1 19 20 158 0
99999 2016 1 19 22 180 2
99999 2016 1 19 23 202 2
99999 2016 1 20 12 315 3
99999 2016 1 20 13 0 3
99999 2016 1 20 14 0 3
99999 2016 1 20 15 0 3
99999 2016 1 20 16 45 2
99999 2016 1 20 17 0 3
99999 2016 1 20 18 0 2
99999 2016 1 20 19 338 1
99999 2016 1 20 20 202 0
99999 2016 1 20 21 202 1
99999 2016 1 20 23 0 0
99999 2016 1 21 0 202 2
99999 2016 1 21 1 202 1
99999 2016 1 21 3 202 1
99999 2016 1 21 4 202 1
99999 2016 1 21 5 202 1
99999 2016 1 21 6 202 1
99999 2016 1 21 7 292 1
99999 2016 1 21 8 338 0
99999 2016 1 21 9 338 0
99999 2016 1 21 10 180 0
99999 2016 1 21 11 0 3
99999 2016 1 21 12 45 3
99999 2016 1 21 13 0 3
99999 2016 1 21 14 0 3
99999 2016 1 21 15 112 3
99999 2016 1 21 16 90 3
99999 2016 1 21 17 90 3
99999 2016 1 21 18 90 3
99999 2016 1 21 19 112 2
99999 2016 1 21 20 112 1
99999 2016 1 21 21 135 0
99999 2016 1 21 22 22 0
99999 2016 1 22 0 90 1
99999 2016 1 22 1 0 2
99999 2016 1 22 2 315 2
99999 2016 1 22 3 270 2
99999 2016 1 22 4 270 3
99999 2016 1 22 5 315 3
99999 2016 1 22 6 270 4
99999 2016 1 22 7 270 3
99999 2016 1 22 8 292 4
99999 2016 1 22 9 270 5
99999 2016 1 22 10 270 4
99999 2016 1 22 11 292 4
99999 2016 1 22 12 270 4
99999 2016 1 22 13 270 3
99999 2016 1 22 14 292 3
99999 2016 1 22 15 270 3
99999 2016 1 22 16 0 3
99999 2016 1 22 17 292 2
99999 2016 1 22 18 270 1
99999 2016 1 22 19 202 0
99999 2016 1 22 20 202 2
99999 2016 1 22 21 202 1
99999 2016 1 22 22 180 1
99999 2016 1 22 23 202 1
99999 2016 1 23 0 292 1
99999 2016 1 23 1 202 2
99999 2016 1 23 2 0 1
99999 2016 1 23 3 315 2
99999 2016 1 23 4 225 2
99999 2016 1 23 5 180 1
99999 2016 1 23 6 180 2
99999 2016 1 23 7 315 2
99999 2016 1 23 8 270 2
99999 2016 1 23 9 180 2
99999 2016 1 23 10 270 2
99999 2016 1 23 11 270 3
99999 2016 1 23 12 270 3
99999 2016 1 23 13 0 4
99999 2016 1 23 14 0 2
99999 2016 1 23 15 315 3
99999 2016 1 23 16 315 2
99999 2016 1 23 17 0 2
99999 2016 1 23 18 0 1
99999 2016 1 23 19 202 0
99999 2016 1 23 20 135 0
99999 2016 1 23 21 202 1
99999 2016 1 23 22 180 2
99999 2016 1 23 23 202 2
99999 2016 1 24 0 180 1
99999 2016 1 24 1 202 1
99999 2016 1 24 2 202 2
99999 2016 1 24 4 202 1
99999 2016 1 24 5 135 2
99999 2016 1 24 6 338 1
99999 2016 1 24 7 338 0
99999 2016 1 24 8 180 1
99999 2016 1 24 9 0 1
99999 2016 1 24 10 158 1
99999 2016 1 24 11 0 2
99999 2016 1 24 12 0 3
99999 2016 1 24 13 0 3
99999 2016 1 24 14 315 2
99999 2016 1 24 15 0 3
99999 2016 1 24 16 45 2
99999 2016 1 24 17 90 3
99999 2016 1 24 18 112 3
99999 2016 1 24 19 180 1
99999 2016 1 24 20 180 0
99999 2016 1 24 21 180 1
99999 2016 1 24 22 112 0
99999 2016 1 24 23 180 2
99999 2016 1 25 0 0 0
99999 2016 1 25 1 338 0
99999 2016 1 25 2 0 2
99999 2016 1 25 3 315 2
99999 2016 1 25 5 292 1
99999 2016 1 25 6 338 0
99999 2016 1 25 7 225 1
99999 2016 1 25 8 225 3
99999 2016 1 25 9 292 0
99999 2016 1 25 10 338 1
99999 2016 1 25 11 0 3
99999 2016 1 25 12 315 3
99999 2016 1 25 13 0 3
99999 2016 1 25 14 0 3
99999 2016 1 25 15 45 2
99999 2016 1 25 16 112 2
99999 2016 1 25 17 45 2
99999 2016 1 25 18 45 0
99999 2016 1 25 20 158 1
99999 2016 1 25 21 0 2
99999 2016 1 25 22 270 1
99999 2016 1 25 23 180 2
99999 2016 1 26 1 338 1
99999 2016 1 26 2 202 1
99999 2016 1 26 3 202 1
99999 2016 1 26 4 202 1
99999 2016 1 26 5 202 3
99999 2016 1 26 6 225 1
99999 2016 1 26 8 248 0
99999 2016 1 26 10 248 2
99999 2016 1 26 11 292 3
99999 2016 1 26 12 315 3
99999 2016 1 26 13 315 3
99999 2016 1 26 14 292 3
99999 2016 1 26 15 0 2
99999 2016 1 26 16 22 1
99999 2016 1 26 17 22 1
99999 2016 1 26 18 90 1
99999 2016 1 26 19 112 1
99999 2016 1 26 20 90 1
99999 2016 1 26 21 0 3
99999 2016 1 26 22 112 0
99999 2016 1 26 23 158 1
99999 2016 1 27 0 180 1
99999 2016 1 27 1 338 1
99999 2016 1 27 2 338 0
99999 2016 1 27 3 45 0
99999 2016 1 27 4 45 0
99999 2016 1 27 6 45 1
99999 2016 1 27 7 45 1
99999 2016 1 27 8 45 1
99999 2016 1 27 9 0 2
99999 2016 1 27 10 68 0
99999 2016 1 27 11 0 2
99999 2016 1 27 12 0 3
99999 2016 1 27 13 45 3
99999 2016 1 27 14 45 2
99999 2016 1 27 15 112 2
99999 2016 1 27 16 112 3
99999 2016 1 27 17 112 3
99999 2016 1 27 18 90 3
99999 2016 1 27 19 90 3
99999 2016 1 27 20 90 1
99999 2016 1 27 22 180 1
99999 2016 1 27 23 315 1
99999 2016 1 28 0 315 0
99999 2016 1 28 2 0 1
99999 2016 1 28 3 90 2
99999 2016 1 28 4 45 1
99999 2016 1 28 5 112 1
99999 2016 1 28 6 90 1
99999 2016 1 28 7 112 1
99999 2016 1 28 8 22 0
99999 2016 1 28 9 0 1
99999 2016 1 28 10 0 1
99999 2016 1 28 11 292 3
99999 2016 1 28 12 292 3
99999 2016 1 28 13 0 3
99999 2016 1 28 14 315 3
99999 2016 1 28 15 0 2
99999 2016 1 28 16 0 2
99999 2016 1 28 17 0 2
99999 2016 1 28 18 315 0
99999 2016 1 28 19 45 1
99999 2016 1 28 21 158 0
99999 2016 1 28 22 180 0
99999 2016 1 29 2 180 0
99999 2016 1 29 3 158 1
99999 2016 1 29 4 292 0
99999 2016 1 29 6 0 1
99999 2016 1 29 7 90 0
99999 2016 1 29 9 0 2
99999 2016 1 29 10 0 3
99999 2016 1 29 11 270 3
99999 2016 1 29 12 0 3
99999 2016 1 29 13 315 3
99999 2016 1 29 14 0 3
99999 2016 1 29 15 112 1
99999 2016 1 29 16 158 2
99999 2016 1 29 17 180 0
99999 2016 1 29 18 112 1
99999 2016 1 29 19 0 2
99999 2016 1 29 20 68 1
99999 2016 1 29 21 112 3
99999 2016 1 29 22 90 3
99999 2016 1 29 23 90 3
99999 2016 1 30 0 112 3
99999 2016 1 30 1 112 3
99999 2016 1 30 2 90 3
99999 2016 1 30 3 90 3
99999 2016 1 30 4 45 1
99999 2016 1 30 6 22 0
99999 2016 1 30 7 22 0
99999 2016 1 30 8 45 1
99999 2016 1 30 9 90 1
99999 2016 1 30 10 90 2
99999 2016 1 30 11 90 2
99999 2016 1 30 12 0 2
99999 2016 1 30 13 315 3
99999 2016 1 30 14 315 3
99999 2016 1 30 15 315 3
99999 2016 1 30 16 0 2
99999 2016 1 30 17 0 2
99999 2016 1 30 18 0 2
99999 2016 1 30 19 315 2
99999 2016 1 30 20 0 1
99999 2016 1 30 21 90 2
99999 2016 1 30 22 338 1
99999 2016 1 30 23 338 1
99999 2016 1 31 0 112 2
99999 2016 1 31 1 45 1
99999 2016 1 31 2 315 2
99999 2016 1 31 3 338 1
99999 2016 1 31 4 338 1
99999 2016 1 31 5 338 1
99999 2016 1 31 6 292 0
99999 2016 1 31 7 180 1
99999 2016 1 31 9 180 0
99999 2016 1 31 10 0 2
99999 2016 1 31 11 0 3
99999 2016 1 31 12 315 3
99999 2016 1 31 13 0 3
99999 2016 1 31 14 0 3
99999 2016 1 31 15 0 4
99999 2016 1 31 16 0 3
99999 2016 1 31 17 0 3
99999 2016 1 31 18 0 2
99999 2016 1 31 19 0 1
99999 2016 1 31 20 0 2
99999 2016 1 31 21 292 2
99999 2016 1 31 22 315 2
99999 2016 1 31 23 270 3
99999 2016 2 1 0 270 3
99999 2016 2 1 1 315 2
99999 2016 2 1 2 90 2
99999 2016 2 1 3 202 0
99999 2016 2 1 4 45 2
99999 2016 2 1 5 68 0
99999 2016 2 1 6 112 0
99999 2016 2 1 7 158 0
99999 2016 2 1 8 45 1
99999 2016 2 1 9 0 2
99999 2016 2 1 10 45 3
99999 2016 2 1 11 90 3
99999 2016 2 1 12 45 3
99999 2016 2 1 13 45 3
99999 2016 2 1 14 90 3
99999 2016 2 1 15 90 3
99999 2016 2 1 16 90 3
99999 2016 2 1 17 90 3
99999 2016 2 1 18 90 3
99999 2016 2 1 19 0 1
99999 2016 2 1 20 180 2
99999 2016 2 1 21 202 1
99999 2016 2 1 22 90 2
99999 2016 2 1 23 292 1
99999 2016 2 2 0 0 1
99999 2016 2 2 1 0 1
99999 2016 2 2 2 315 3
99999 2016 2 2 3 292 1
99999 2016 2 2 5 90 1
99999 2016 2 2 6 0 3
99999 2016 2 2 7 225 0
99999 2016 2 2 20 90 1
99999 2016 2 2 21 0 0
99999 2016 2 2 22 0 1
99999 2016 2 2 23 315 1
99999 2016 2 3 1 315 0
99999 2016 2 3 3 0 1
99999 2016 2 3 4 315 2
99999 2016 2 3 5 315 0
99999 2016 2 3 7 22 1
99999 2016 2 3 8 90 1
99999 2016 2 3 9 90 1
99999 2016 2 3 10 68 1
99999 2016 2 3 11 90 2
99999 2016 2 3 12 90 2
99999 2016 2 3 13 112 1
99999 2016 2 3 14 0 3
99999 2016 2 3 15 0 1
99999 2016 2 3 16 90 3
99999 2016 2 3 17 90 3
99999 2016 2 3 18 315 3
99999 2016 2 3 19 315 5
99999 2016 2 3 20 292 6
99999 2016 2 3 21 270 3
99999 2016 2 3 22 292 3
99999 2016 2 3 23 22 1
99999 2016 2 4 0 225 1
99999 2016 2 4 1 270 0
99999 2016 2 4 2 112 2
99999 2016 2 4 3 112 3
99999 2016 2 4 4 158 1
99999 2016 2 4 5 202 1
99999 2016 2 4 6 225 2
99999 2016 2 4 7 225 1
99999 2016 2 4 8 270 3
99999 2016 2 4 9 270 4
99999 2016 2 4 10 270 7
99999 2016 2 4 11 292 6
99999 2016 2 4 12 315 5
99999 2016 2 4 13 248 5
99999 2016 2 4 14 315 5
99999 2016 2 4 15 270 5
99999 2016 2 4 16 270 5
99999 2016 2 4 17 270 3
99999 2016 2 4 18 180 2
99999 2016 2 4 19 180 2
99999 2016 2 4 20 112 2
99999 2016 2 4 21 90 1
99999 2016 2 4 22 225 3
99999 2016 2 4 23 180 2
99999 2016 2 5 0 202 3
99999 2016 2 5 1 202 3
99999 2016 2 5 2 202 3
99999 2016 2 5 3 202 3
99999 2016 2 5 4 225 2
99999 2016 2 5 5 292 1
99999 2016 2 5 6 225 0
99999 2016 2 5 7 338 1
99999 2016 2 5 8 45 1
99999 2016 2 5 9 0 2
99999 2016 2 5 10 315 2
99999 2016 2 5 11 45 2
99999 2016 2 5 12 22 3
99999 2016 2 5 13 22 3
99999 2016 2 5 14 45 3
99999 2016 2 5 15 112 3
99999 2016 2 5 16 112 4
99999 2016 2 5 17 90 3
99999 2016 2 5 18 90 3
99999 2016 2 5 19 112 3
99999 2016 2 5 20 112 3
99999 2016 2 5 21 112 2
99999 2016 2 5 22 68 2
99999 2016 2 5 23 270 3
99999 2016 2 6 0 292 3
99999 2016 2 6 1 315 3
99999 2016 2 6 2 292 2
99999 2016 2 6 3 270 3
99999 2016 2 6 4 292 2
99999 2016 2 6 5 292 3
99999 2016 2 6 6 292 3
99999 2016 2 6 7 270 3
99999 2016 2 6 8 292 3
99999 2016 2 6 9 270 4
99999 2016 2 6 10 292 5
99999 2016 2 6 11 292 5
99999 2016 2 6 12 292 4
99999 2016 2 6 13 315 3
99999 2016 2 6 14 0 2
99999 2016 2 6 15 0 2
99999 2016 2 6 16 90 1
99999 2016 2 6 17 45 1
99999 2016 2 6 18 90 2
99999 2016 2 6 19 90 2
99999 2016 2 6 20 90 1
99999 2016 2 6 21 45 0
99999 2016 2 6 22 68 0
99999 2016 2 6 23 68 0
99999 2016 2 7 0 0 1
99999 2016 2 7 2 112 1
99999 2016 2 7 3 135 3
99999 2016 2 7 4 135 3
99999 2016 2 7 5 112 3
99999 2016 2 7 6 112 3
99999 2016 2 7 7 90 3
99999 2016 2 7 21 112 5
99999 2016 2 7 22 135 5
99999 2016 2 7 23 90 3
99999 2016 2 8 0 292 5
99999 2016 2 8 1 292 7
99999 2016 2 8 2 270 8
99999 2016 2 8 3 270 6
99999 2016 2 8 4 270 5
99999 2016 2 8 5 270 7
99999 2016 2 8 6 270 4
99999 2016 2 8 7 292 4
99999 2016 2 8 8 292 4
99999 2016 2 8 9 270 4
99999 2016 2 8 10 292 5
99999 2016 2 8 11 292 7
99999 2016 2 8 12 315 4
99999 2016 2 8 13 270 4
99999 2016 2 8 14 0 4
99999 2016 2 8 15 315 3
99999 2016 2 8 16 0 3
99999 2016 2 8 17 338 1
99999 2016 2 8 18 45 1
99999 2016 2 8 19 68 1
99999 2016 2 8 20 248 2
99999 2016 2 8 21 202 2
99999 2016 2 8 22 180 1
99999 2016 2 8 23 180 1
99999 2016 2 9 0 135 1
99999 2016 2 9 1 158 1
99999 2016 2 9 2 158 0
99999 2016 2 9 3 158 0
99999 2016 2 9 4 158 0
99999 2016 2 9 5 338 1
99999 2016 2 9 6 315 3
99999 2016 2 9 7 292 2
99999 2016 2 9 8 270 2
99999 2016 2 9 9 338 0
99999 2016 2 9 10 112 2
99999 2016 2 9 11 45 2
99999 2016 2 9 12 112 3
99999 2016 2 9 13 180 8
99999 2016 2 9 14 158 6
99999 2016 2 9 15 180 6
99999 2016 2 9 16 180 7
99999 2016 2 9 17 180 4
99999 2016 2 9 18 180 6
99999 2016 2 9 19 158 5
99999 2016 2 9 20 158 4
99999 2016 2 9 21 135 1
99999 2016 2 9 22 158 5
99999 2016 2 9 23 180 8
99999 2016 2 10 0 248 4
99999 2016 2 10 1 270 6
99999 2016 2 10 2 270 7
99999 2016 2 10 3 315 3
99999 2016 2 10 4 270 5
99999 2016 2 10 5 270 4
99999 2016 2 10 6 270 7
99999 2016 2 10 7 248 7
99999 2016 2 10 8 270 7
99999 2016 2 10 9 270 8
99999 2016 2 10 10 270 9
99999 2016 2 10 11 292 10
99999 2016 2 10 12 292 11
99999 2016 2 10 13 292 10
99999 2016 2 10 14 292 12
99999 2016 2 10 15 292 12
99999 2016 2 10 16 292 10
99999 2016 2 10 17 315 7
99999 2016 2 10 18 270 4
99999 2016 2 10 19 248 3
99999 2016 2 10 20 225 3
99999 2016 2 10 21 202 3
99999 2016 2 10 22 202 4
99999 2016 2 10 23 225 3
99999 2016 2 11 0 202 5
99999 2016 2 11 1 202 3
99999 2016 2 11 2 225 5
99999 2016 2 11 3 202 5
99999 2016 2 11 4 248 2
99999 2016 2 11 5 292 3
99999 2016 2 11 6 270 4
99999 2016 2 11 7 270 4
99999 2016 2 11 8 248 3
99999 2016 2 11 9 292 3
99999 2016 2 11 10 315 5
99999 2016 2 11 11 292 6
99999 2016 2 11 12 315 6
99999 2016 2 11 13 292 6
99999 2016 2 11 14 270 6
99999 2016 2 11 15 270 4
99999 2016 2 11 16 0 3
99999 2016 2 11 17 315 2
99999 2016 2 11 18 90 2
99999 2016 2 11 19 112 3
99999 2016 2 11 20 112 2
99999 2016 2 11 21 158 0
99999 2016 2 11 22 180 2
99999 2016 2 11 23 0 1
99999 2016 2 12 0 315 1
99999 2016 2 12 1 45 2
99999 2016 2 12 2 112 2
99999 2016 2 12 3 0 3
99999 2016 2 12 4 338 2
99999 2016 2 12 5 338 1
99999 2016 2 12 6 270 3
99999 2016 2 12 7 315 2
99999 2016 2 12 8 292 4
99999 2016 2 12 9 292 3
99999 2016 2 12 10 270 3
99999 2016 2 12 11 315 3
99999 2016 2 12 12 0 3
99999 2016 2 12 13 0 3
99999 2016 2 12 14 22 2
99999 2016 2 12 15 0 3
99999 2016 2 12 16 90 4
99999 2016 2 12 17 90 5
99999 2016 2 12 18 112 5
99999 2016 2 12 19 90 6
99999 2016 2 12 20 90 5
99999 2016 2 12 21 90 3
99999 2016 2 12 22 0 3
99999 2016 2 12 23 0 3
99999 2016 2 13 0 315 5
99999 2016 2 13 1 270 6
99999 2016 2 13 2 292 6
99999 2016 2 13 3 270 4
99999 2016 2 13 4 292 3
99999 2016 2 13 5 292 3
99999 2016 2 13 6 292 3
99999 2016 2 13 7 270 4
99999 2016 2 13 8 270 4
99999 2016 2 13 9 270 5
99999 2016 2 13 10 315 6
99999 2016 2 13 11 315 4
99999 2016 2 13 12 0 3
99999 2016 2 13 13 0 3
99999 2016 2 13 14 45 2
99999 2016 2 13 15 338 2
99999 2016 2 13 16 0 3
99999 2016 2 13 17 90 3
99999 2016 2 13 18 90 3
99999 2016 2 13 19 45 3
99999 2016 2 13 20 90 3
99999 2016 2 13 21 112 2
99999 2016 2 13 22 90 1
99999 2016 2 13 23 0 2
99999 2016 2 14 0 0 3
99999 2016 2 14 1 0 1
99999 2016 2 14 2 270 1
99999 2016 2 14 3 22 0
99999 2016 2 14 4 68 2
99999 2016 2 14 5 90 3
99999 2016 2 14 6 90 2
99999 2016 2 14 7 90 3
99999 2016 2 14 8 90 4
99999 2016 2 14 9 90 4
99999 2016 2 14 10 45 2
99999 2016 2 14 11 315 2
99999 2016 2 14 12 292 3
99999 2016 2 14 13 270 5
99999 2016 2 14 14 270 6
99999 2016 2 14 15 292 4
99999 2016 2 14 16 315 3
99999 2016 2 14 17 315 1
99999 2016 2 14 18 270 3
99999 2016 2 14 19 315 2
99999 2016 2 14 20 338 1
99999 2016 2 14 21 292 3
99999 2016 2 14 22 292 3
99999 2016 2 14 23 315 3
99999 2016 2 15 0 315 3
99999 2016 2 16 0 225 2
99999 2016 2 16 1 202 2
99999 2016 2 16 2 202 1
99999 2016 2 16 3 270 1
99999 2016 2 16 4 270 2
99999 2016 2 16 5 270 3
99999 2016 2 16 6 248 3
99999 2016 2 16 7 248 3
99999 2016 2 16 8 248 2
99999 2016 2 16 9 248 2
99999 2016 2 16 10 270 1
99999 2016 2 16 11 315 2
99999 2016 2 16 12 270 4
99999 2016 2 16 13 292 4
99999 2016 2 16 14 292 4
99999 2016 2 16 15 292 3
99999 2016 2 16 16 292 3
99999 2016 2 16 17 0 3
99999 2016 2 16 18 0 3
99999 2016 2 16 19 22 3
99999 2016 2 16 20 22 3
99999 2016 2 16 21 0 2
99999 2016 2 16 22 338 1
99999 2016 2 16 23 0 3
99999 2016 2 17 0 45 3
99999 2016 2 17 1 45 3
99999 2016 2 17 2 0 3
99999 2016 2 17 3 0 3
99999 2016 2 17 4 0 3
99999 2016 2 17 5 292 3
99999 2016 2 17 6 270 3
99999 2016 2 17 7 270 5
99999 2016 2 17 8 270 4
99999 2016 2 17 9 248 4
99999 2016 2 17 10 248 4
99999 2016 2 17 11 270 4
99999 2016 2 17 12 315 3
99999 2016 2 17 13 0 4
99999 2016 2 17 14 0 3
99999 2016 2 17 15 0 3
99999 2016 2 17 16 0 2
99999 2016 2 17 17 22 2
99999 2016 2 17 18 0 2
99999 2016 2 17 19 112 2
99999 2016 2 17 20 112 1
99999 2016 2 17 21 0 1
99999 2016 2 17 22 0 3
99999 2016 2 17 23 0 2
99999 2016 2 18 0 292 3
99999 2016 2 18 1 270 3
99999 2016 2 18 2 270 3
99999 2016 2 18 3 270 3
99999 2016 2 18 4 270 3
99999 2016 2 18 5 248 3
99999 2016 2 18 6 248 3
99999 2016 2 18 7 225 2
99999 2016 2 18 8 292 3
99999 2016 2 18 9 248 4
99999 2016 2 18 10 270 5
99999 2016 2 18 11 270 5
99999 2016 2 18 12 292 8
99999 2016 2 18 13 292 8
99999 2016 2 18 14 315 7
99999 2016 2 18 15 270 7
99999 2016 2 18 16 270 5
99999 2016 2 18 17 270 5
99999 2016 2 18 18 270 3
99999 2016 2 18 19 248 3
99999 2016 2 18 20 248 3
99999 2016 2 18 21 248 3
99999 2016 2 18 22 248 3
99999 2016 2 18 23 248 2
99999 2016 2 19 0 202 2
99999 2016 2 19 1 202 2
99999 2016 2 19 2 225 2
99999 2016 2 19 3 202 2
99999 2016 2 19 4 315 3
99999 2016 2 19 5 202 1
99999 2016 2 19 6 180 2
99999 2016 2 19 7 180 1
99999 2016 2 19 8 338 1
99999 2016 2 19 9 0 2
99999 2016 2 19 10 315 3
99999 2016 2 19 11 315 3
99999 2016 2 19 12 0 4
99999 2016 2 19 13 292 3
99999 2016 2 19 14 202 4
99999 2016 2 19 15 180 9
99999 2016 2 19 16 202 9
99999 2016 2 19 17 202 8
99999 2016 2 19 18 202 6
99999 2016 2 19 19 202 3
99999 2016 2 19 20 202 4
99999 2016 2 19 21 202 4
99999 2016 2 19 22 225 3
99999 2016 2 19 23 0 3
99999 2016 2 20 0 0 5
99999 2016 2 20 1 90 2
99999 2016 2 20 2 45 1
99999 2016 2 20 3 158 2
99999 2016 2 20 4 292 2
99999 2016 2 20 5 292 3
99999 2016 2 20 6 292 3
99999 2016 2 20 7 270 3
99999 2016 2 20 8 270 3
99999 2016 2 20 9 292 3
99999 2016 2 20 10 315 3
99999 2016 2 20 11 292 4
99999 2016 2 20 12 0 3
99999 2016 2 20 13 0 3
99999 2016 2 20 14 0 3
99999 2016 2 20 15 270 2
99999 2016 2 20 16 22 2
99999 2016 2 20 17 90 3
99999 2016 2 20 18 90 3
99999 2016 2 20 19 90 1
99999 2016 2 20 20 180 2
99999 2016 2 20 21 225 1
99999 2016 2 20 22 225 2
99999 2016 2 20 23 180 3
99999 2016 2 21 0 202 3
99999 2016 2 21 1 202 3
99999 2016 2 21 2 202 2
99999 2016 2 21 3 202 2
99999 2016 2 21 4 315 0
99999 2016 2 21 5 315 0
99999 2016 2 21 6 180 1
99999 2016 2 21 7 180 1
99999 2016 2 21 8 180 1
99999 2016 2 21 9 158 1
99999 2016 2 21 22 338 1
99999 2016 2 21 23 338 1
99999 2016 2 22 0 180 1
99999 2016 2 22 1 180 2
99999 2016 2 22 2 0 3
99999 2016 2 22 3 0 1
99999 2016 2 22 4 180 1
99999 2016 2 22 6 315 2
99999 2016 2 22 7 315 1
99999 2016 2 22 8 292 1
99999 2016 2 22 9 0 3
99999 2016 2 22 10 0 3
99999 2016 2 22 11 0 2
99999 2016 2 22 12 338 2
99999 2016 2 22 13 338 3
99999 2016 2 22 14 0 3
99999 2016 2 22 15 90 3
99999 2016 2 22 16 112 4
99999 2016 2 22 17 112 6
99999 2016 2 22 18 90 3
99999 2016 2 22 19 90 2
99999 2016 2 22 20 45 2
99999 2016 2 22 21 338 2
99999 2016 2 22 22 45 2
99999 2016 2 22 23 45 1
99999 2016 2 23 0 0 2
99999 2016 2 23 1 0 2
99999 2016 2 23 2 68 1
99999 2016 2 23 3 90 2
99999 2016 2 23 4 135 6
99999 2016 2 23 5 0 3
99999 2016 2 23 6 0 2
99999 2016 2 23 7 112 1
99999 2016 2 23 8 270 3
99999 2016 2 23 9 315 4
99999 2016 2 23 10 315 4
99999 2016 2 23 11 292 3
99999 2016 2 23 12 292 4
99999 2016 2 23 13 270 4
99999 2016 2 23 14 0 4
99999 2016 2 23 15 0 3
99999 2016 2 23 16 0 3
99999 2016 2 23 17 0 3
99999 2016 2 23 18 0 1
99999 2016 2 23 19 112 1
99999 2016 2 23 20 158 1
99999 2016 2 23 21 158 1
99999 2016 2 23 22 180 2
99999 2016 2 23 23 292 3
99999 2016 2 24 0 225 2
99999 2016 2 24 1 292 2
99999 2016 2 24 2 270 1
99999 2016 2 24 3 202 0
99999 2016 2 24 4 315 0
99999 2016 2 24 5 315 1
99999 2016 2 24 6 315 1
99999 2016 2 24 7 315 0
99999 2016 2 24 8 0 2
99999 2016 2 24 9 45 3
99999 2016 2 24 10 112 2
99999 2016 2 24 11 135 3
99999 2016 2 24 12 90 3
99999 2016 2 24 13 112 3
99999 2016 2 24 14 90 8
99999 2016 2 24 15 90 8
99999 2016 2 24 16 90 7
99999 2016 2 24 17 112 6
99999 2016 2 24 18 90 6
99999 2016 2 24 19 90 5
99999 2016 2 24 20 90 6
99999 2016 2 24 21 90 6
99999 2016 2 24 22 112 5
99999 2016 2 24 23 90 5
99999 2016 2 25 0 90 5
99999 2016 2 25 1 90 4
99999 2016 2 26 0 315 1
99999 2016 2 26 1 338 1
99999 2016 2 26 2 292 2
99999 2016 2 26 3 338 2
99999 2016 2 26 4 0 2
99999 2016 2 26 5 292 2
99999 2016 2 26 6 270 2
99999 2016 2 26 7 315 1
99999 2016 2 26 8 0 3
99999 2016 2 26 9 112 2
99999 2016 2 26 10 90 2
99999 2016 2 26 11 90 3
99999 2016 2 26 12 90 3
99999 2016 2 26 13 112 4
99999 2016 2 26 14 90 3
99999 2016 2 26 15 112 4
99999 2016 2 26 16 90 4
99999 2016 2 26 17 112 5
99999 2016 2 26 18 112 7
99999 2016 2 26 19 112 7
99999 2016 2 26 20 112 7
99999 2016 2 26 21 112 5
99999 2016 2 26 22 112 5
99999 2016 2 26 23 112 3
99999 2016 2 27 21 90 3
99999 2016 2 27 22 90 3
99999 2016 2 27 23 90 3
99999 2016 2 28 0 90 8
99999 2016 2 28 1 90 7
99999 2016 2 28 2 112 4
99999 2016 2 28 3 90 4
99999 2016 2 28 4 90 3
99999 2016 2 28 5 45 0
99999 2016 2 28 6 22 1
99999 2016 2 28 7 135 3
99999 2016 2 28 8 112 1
99999 2016 2 28 9 135 4
99999 2016 2 28 10 135 4
99999 2016 2 28 11 135 1
99999 2016 2 28 12 0 1
99999 2016 2 28 13 0 2
99999 2016 2 28 14 0 2
99999 2016 2 28 15 315 0
99999 2016 2 28 16 338 1
99999 2016 2 28 17 45 2
99999 2016 2 28 18 90 2
99999 2016 2 28 19 90 3
99999 2016 2 28 20 90 6
99999 2016 2 28 21 45 6
99999 2016 2 28 22 90 8
99999 2016 2 28 23 90 8
99999 2016 2 29 0 45 8
99999 2016 2 29 1 90 5
99999 2016 2 29 2 90 5
99999 2016 2 29 3 0 3
99999 2016 2 29 4 45 3
99999 2016 2 29 5 112 1
99999 2016 2 29 6 112 1
99999 2016 2 29 7 292 0
99999 2016 2 29 8 90 3
99999 2016 2 29 9 90 4
99999 2016 2 29 10 112 5
99999 2016 2 29 11 112 3
99999 2016 2 29 12 158 4
99999 2016 2 29 13 112 3
99999 2016 2 29 14 90 3
99999 2016 2 29 15 112 3
99999 2016 2 29 16 45 2
99999 2016 2 29 17 180 3
99999 2016 2 29 18 135 2
99999 2016 2 29 19 45 1
99999 2016 2 29 20 90 0
99999 2016 2 29 21 112 2
99999 2016 2 29 22 112 1
99999 2016 2 29 23 135 2
99999 2016 3 1 0 158 0
99999 2016 3 1 1 158 1
99999 2016 3 1 2 180 1
99999 2016 3 1 3 270 1
99999 2016 3 1 4 248 2
99999 2016 3 1 5 248 3
99999 2016 3 1 6 270 2
99999 2016 3 1 7 292 2
99999 2016 3 1 8 315 3
99999 2016 3 1 9 292 2
99999 2016 3 1 10 292 3
99999 2016 3 1 11 0 4
99999 2016 3 1 12 0 3
99999 2016 3 1 13 0 3
99999 2016 3 1 14 0 3
99999 2016 3 1 15 0 3
99999 2016 3 1 16 90 3
99999 2016 3 1 17 248 2
99999 2016 3 1 18 112 3
99999 2016 3 1 19 112 3
99999 2016 3 1 20 135 2
99999 2016 3 1 21 158 1
99999 2016 3 1 22 112 2
99999 2016 3 2 0 202 1
99999 2016 3 2 1 202 1
99999 2016 3 2 2 112 1
99999 2016 3 2 3 158 1
99999 2016 3 2 4 112 0
99999 2016 3 2 5 135 0
99999 2016 3 2 6 158 1
99999 2016 3 2 7 292 2
99999 2016 3 2 8 270 2
99999 2016 3 2 9 338 2
99999 2016 3 2 10 45 2
99999 2016 3 2 11 0 2
99999 2016 3 2 12 0 3
99999 2016 3 2 13 90 4
99999 2016 3 2 14 90 6
99999 2016 3 2 15 90 5
99999 2016 3 2 16 90 4
99999 2016 3 2 17 112 3
99999 2016 3 2 18 180 9
99999 2016 3 2 19 180 9
99999 2016 3 2 20 180 5
99999 2016 3 2 21 180 4
99999 2016 3 2 22 158 6
99999 2016 3 2 23 135 7
99999 2016 3 3 0 112 5
99999 2016 3 3 1 135 6
99999 2016 3 3 2 270 13
99999 2016 3 3 3 248 9
99999 2016 3 3 4 270 12
99999 2016 3 3 5 248 10
99999 2016 3 3 6 248 9
99999 2016 3 3 7 270 10
99999 2016 3 3 8 270 9
99999 2016 3 3 9 315 10
99999 2016 3 3 10 292 9
99999 2016 3 3 11 0 5
99999 2016 3 3 12 315 4
99999 2016 3 3 13 0 6
99999 2016 3 3 14 0 3
99999 2016 3 3 15 270 2
99999 2016 3 3 16 0 3
99999 2016 3 3 17 0 4
99999 2016 3 3 18 90 3
99999 2016 3 3 19 112 3
99999 2016 3 3 20 112 2
99999 2016 3 3 21 135 3
99999 2016 3 3 22 90 3
99999 2016 3 3 23 112 2
99999 2016 3 4 0 135 1
99999 2016 3 4 1 202 2
99999 2016 3 4 2 202 1
99999 2016 3 4 3 202 2
99999 2016 3 4 4 202 3
99999 2016 3 4 5 202 3
99999 2016 3 4 6 248 3
99999 2016 3 4 7 248 3
99999 2016 3 4 8 180 2
99999 2016 3 4 9 270 3
99999 2016 3 4 10 270 3
99999 2016 3 4 11 292 5
99999 2016 3 4 12 315 5
99999 2016 3 4 13 248 3
99999 2016 3 4 14 315 3
99999 2016 3 4 15 202 2
99999 2016 3 4 16 22 3
99999 2016 3 4 17 90 2
99999 2016 3 4 18 112 3
99999 2016 3 4 19 135 3
99999 2016 3 4 20 135 2
99999 2016 3 4 21 202 0
99999 2016 3 4 22 158 3
99999 2016 3 4 23 180 7
99999 2016 3 5 0 180 7
99999 2016 3 5 1 180 7
99999 2016 3 5 2 180 5
99999 2016 3 5 3 158 4
99999 2016 3 5 4 135 3
99999 2016 3 5 5 112 2
99999 2016 3 5 6 112 3
99999 2016 3 5 7 112 4
99999 2016 3 5 8 135 5
99999 2016 3 5 9 135 10
99999 2016 3 5 10 112 7
99999 2016 3 5 11 135 10
99999 2016 3 5 12 135 10
99999 2016 3 5 13 158 11
99999 2016 3 5 14 158 14
99999 2016 3 5 15 135 10
99999 2016 3 5 16 158 7
99999 2016 3 5 17 292 7
99999 2016 3 5 18 338 3
99999 2016 3 5 19 112 5
99999 2016 3 5 20 45 1
99999 2016 3 5 21 270 3
99999 2016 3 5 22 292 5
99999 2016 3 5 23 315 4
99999 2016 3 6 0 315 5
99999 2016 3 6 1 270 5
99999 2016 3 6 2 292 4
99999 2016 3 6 3 292 4
99999 2016 3 6 4 270 3
99999 2016 3 6 5 180 2
99999 2016 3 6 6 135 2
99999 2016 3 6 7 22 1
99999 2016 3 6 8 0 3
99999 2016 3 6 9 0 3
99999 2016 3 6 10 315 3
99999 2016 3 6 11 0 3
99999 2016 3 6 12 315 4
99999 2016 3 6 13 292 3
99999 2016 3 6 14 22 2
99999 2016 3 6 15 45 3
99999 2016 3 6 16 112 2
99999 2016 3 6 17 135 3
99999 2016 3 6 18 45 1
99999 2016 3 6 19 292 3
99999 2016 3 6 20 292 3
99999 2016 3 6 21 0 3
99999 2016 3 6 22 0 3
99999 2016 3 6 23 0 3
99999 2016 3 7 18 225 2
99999 2016 3 7 19 180 2
99999 2016 3 7 20 180 3
99999 2016 3 7 21 180 3
99999 2016 3 7 22 68 2
99999 2016 3 7 23 225 2
99999 2016 3 8 0 112 2
99999 2016 3 8 1 158 2
99999 2016 3 8 2 158 2
99999 2016 3 8 3 112 2
99999 2016 3 8 4 180 3
99999 2016 3 8 5 0 1
99999 2016 3 8 6 248 1
99999 2016 3 8 7 0 0
99999 2016 3 8 8 112 1
99999 2016 3 8 21 225 2
99999 2016 3 8 22 225 2
99999 2016 3 8 23 315 2
99999 2016 3 9 0 248 3
99999 2016 3 9 1 292 3
99999 2016 3 9 2 270 4
99999 2016 3 9 3 270 4
99999 2016 3 9 4 292 3
99999 2016 3 9 5 0 2
99999 2016 3 9 6 45 3
99999 2016 3 9 7 0 3
99999 2016 3 9 8 0 4
99999 2016 3 9 9 0 4
99999 2016 3 9 10 0 3
99999 2016 3 9 11 292 4
99999 2016 3 9 12 270 5
99999 2016 3 9 13 270 5
99999 2016 3 9 14 270 4
99999 2016 3 9 15 270 4
99999 2016 3 9 16 270 5
99999 2016 3 9 17 270 4
99999 2016 3 9 18 292 3
99999 2016 3 9 19 270 3
99999 2016 3 9 20 270 3
99999 2016 3 9 21 270 3
99999 2016 3 9 22 248 3
99999 2016 3 9 23 248 3
99999 2016 3 10 0 270 3
99999 2016 3 10 1 270 3
99999 2016 3 10 2 270 3
99999 2016 3 10 3 270 4
99999 2016 3 10 4 270 3
99999 2016 3 10 5 292 3
99999 2016 3 10 6 270 4
99999 2016 3 10 7 270 3
99999 2016 3 10 8 270 4
99999 2016 3 10 9 292 5
99999 2016 3 10 10 315 6
99999 2016 3 10 11 292 6
99999 2016 3 10 12 315 6
99999 2016 3 10 13 0 5
99999 2016 3 10 14 0 6
99999 2016 3 10 15 315 4
99999 2016 3 10 16 292 4
99999 2016 3 10 17 0 3
99999 2016 3 10 18 22 2
99999 2016 3 10 19 315 2
99999 2016 3 10 20 248 2
99999 2016 3 10 21 270 3
99999 2016 3 10 22 292 3
99999 2016 3 10 23 270 3
99999 2016 3 11 0 270 3
99999 2016 3 11 1 0 3
99999 2016 3 11 2 90 3
99999 2016 3 11 3 180 3
99999 2016 3 11 5 45 2
99999 2016 3 11 6 135 3
99999 2016 3 11 7 158 3
99999 2016 3 11 8 22 1
99999 2016 3 11 9 0 2
99999 2016 3 11 10 0 3
99999 2016 3 11 11 0 3
99999 2016 3 11 12 0 3
99999 2016 3 11 13 315 3
99999 2016 3 11 14 0 3
99999 2016 3 11 15 270 1
99999 2016 3 11 16 270 2
99999 2016 3 11 17 248 3
99999 2016 3 11 18 248 3
99999 2016 3 11 19 270 3
99999 2016 3 11 20 270 3
99999 2016 3 11 21 270 3
99999 2016 3 11 22 270 3
99999 2016 3 11 23 270 3
99999 2016 3 12 0 270 3
99999 2016 3 12 1 292 3
99999 2016 3 12 2 292 3
99999 2016 3 12 3 292 3
99999 2016 3 12 4 292 3
99999 2016 3 12 5 270 3
99999 2016 3 12 6 270 3
99999 2016 3 12 7 270 3
99999 2016 3 12 8 270 4
99999 2016 3 12 9 315 4
99999 2016 3 12 10 315 4
99999 2016 3 12 11 0 3
99999 2016 3 12 12 0 4
99999 2016 3 12 13 0 4
99999 2016 3 12 14 45 7
99999 2016 3 12 15 45 5
99999 2016 3 12 16 45 4
99999 2016 3 12 17 45 4
99999 2016 3 12 18 45 2
99999 2016 3 12 19 0 2
99999 2016 3 12 20 90 3
99999 2016 3 12 21 90 3
99999 2016 3 12 22 0 2
99999 2016 3 12 23 0 3
99999 2016 3 13 0 22 1
99999 2016 3 13 1 45 1
99999 2016 3 13 2 90 3
99999 2016 3 13 3 0 2
99999 2016 3 13 4 0 2
99999 2016 3 13 5 22 1
99999 2016 3 13 6 45 3
99999 2016 3 13 7 45 3
99999 2016 3 13 8 45 3
99999 2016 3 13 9 45 5
99999 2016 3 13 10 45 3
99999 2016 3 13 11 45 3
99999 2016 3 13 12 45 7
99999 2016 3 13 13 45 6
99999 2016 3 13 14 45 5
99999 2016 3 13 15 45 5
99999 2016 3 13 16 45 5
99999 2016 3 13 17 45 4
99999 2016 3 13 18 45 3
99999 2016 3 13 19 45 3
99999 2016 3 13 20 45 2
99999 2016 3 13 21 90 3
99999 2016 3 13 22 90 3
99999 2016 3 13 23 90 2
99999 2016 3 14 0 45 1
99999 2016 3 14 1 90 2
99999 2016 3 14 2 112 3
99999 2016 3 14 3 90 3
99999 2016 3 14 4 90 2
99999 2016 3 14 5 0 1
99999 2016 3 14 6 0 2
99999 2016 3 14 7 0 3
99999 2016 3 14 8 0 3
99999 2016 3 14 9 0 3
99999 2016 3 14 10 45 3
99999 2016 3 14 11 90 5
99999 2016 3 14 12 45 5
99999 2016 3 14 13 90 5
99999 2016 3 14 14 45 5
99999 2016 3 14 15 90 6
99999 2016 3 14 16 45 4
99999 2016 3 14 17 45 3
99999 2016 3 14 18 45 3
99999 2016 3 14 19 90 3
99999 2016 3 14 20 90 2
99999 2016 3 14 21 158 0
99999 2016 3 14 22 0 1
99999 2016 3 14 23 270 1
99999 2016 3 15 0 270 2
99999 2016 3 15 1 270 2
99999 2016 3 15 2 270 2
99999 2016 3 15 3 202 1
99999 2016 3 15 4 202 3
99999 2016 3 15 5 202 1
99999 2016 3 15 6 202 1
99999 2016 3 15 7 202 0
99999 2016 3 15 8 180 2
99999 2016 3 15 9 248 3
99999 2016 3 15 10 248 4
99999 2016 3 15 11 315 3
99999 2016 3 15 12 270 4
99999 2016 3 15 13 0 4
99999 2016 3 15 14 0 3
99999 2016 3 15 15 0 4
99999 2016 3 15 16 45 4
99999 2016 3 15 17 90 4
99999 2016 3 15 18 90 7
99999 2016 3 15 19 90 7
99999 2016 3 15 20 90 6
99999 2016 3 15 21 90 5
99999 2016 3 15 22 90 3
99999 2016 3 15 23 68 3
99999 2016 3 16 0 90 3
99999 2016 3 16 1 45 3
99999 2016 3 16 2 90 5
99999 2016 3 16 3 90 3
99999 2016 3 16 4 90 5
99999 2016 3 16 5 90 4
99999 2016 3 16 6 45 4
99999 2016 3 16 7 90 5
99999 2016 3 16 8 45 4
99999 2016 3 16 9 90 4
99999 2016 3 16 10 112 4
99999 2016 3 16 11 90 5
99999 2016 3 16 12 112 6
99999 2016 3 16 13 90 5
99999 2016 3 16 14 90 7
99999 2016 3 16 15 90 5
99999 2016 3 16 16 90 3
99999 2016 3 16 17 90 4
99999 2016 3 16 18 68 1
99999 2016 3 16 19 135 3
99999 2016 3 16 20 112 1
99999 2016 3 16 21 68 0
99999 2016 3 16 22 68 1
99999 2016 3 16 23 292 3
99999 2016 3 17 0 315 2
99999 2016 3 17 1 338 2
99999 2016 3 17 2 0 3
99999 2016 3 17 3 0 2
99999 2016 3 17 4 338 2
99999 2016 3 17 5 292 3
99999 2016 3 17 6 270 3
99999 2016 3 17 7 270 3
99999 2016 3 17 8 292 3
99999 2016 3 17 9 292 4
99999 2016 3 17 10 292 4
99999 2016 3 17 11 315 4
99999 2016 3 17 12 248 4
99999 2016 3 17 13 0 4
99999 2016 3 17 14 292 3
99999 2016 3 17 15 292 3
99999 2016 3 17 16 338 2
99999 2016 3 17 17 0 3
99999 2016 3 17 18 292 3
99999 2016 3 17 19 270 3
99999 2016 3 17 20 248 2
99999 2016 3 17 21 202 2
99999 2016 3 17 22 202 2
99999 2016 3 17 23 202 2
99999 2016 3 18 0 202 2
99999 2016 3 18 1 202 1
99999 2016 3 18 2 202 2
99999 2016 3 18 3 202 2
99999 2016 3 18 4 202 2
99999 2016 3 18 5 225 2
99999 2016 3 18 6 202 3
99999 2016 3 18 7 202 3
99999 2016 3 18 8 202 2
99999 2016 3 18 9 248 3
99999 2016 3 18 10 270 4
99999 2016 3 18 11 315 4
99999 2016 3 18 12 0 4
99999 2016 3 18 13 315 3
99999 2016 3 18 14 0 3
99999 2016 3 18 15 0 3
99999 2016 3 18 16 0 3
99999 2016 3 18 17 45 3
99999 2016 3 18 18 45 2
99999 2016 3 18 19 112 2
99999 2016 3 18 20 180 1
99999 2016 3 18 21 180 0
99999 2016 3 18 22 180 1
99999 2016 3 18 23 202 3
99999 2016 3 19 0 202 2
99999 2016 3 19 1 202 2
99999 2016 3 19 2 202 3
99999 2016 3 19 3 225 1
99999 2016 3 19 4 202 3
99999 2016 3 19 5 202 3
99999 2016 3 19 6 202 2
99999 2016 3 19 7 202 3
99999 2016 3 19 8 202 2
99999 2016 3 19 9 338 3
99999 2016 3 19 10 315 3
99999 2016 3 19 11 0 3
99999 2016 3 19 12 0 3
99999 2016 3 19 13 315 3
99999 2016 3 19 14 0 4
99999 2016 3 19 15 0 3
99999 2016 3 19 16 0 3
99999 2016 3 19 17 0 3
99999 2016 3 19 18 90 3
99999 2016 3 19 19 112 2
99999 2016 3 19 20 225 2
99999 2016 3 19 21 180 3
99999 2016 3 19 22 202 6
99999 2016 3 19 23 202 4
99999 2016 3 20 0 202 3
99999 2016 3 20 1 202 5
99999 2016 3 20 2 202 4
99999 2016 3 20 3 315 2
99999 2016 3 20 4 248 3
99999 2016 3 20 5 202 4
99999 2016 3 20 6 202 3
99999 2016 3 20 7 248 2
99999 2016 3 20 8 248 3
99999 2016 3 20 9 225 3
99999 2016 3 20 10 248 3
99999 2016 3 20 11 248 3
99999 2016 3 20 12 270 4
99999 2016 3 20 13 0 3
99999 2016 3 20 14 45 3
99999 2016 3 20 15 0 3
99999 2016 3 20 16 0 2
99999 2016 3 20 17 180 3
99999 2016 3 20 18 202 4
99999 2016 3 20 19 180 3
99999 2016 3 20 20 180 3
99999 2016 3 20 21 202 5
99999 2016 3 20 22 202 4
99999 2016 3 20 23 202 6
99999 2016 3 21 0 202 5
99999 2016 3 21 1 202 4
99999 2016 3 21 2 202 4
