99999 2016 12 21 22 248 0
99999 2016 12 21 23 248 0
99999 2016 12 22 0 248 0
99999 2016 12 22 1 270 0
99999 2016 12 22 2 248 0
99999 2016 12 22 3 202 0
99999 2016 12 22 4 202 0
99999 2016 12 22 5 202 0
99999 2016 12 22 6 202 0
99999 2016 12 22 7 315 1
99999 2016 12 22 8 315 0
99999 2016 12 22 9 270 0
99999 2016 12 22 10 270 1
99999 2016 12 22 11 270 2
99999 2016 12 22 12 315 3
99999 2016 12 22 13 270 3
99999 2016 12 22 14 315 2
99999 2016 12 22 15 292 2
99999 2016 12 22 16 292 1
99999 2016 12 22 17 338 1
99999 2016 12 22 18 315 1
99999 2016 12 22 19 315 0
99999 2016 12 22 20 202 0
99999 2016 12 22 21 202 1
99999 2016 12 22 22 202 0
99999 2016 12 22 23 202 1
99999 2016 12 23 0 180 0
99999 2016 12 23 1 202 1
99999 2016 12 23 2 202 0
99999 2016 12 23 3 202 0
99999 2016 12 23 4 202 0
99999 2016 12 23 5 202 1
99999 2016 12 23 6 202 1
99999 2016 12 23 7 202 0
99999 2016 12 23 8 180 0
99999 2016 12 23 9 202 0
99999 2016 12 23 10 270 1
99999 2016 12 23 11 315 3
99999 2016 12 23 12 270 3
99999 2016 12 23 13 315 3
99999 2016 12 23 14 315 2
99999 2016 12 23 15 315 2
99999 2016 12 23 16 315 2
99999 2016 12 23 17 315 1
99999 2016 12 23 18 315 0
99999 2016 12 23 19 315 0
99999 2016 12 23 20 315 0
99999 2016 12 23 21 315 0
99999 2016 12 23 22 315 0
99999 2016 12 23 23 248 3
99999 2016 12 24 0 270 2
99999 2016 12 24 1 248 0
99999 2016 12 24 2 248 1
99999 2016 12 24 3 225 1
99999 2016 12 24 4 202 3
99999 2016 12 24 5 202 1
99999 2016 12 24 6 202 1
99999 2016 12 24 7 202 2
99999 2016 12 24 8 202 1
99999 2016 12 24 9 202 0
99999 2016 12 24 10 202 1
99999 2016 12 24 11 225 1
99999 2016 12 24 12 270 3
99999 2016 12 24 13 315 3
99999 2016 12 24 14 270 3
99999 2016 12 24 15 315 2
99999 2016 12 24 16 248 1
99999 2016 12 24 17 292 2
99999 2016 12 24 18 270 1
99999 2016 12 24 19 270 0
99999 2016 12 24 20 180 1
99999 2016 12 24 21 225 0
99999 2016 12 24 22 225 0
99999 2016 12 24 23 202 0
99999 2016 12 25 23 315 0
99999 2016 12 26 22 202 3
99999 2016 12 26 23 225 0
99999 2016 12 27 2 225 0
99999 2016 12 27 3 225 1
99999 2016 12 27 4 225 1
99999 2016 12 27 5 225 0
99999 2016 12 27 6 225 0
99999 2016 12 27 7 225 0
99999 2016 12 27 8 225 0
99999 2016 12 27 9 225 0
99999 2016 12 27 10 270 1
99999 2016 12 27 11 315 2
99999 2016 12 27 12 315 3
99999 2016 12 27 13 292 4
99999 2016 12 27 14 315 3
99999 2016 12 27 15 315 2
99999 2016 12 27 16 315 1
99999 2016 12 27 17 292 0
99999 2016 12 27 18 292 0
99999 2016 12 27 19 180 1
99999 2016 12 27 20 158 1
99999 2016 12 27 21 90 1
99999 2016 12 27 22 112 1
99999 2016 12 27 23 112 0
99999 2016 12 28 0 112 0
99999 2016 12 28 1 112 0
99999 2016 12 28 2 135 0
99999 2016 12 28 3 180 0
99999 2016 12 28 4 180 0
99999 2016 12 28 5 180 0
99999 2016 12 28 6 180 0
99999 2016 12 28 7 180 0
99999 2016 12 28 8 225 1
99999 2016 12 28 9 158 2
99999 2016 12 28 10 292 1
99999 2016 12 28 11 292 4
99999 2016 12 28 12 270 4
99999 2016 12 28 13 270 3
99999 2016 12 28 14 270 3
99999 2016 12 28 15 270 3
99999 2016 12 28 16 270 4
99999 2016 12 28 17 248 3
99999 2016 12 28 18 270 3
99999 2016 12 28 19 270 3
99999 2016 12 28 20 270 4
99999 2016 12 28 21 270 3
99999 2016 12 28 22 0 2
99999 2016 12 28 23 338 1
99999 2016 12 29 0 315 1
99999 2016 12 29 1 90 2
99999 2016 12 29 2 135 0
99999 2016 12 29 3 90 4
99999 2016 12 29 4 112 6
99999 2016 12 29 5 90 4
99999 2016 12 29 6 90 2
99999 2016 12 29 7 90 3
99999 2016 12 29 8 90 3
99999 2016 12 29 9 90 3
99999 2016 12 29 10 112 5
99999 2016 12 29 11 112 7
99999 2016 12 29 12 90 8
99999 2016 12 29 13 90 7
99999 2016 12 29 14 90 6
99999 2016 12 29 15 90 4
99999 2016 12 29 16 90 4
99999 2016 12 29 17 90 2
99999 2016 12 29 18 90 1
99999 2016 12 29 19 90 0
99999 2016 12 29 21 90 0
99999 2016 12 29 22 68 0
99999 2016 12 29 23 180 0
99999 2016 12 30 17 338 1
99999 2016 12 30 18 338 0
99999 2016 12 30 19 338 0
99999 2016 12 30 20 292 1
99999 2016 12 30 21 225 0
99999 2016 12 30 22 225 0
99999 2016 12 30 23 225 0
99999 2016 12 31 0 225 0
99999 2016 12 31 1 225 1
99999 2016 12 31 2 225 3
99999 2016 12 31 17 338 3
99999 2016 12 31 18 315 1
99999 2016 12 31 19 315 1
99999 2016 12 31 20 315 1
99999 2016 12 31 21 315 0
99999 2016 12 31 22 315 1
99999 2016 12 31 23 225 1
99999 2017 1 1 0 225 1
99999 2017 1 1 1 225 0
99999 2017 1 1 2 225 0
99999 2017 1 1 3 225 0
99999 2017 1 1 4 225 1
99999 2017 1 1 5 225 1
99999 2017 1 1 6 225 1
99999 2017 1 1 7 270 2
99999 2017 1 1 8 270 2
99999 2017 1 1 9 270 2
99999 2017 1 1 10 292 2
99999 2017 1 1 11 270 3
99999 2017 1 1 12 315 3
99999 2017 1 1 13 292 3
99999 2017 1 1 14 292 3
99999 2017 1 1 15 315 2
99999 2017 1 1 16 292 1
99999 2017 1 1 17 292 0
99999 2017 1 1 18 292 0
99999 2017 1 1 19 292 0
99999 2017 1 1 20 292 0
99999 2017 1 1 21 292 0
99999 2017 1 1 22 292 0
99999 2017 1 1 23 292 0
99999 2017 1 2 0 292 0
99999 2017 1 2 1 292 0
99999 2017 1 2 2 292 0
99999 2017 1 2 3 292 0
99999 2017 1 2 4 292 0
99999 2017 1 2 5 292 0
99999 2017 1 2 6 292 0
99999 2017 1 2 7 292 0
99999 2017 1 2 8 292 0
99999 2017 1 2 9 292 1
99999 2017 1 2 10 292 2
99999 2017 1 2 11 315 2
99999 2017 1 2 12 338 2
99999 2017 1 2 13 292 2
99999 2017 1 2 14 338 2
99999 2017 1 2 15 338 3
99999 2017 1 2 16 338 2
99999 2017 1 2 17 338 2
99999 2017 1 2 18 338 1
99999 2017 1 2 19 0 0
99999 2017 1 2 20 0 0
99999 2017 1 2 21 0 0
99999 2017 1 2 22 0 1
99999 2017 1 2 23 0 1
99999 2017 1 3 0 0 1
99999 2017 1 3 1 0 1
99999 2017 1 3 2 225 0
99999 2017 1 4 0 292 1
99999 2017 1 4 1 270 2
99999 2017 1 4 2 225 1
99999 2017 1 4 3 202 3
99999 2017 1 4 4 202 3
99999 2017 1 4 5 225 2
99999 2017 1 4 6 248 2
99999 2017 1 4 7 248 2
99999 2017 1 4 8 248 1
99999 2017 1 4 9 248 0
99999 2017 1 4 10 248 3
99999 2017 1 4 11 270 3
99999 2017 1 4 12 292 3
99999 2017 1 4 13 292 2
99999 2017 1 4 14 270 2
99999 2017 1 4 15 292 1
99999 2017 1 4 16 315 2
99999 2017 1 4 17 338 1
99999 2017 1 4 18 338 1
99999 2017 1 4 19 0 1
99999 2017 1 4 20 0 1
99999 2017 1 4 21 0 0
99999 2017 1 4 22 338 2
99999 2017 1 4 23 338 1
99999 2017 1 5 0 338 2
99999 2017 1 5 1 202 1
99999 2017 1 5 2 225 2
99999 2017 1 5 3 292 2
99999 2017 1 5 4 292 3
99999 2017 1 5 5 270 3
99999 2017 1 5 6 270 3
99999 2017 1 5 7 270 3
99999 2017 1 5 8 270 4
99999 2017 1 5 9 270 5
99999 2017 1 5 10 292 4
99999 2017 1 5 11 292 4
99999 2017 1 5 12 315 3
99999 2017 1 5 13 338 4
99999 2017 1 5 14 22 5
99999 2017 1 5 15 0 3
99999 2017 1 5 16 90 3
99999 2017 1 5 17 90 2
99999 2017 1 5 18 22 1
99999 2017 1 5 19 22 2
99999 2017 1 5 20 338 2
99999 2017 1 5 21 0 2
99999 2017 1 5 22 0 1
99999 2017 1 5 23 338 2
99999 2017 1 6 0 0 0
99999 2017 1 6 13 135 3
99999 2017 1 6 14 90 3
99999 2017 1 6 15 22 2
99999 2017 1 6 16 90 3
99999 2017 1 6 17 112 3
99999 2017 1 6 18 112 2
99999 2017 1 6 19 112 2
99999 2017 1 6 20 112 1
99999 2017 1 6 21 112 0
99999 2017 1 6 22 112 1
99999 2017 1 6 23 112 0
99999 2017 1 7 0 112 0
99999 2017 1 7 1 112 1
99999 2017 1 7 2 112 1
99999 2017 1 7 3 45 1
99999 2017 1 7 4 0 1
99999 2017 1 7 5 112 0
99999 2017 1 7 6 112 0
99999 2017 1 7 7 112 1
99999 2017 1 7 8 135 1
99999 2017 1 7 9 135 1
99999 2017 1 7 10 135 1
99999 2017 1 7 11 112 2
99999 2017 1 7 12 90 3
99999 2017 1 7 13 90 3
99999 2017 1 7 14 90 4
99999 2017 1 7 15 90 3
99999 2017 1 7 16 90 3
99999 2017 1 7 17 90 3
99999 2017 1 7 18 112 3
99999 2017 1 7 19 90 2
99999 2017 1 7 20 90 1
99999 2017 1 7 21 90 0
99999 2017 1 7 22 90 0
99999 2017 1 7 23 202 1
99999 2017 1 8 0 202 1
99999 2017 1 9 0 202 2
99999 2017 1 9 18 338 0
99999 2017 1 9 19 0 1
99999 2017 1 9 20 0 1
99999 2017 1 9 21 90 3
99999 2017 1 9 22 90 2
99999 2017 1 9 23 112 2
99999 2017 1 10 0 112 0
99999 2017 1 11 0 45 0
99999 2017 1 11 1 68 1
99999 2017 1 11 2 0 1
99999 2017 1 11 3 90 2
99999 2017 1 12 0 270 3
99999 2017 1 12 13 112 2
99999 2017 1 12 14 112 3
99999 2017 1 12 15 90 3
99999 2017 1 12 16 90 3
99999 2017 1 12 17 90 4
99999 2017 1 12 18 90 3
99999 2017 1 12 19 90 2
99999 2017 1 12 20 112 2
99999 2017 1 12 21 90 2
99999 2017 1 12 22 90 2
99999 2017 1 12 23 90 1
99999 2017 1 13 0 22 1
99999 2017 1 13 1 338 1
99999 2017 1 13 2 292 0
99999 2017 1 13 3 0 1
99999 2017 1 13 4 270 1
99999 2017 1 13 5 292 2
99999 2017 1 13 6 292 3
99999 2017 1 13 7 270 3
99999 2017 1 13 8 315 3
99999 2017 1 13 9 270 5
99999 2017 1 13 10 0 3
99999 2017 1 13 11 0 3
99999 2017 1 13 12 0 3
99999 2017 1 13 13 0 3
99999 2017 1 13 14 0 3
99999 2017 1 13 15 270 3
99999 2017 1 13 16 202 2
99999 2017 1 13 17 270 3
99999 2017 1 13 18 270 6
99999 2017 1 13 19 270 6
99999 2017 1 13 20 292 3
99999 2017 1 13 21 338 1
99999 2017 1 13 22 338 0
99999 2017 1 13 23 292 2
99999 2017 1 14 18 0 0
99999 2017 1 14 19 202 1
99999 2017 1 14 20 180 1
99999 2017 1 14 21 180 0
99999 2017 1 14 22 180 1
99999 2017 1 14 23 22 0
99999 2017 1 15 0 22 0
99999 2017 1 15 1 338 2
99999 2017 1 15 2 338 0
99999 2017 1 15 3 68 1
99999 2017 1 15 4 292 1
99999 2017 1 15 5 292 1
99999 2017 1 15 6 292 2
99999 2017 1 15 7 292 2
99999 2017 1 15 8 270 2
99999 2017 1 15 9 292 2
99999 2017 1 15 10 270 3
99999 2017 1 15 11 270 3
99999 2017 1 15 12 315 3
99999 2017 1 15 13 292 1
99999 2017 1 15 14 202 3
99999 2017 1 15 15 270 2
99999 2017 1 15 16 270 3
99999 2017 1 15 17 315 2
99999 2017 1 15 18 292 2
99999 2017 1 15 19 270 2
99999 2017 1 15 20 292 2
99999 2017 1 15 21 270 3
99999 2017 1 15 22 270 2
99999 2017 1 15 23 292 2
99999 2017 1 16 0 270 2
99999 2017 1 16 1 270 3
99999 2017 1 16 2 270 3
99999 2017 1 16 3 270 2
99999 2017 1 16 4 292 2
99999 2017 1 16 5 270 1
99999 2017 1 16 6 292 2
99999 2017 1 16 7 315 3
99999 2017 1 16 8 338 3
99999 2017 1 16 9 292 3
99999 2017 1 16 10 315 3
99999 2017 1 16 11 315 3
99999 2017 1 16 12 315 3
99999 2017 1 16 13 0 5
99999 2017 1 16 14 0 4
99999 2017 1 16 15 22 4
99999 2017 1 16 16 22 5
99999 2017 1 16 17 22 4
99999 2017 1 16 18 22 4
99999 2017 1 16 19 22 6
99999 2017 1 16 20 22 4
99999 2017 1 16 21 22 4
99999 2017 1 16 22 22 3
99999 2017 1 16 23 0 5
99999 2017 1 17 0 22 5
99999 2017 1 17 1 22 5
99999 2017 1 17 2 22 3
99999 2017 1 17 3 22 3
99999 2017 1 17 4 22 4
99999 2017 1 17 5 22 3
99999 2017 1 17 6 0 3
99999 2017 1 17 7 22 7
99999 2017 1 17 8 22 3
99999 2017 1 17 9 22 3
99999 2017 1 17 10 0 5
99999 2017 1 17 11 22 7
99999 2017 1 17 12 22 8
99999 2017 1 17 13 22 7
99999 2017 1 17 14 22 7
99999 2017 1 17 15 22 6
99999 2017 1 17 16 22 4
99999 2017 1 17 17 90 4
99999 2017 1 17 18 22 5
99999 2017 1 17 19 22 3
99999 2017 1 17 20 22 3
99999 2017 1 17 21 22 3
99999 2017 1 17 22 22 4
99999 2017 1 17 23 22 3
99999 2017 1 18 12 22 5
99999 2017 1 18 13 22 6
99999 2017 1 18 14 22 7
99999 2017 1 18 15 22 4
99999 2017 1 18 16 22 5
99999 2017 1 18 17 22 3
99999 2017 1 18 18 22 2
99999 2017 1 18 19 22 1
99999 2017 1 18 20 22 1
99999 2017 1 18 21 22 2
99999 2017 1 18 22 0 2
99999 2017 1 18 23 315 2
99999 2017 1 19 0 315 1
99999 2017 1 19 23 292 3
99999 2017 1 20 0 270 3
99999 2017 1 20 1 270 3
99999 2017 1 20 2 270 3
99999 2017 1 20 3 270 3
99999 2017 1 20 16 338 2
99999 2017 1 20 17 338 1
99999 2017 1 20 18 338 0
99999 2017 1 20 19 315 1
99999 2017 1 20 20 225 1
99999 2017 1 20 21 225 1
99999 2017 1 20 22 202 0
99999 2017 1 20 23 202 1
99999 2017 1 21 17 0 0
99999 2017 1 21 18 315 0
99999 2017 1 21 19 180 1
99999 2017 1 21 20 202 1
99999 2017 1 21 21 202 1
99999 2017 1 21 22 202 0
99999 2017 1 21 23 202 1
99999 2017 1 22 0 202 1
99999 2017 1 22 1 202 0
99999 2017 1 22 2 202 0
99999 2017 1 22 3 292 0
99999 2017 1 22 4 292 1
99999 2017 1 22 5 270 1
99999 2017 1 22 6 315 1
99999 2017 1 22 7 270 2
99999 2017 1 22 8 315 1
99999 2017 1 22 9 315 1
99999 2017 1 22 10 315 2
99999 2017 1 22 11 292 2
99999 2017 1 22 12 315 2
99999 2017 1 22 13 270 3
99999 2017 1 22 14 270 2
99999 2017 1 22 15 292 2
99999 2017 1 22 16 292 2
99999 2017 1 22 17 248 1
99999 2017 1 22 18 292 0
99999 2017 1 22 19 292 1
99999 2017 1 22 20 292 0
99999 2017 1 22 21 292 1
99999 2017 1 22 22 248 2
99999 2017 1 22 23 292 2
99999 2017 1 23 0 292 1
99999 2017 1 23 1 270 1
99999 2017 1 23 2 315 1
99999 2017 1 24 0 270 3
99999 2017 1 24 1 248 2
99999 2017 1 24 2 270 2
99999 2017 1 24 3 270 2
99999 2017 1 24 4 270 2
99999 2017 1 24 5 248 1
99999 2017 1 24 6 270 1
99999 2017 1 24 7 270 0
99999 2017 1 24 8 270 0
99999 2017 1 24 9 292 2
99999 2017 1 24 10 270 3
99999 2017 1 24 11 292 3
99999 2017 1 24 12 270 3
99999 2017 1 24 13 338 3
99999 2017 1 24 14 315 2
99999 2017 1 24 15 248 2
99999 2017 1 24 16 338 2
99999 2017 1 24 17 338 3
99999 2017 1 24 18 338 1
99999 2017 1 24 19 338 0
99999 2017 1 24 20 338 0
99999 2017 1 24 21 338 0
99999 2017 1 24 22 315 0
99999 2017 1 24 23 315 3
99999 2017 1 25 16 315 2
99999 2017 1 25 17 338 2
99999 2017 1 25 18 315 1
99999 2017 1 25 19 270 1
99999 2017 1 25 20 270 1
99999 2017 1 25 21 338 0
99999 2017 1 25 22 180 1
99999 2017 1 25 23 180 1
99999 2017 1 26 0 180 1
99999 2017 1 26 1 202 2
99999 2017 1 26 2 202 1
99999 2017 1 26 3 292 2
99999 2017 1 26 4 338 1
99999 2017 1 26 5 292 0
99999 2017 1 26 22 315 0
99999 2017 1 26 23 315 0
99999 2017 1 27 0 45 0
99999 2017 1 27 1 45 0
99999 2017 1 27 23 90 0
99999 2017 1 28 1 90 1
99999 2017 1 28 19 0 0
99999 2017 1 28 20 0 0
99999 2017 1 28 21 112 0
99999 2017 1 28 22 112 0
99999 2017 1 28 23 158 0
99999 2017 1 31 0 0 2
99999 2017 1 31 1 22 0
99999 2017 1 31 2 22 0
99999 2017 1 31 3 45 1
99999 2017 1 31 4 22 0
99999 2017 1 31 23 0 1
99999 2017 2 1 18 338 1
99999 2017 2 1 19 338 1
99999 2017 2 1 20 338 1
99999 2017 2 1 21 338 1
99999 2017 2 1 22 338 0
99999 2017 2 1 23 338 0
99999 2017 2 3 0 292 1
99999 2017 2 3 1 315 1
99999 2017 2 3 2 315 1
99999 2017 2 3 3 315 1
99999 2017 2 3 4 22 1
99999 2017 2 3 5 90 2
99999 2017 2 3 6 90 3
99999 2017 2 3 7 90 3
99999 2017 2 3 8 90 3
99999 2017 2 3 9 90 3
99999 2017 2 3 10 90 3
99999 2017 2 3 11 90 2
99999 2017 2 3 12 202 5
99999 2017 2 3 13 0 5
99999 2017 2 3 14 292 3
99999 2017 2 3 15 292 3
99999 2017 2 3 16 292 2
99999 2017 2 3 17 270 3
99999 2017 2 3 18 315 3
99999 2017 2 3 19 315 2
99999 2017 2 3 20 158 1
99999 2017 2 3 21 338 2
99999 2017 2 3 22 22 1
99999 2017 2 3 23 135 1
99999 2017 2 4 0 292 2
99999 2017 2 4 1 248 2
99999 2017 2 4 2 180 3
99999 2017 2 4 3 270 3
99999 2017 2 4 4 292 3
99999 2017 2 4 5 270 3
99999 2017 2 4 6 270 3
99999 2017 2 4 7 248 2
99999 2017 2 4 8 270 1
99999 2017 2 4 9 0 1
99999 2017 2 4 10 158 1
99999 2017 2 4 11 90 3
99999 2017 2 4 12 90 3
99999 2017 2 4 13 90 3
99999 2017 2 4 14 90 3
99999 2017 2 4 15 90 4
99999 2017 2 4 16 90 3
99999 2017 2 4 17 0 3
99999 2017 2 4 18 270 3
99999 2017 2 4 19 270 5
99999 2017 2 4 20 270 5
99999 2017 2 4 21 270 4
99999 2017 2 4 22 270 3
99999 2017 2 4 23 270 3
99999 2017 2 5 0 292 2
99999 2017 2 5 1 292 1
99999 2017 2 5 2 292 2
99999 2017 2 5 3 270 3
99999 2017 2 5 4 248 2
99999 2017 2 5 5 202 1
99999 2017 2 5 6 202 0
99999 2017 2 5 7 112 1
99999 2017 2 5 8 112 1
99999 2017 2 5 9 90 2
99999 2017 2 5 10 90 2
99999 2017 2 5 11 22 2
99999 2017 2 5 12 90 3
99999 2017 2 5 13 90 4
99999 2017 2 5 14 90 3
99999 2017 2 5 15 90 2
99999 2017 2 5 16 0 2
99999 2017 2 5 17 0 3
99999 2017 2 5 18 270 4
99999 2017 2 5 19 270 3
99999 2017 2 5 20 338 2
99999 2017 2 5 21 270 3
99999 2017 2 5 22 270 3
99999 2017 2 5 23 292 3
99999 2017 2 6 0 270 3
99999 2017 2 6 1 270 3
99999 2017 2 6 2 270 3
99999 2017 2 6 15 0 3
99999 2017 2 6 16 0 2
99999 2017 2 6 17 292 2
99999 2017 2 6 18 270 2
99999 2017 2 6 19 292 2
99999 2017 2 6 20 270 2
99999 2017 2 6 21 270 1
99999 2017 2 6 22 338 1
99999 2017 2 6 23 45 0
99999 2017 2 7 23 112 0
99999 2017 2 8 19 22 1
99999 2017 2 8 20 22 1
99999 2017 2 8 21 22 1
99999 2017 2 8 22 68 1
99999 2017 2 8 23 45 1
99999 2017 2 9 0 112 0
99999 2017 2 9 1 112 0
99999 2017 2 9 2 68 0
99999 2017 2 9 22 292 2
99999 2017 2 9 23 292 2
99999 2017 2 10 0 292 2
99999 2017 2 10 1 292 2
99999 2017 2 10 2 292 0
99999 2017 2 10 23 315 3
99999 2017 2 11 0 292 3
99999 2017 2 11 1 315 2
99999 2017 2 11 2 292 3
99999 2017 2 11 3 270 3
99999 2017 2 12 0 292 1
99999 2017 2 12 1 315 1
99999 2017 2 12 2 292 0
99999 2017 2 12 3 292 1
99999 2017 2 12 4 270 1
99999 2017 2 12 5 292 2
99999 2017 2 12 6 292 2
99999 2017 2 12 7 292 2
99999 2017 2 12 8 270 2
99999 2017 2 12 9 292 2
99999 2017 2 13 13 90 2
99999 2017 2 13 14 90 3
99999 2017 2 13 15 90 2
99999 2017 2 13 16 90 2
99999 2017 2 13 17 90 1
99999 2017 2 13 18 90 2
99999 2017 2 13 19 0 2
99999 2017 2 13 20 90 1
99999 2017 2 13 21 45 0
99999 2017 2 13 22 338 0
99999 2017 2 13 23 0 1
99999 2017 2 14 12 338 3
99999 2017 2 14 13 338 3
99999 2017 2 14 14 0 3
99999 2017 2 14 15 0 3
99999 2017 2 14 16 0 2
99999 2017 2 14 17 338 2
99999 2017 2 14 18 338 3
99999 2017 2 14 19 0 0
99999 2017 2 14 20 0 0
99999 2017 2 14 21 202 1
99999 2017 2 14 22 202 1
99999 2017 2 14 23 202 2
99999 2017 2 15 0 202 3
99999 2017 2 15 1 202 3
99999 2017 2 15 2 202 3
99999 2017 2 15 3 202 2
99999 2017 2 15 4 202 3
99999 2017 2 15 5 202 2
99999 2017 2 15 6 202 0
99999 2017 2 15 7 202 2
99999 2017 2 15 8 202 3
99999 2017 2 15 9 202 3
99999 2017 2 15 10 248 3
99999 2017 2 15 11 315 3
99999 2017 2 15 12 315 2
99999 2017 2 15 13 338 2
99999 2017 2 15 14 270 2
99999 2017 2 15 15 338 2
99999 2017 2 15 16 338 3
99999 2017 2 15 17 315 2
99999 2017 2 15 18 292 1
99999 2017 2 15 19 225 1
99999 2017 2 15 20 225 0
99999 2017 2 15 21 225 1
99999 2017 2 15 22 180 1
99999 2017 2 15 23 158 2
99999 2017 2 16 0 202 1
99999 2017 2 16 1 202 1
99999 2017 2 16 2 202 3
99999 2017 2 16 3 225 0
99999 2017 2 16 4 225 0
99999 2017 2 16 5 202 1
99999 2017 2 16 6 202 0
99999 2017 2 16 7 202 2
99999 2017 2 16 8 180 1
99999 2017 2 16 9 202 1
99999 2017 2 16 10 248 3
99999 2017 2 16 11 315 3
99999 2017 2 16 12 270 3
99999 2017 2 16 13 315 3
99999 2017 2 16 14 338 3
99999 2017 2 16 15 0 3
99999 2017 2 16 16 338 2
99999 2017 2 16 17 338 2
99999 2017 2 16 18 22 0
99999 2017 2 16 19 158 1
99999 2017 2 16 20 180 1
99999 2017 2 16 21 135 2
99999 2017 2 16 22 248 3
99999 2017 2 16 23 202 3
99999 2017 2 17 0 225 2
99999 2017 2 17 1 248 1
99999 2017 2 17 2 202 3
99999 2017 2 17 3 225 3
99999 2017 2 17 4 202 2
99999 2017 2 17 5 248 1
99999 2017 2 17 6 292 1
99999 2017 2 17 7 292 0
99999 2017 2 17 8 248 0
99999 2017 2 17 9 202 1
99999 2017 2 17 10 338 1
99999 2017 2 17 11 22 3
99999 2017 2 17 12 22 3
99999 2017 2 17 13 338 3
99999 2017 2 17 14 22 2
99999 2017 2 17 15 90 2
99999 2017 2 17 16 90 3
99999 2017 2 17 17 22 3
99999 2017 2 17 18 90 3
99999 2017 2 17 19 90 3
99999 2017 2 17 20 90 3
99999 2017 2 17 21 90 2
99999 2017 2 17 22 90 2
99999 2017 2 17 23 22 2
99999 2017 2 18 0 135 2
99999 2017 2 18 1 180 2
99999 2017 2 18 2 0 1
99999 2017 2 18 15 90 3
99999 2017 2 18 16 90 3
99999 2017 2 18 17 90 3
99999 2017 2 18 18 90 2
99999 2017 2 18 19 90 2
99999 2017 2 18 20 112 1
99999 2017 2 18 21 90 2
99999 2017 2 18 22 90 1
99999 2017 2 18 23 90 0
99999 2017 2 19 0 248 1
99999 2017 2 19 1 292 0
99999 2017 2 19 2 315 1
99999 2017 2 19 3 292 0
99999 2017 2 19 4 292 1
99999 2017 2 19 5 292 0
99999 2017 2 19 6 292 2
99999 2017 2 19 7 292 3
99999 2017 2 19 8 270 3
99999 2017 2 19 9 292 3
99999 2017 2 19 10 292 3
99999 2017 2 19 11 315 3
99999 2017 2 19 12 338 3
99999 2017 2 19 13 338 3
99999 2017 2 19 14 338 2
99999 2017 2 19 15 315 1
99999 2017 2 19 16 338 2
99999 2017 2 19 17 45 1
99999 2017 2 19 18 22 1
99999 2017 2 19 19 22 1
99999 2017 2 19 20 292 1
99999 2017 2 19 21 292 1
99999 2017 2 19 22 292 1
99999 2017 2 19 23 292 0
99999 2017 2 20 0 292 1
99999 2017 2 20 1 292 2
99999 2017 2 20 2 270 2
99999 2017 2 20 3 248 2
99999 2017 2 20 4 270 2
99999 2017 2 20 5 270 3
99999 2017 2 20 6 248 1
99999 2017 2 20 7 292 1
99999 2017 2 20 8 270 3
99999 2017 2 20 9 270 3
99999 2017 2 20 10 338 3
99999 2017 2 20 11 338 3
99999 2017 2 20 12 338 3
99999 2017 2 20 13 338 3
99999 2017 2 20 14 338 3
99999 2017 2 20 15 338 3
99999 2017 2 20 16 338 2
99999 2017 2 20 17 22 1
99999 2017 2 20 18 68 0
99999 2017 2 20 19 90 2
99999 2017 2 20 20 90 2
99999 2017 2 20 21 90 1
99999 2017 2 20 22 90 0
99999 2017 2 20 23 90 0
99999 2017 2 21 0 90 0
99999 2017 2 21 1 90 0
99999 2017 2 21 2 90 0
99999 2017 2 21 3 202 0
99999 2017 2 21 4 270 1
99999 2017 2 22 22 112 1
99999 2017 2 22 23 135 0
99999 2017 2 23 12 22 2
99999 2017 2 23 13 22 3
99999 2017 2 23 14 90 3
99999 2017 2 23 15 90 3
99999 2017 2 23 16 90 3
99999 2017 2 23 17 112 1
99999 2017 2 23 18 0 1
99999 2017 2 23 19 90 2
99999 2017 2 23 20 90 3
99999 2017 2 23 21 90 2
99999 2017 2 23 22 90 1
99999 2017 2 23 23 90 1
99999 2017 2 24 0 90 1
99999 2017 2 24 1 90 0
99999 2017 2 24 2 90 0
99999 2017 2 25 0 90 3
99999 2017 2 25 1 90 6
99999 2017 2 25 2 90 9
99999 2017 2 25 3 90 4
99999 2017 2 25 4 90 5
99999 2017 2 25 5 45 2
99999 2017 2 25 6 22 2
99999 2017 2 25 7 338 2
99999 2017 2 25 8 338 1
99999 2017 2 25 9 292 2
99999 2017 2 25 10 338 2
99999 2017 2 25 11 0 3
99999 2017 2 25 12 22 3
99999 2017 2 25 13 22 5
99999 2017 2 25 14 90 3
99999 2017 2 25 15 22 4
99999 2017 2 25 16 22 3
99999 2017 2 25 17 22 3
99999 2017 2 25 18 22 2
99999 2017 2 25 19 90 2
99999 2017 2 25 20 90 1
99999 2017 2 25 21 180 1
99999 2017 2 25 22 180 0
99999 2017 2 25 23 180 0
99999 2017 2 26 12 22 2
99999 2017 2 26 13 22 2
99999 2017 2 26 14 0 2
99999 2017 2 26 15 90 3
99999 2017 2 26 16 112 3
99999 2017 2 26 17 90 4
99999 2017 2 26 18 90 3
99999 2017 2 26 19 90 3
99999 2017 2 26 20 90 3
99999 2017 2 26 21 90 1
99999 2017 2 26 22 90 2
99999 2017 2 26 23 90 1
99999 2017 2 27 0 112 1
99999 2017 2 27 1 112 0
99999 2017 2 27 2 112 0
99999 2017 2 27 3 112 0
99999 2017 2 27 4 112 0
99999 2017 2 27 21 90 0
99999 2017 2 27 22 158 0
99999 2017 2 27 23 180 3
99999 2017 2 28 0 158 3
99999 2017 2 28 1 180 4
99999 2017 2 28 2 180 4
99999 2017 2 28 3 180 5
99999 2017 2 28 4 180 7
99999 2017 2 28 5 180 7
99999 2017 2 28 6 135 6
99999 2017 2 28 7 158 6
99999 2017 2 28 8 180 7
99999 2017 2 28 9 180 5
99999 2017 2 28 10 180 8
99999 2017 2 28 11 180 8
99999 2017 2 28 12 180 8
99999 2017 2 28 13 180 7
99999 2017 2 28 14 158 6
99999 2017 2 28 15 135 4
99999 2017 2 28 16 180 7
99999 2017 2 28 17 135 5
99999 2017 2 28 18 180 3
99999 2017 2 28 19 135 4
99999 2017 2 28 20 202 10
99999 2017 2 28 21 202 7
99999 2017 2 28 22 202 3
99999 2017 2 28 23 202 2
99999 2017 3 1 0 202 5
99999 2017 3 1 1 202 3
99999 2017 3 1 2 270 3
99999 2017 3 1 3 338 3
99999 2017 3 1 4 248 3
99999 2017 3 1 5 202 5
99999 2017 3 1 6 270 3
99999 2017 3 1 7 270 6
99999 2017 3 1 8 270 7
99999 2017 3 1 9 248 6
99999 2017 3 1 10 270 6
99999 2017 3 1 11 270 7
99999 2017 3 1 12 270 7
99999 2017 3 1 13 270 6
99999 2017 3 1 14 270 6
99999 2017 3 1 15 270 5
99999 2017 3 1 16 338 3
99999 2017 3 1 17 338 3
99999 2017 3 1 18 338 1
99999 2017 3 1 19 112 1
99999 2017 3 1 20 158 4
99999 2017 3 1 21 180 5
99999 2017 3 1 22 180 6
99999 2017 3 1 23 180 5
99999 2017 3 2 0 202 6
99999 2017 3 2 1 180 6
99999 2017 3 2 2 180 6
99999 2017 3 2 3 292 2
99999 2017 3 2 4 292 2
99999 2017 3 2 5 338 1
99999 2017 3 2 6 90 0
99999 2017 3 2 7 90 1
99999 2017 3 2 8 90 0
99999 2017 3 2 9 68 1
99999 2017 3 2 10 22 2
99999 2017 3 2 11 22 2
99999 2017 3 2 12 22 2
99999 2017 3 2 13 0 3
99999 2017 3 2 14 22 2
99999 2017 3 2 15 22 1
99999 2017 3 2 16 22 2
99999 2017 3 2 17 112 1
99999 2017 3 2 18 0 1
99999 2017 3 2 19 45 1
99999 2017 3 2 20 90 0
99999 2017 3 2 21 90 1
99999 2017 3 2 22 225 2
99999 2017 3 2 23 225 1
99999 2017 3 3 0 338 1
99999 2017 3 3 1 0 0
99999 2017 3 3 2 0 0
99999 2017 3 3 3 22 2
99999 2017 3 3 4 22 0
99999 2017 3 3 5 22 0
99999 2017 3 3 6 22 1
99999 2017 3 3 7 45 0
99999 2017 3 3 8 45 1
99999 2017 3 3 9 90 1
99999 2017 3 3 10 45 1
99999 2017 3 3 11 90 2
99999 2017 3 3 12 22 2
99999 2017 3 3 13 90 3
99999 2017 3 3 14 90 3
99999 2017 3 3 15 90 4
99999 2017 3 3 16 90 5
99999 2017 3 3 17 90 5
99999 2017 3 3 18 90 4
99999 2017 3 3 19 90 5
99999 2017 3 3 20 90 3
99999 2017 3 3 21 112 3
99999 2017 3 3 22 90 2
99999 2017 3 3 23 90 2
99999 2017 3 4 0 90 1
99999 2017 3 4 1 292 1
99999 2017 3 4 2 292 2
99999 2017 3 4 3 292 1
99999 2017 3 4 4 90 1
99999 2017 3 4 5 90 1
99999 2017 3 4 6 112 1
99999 2017 3 4 7 112 3
99999 2017 3 4 8 90 3
99999 2017 3 4 9 90 3
99999 2017 3 4 10 90 3
99999 2017 3 4 11 90 4
99999 2017 3 4 12 90 5
99999 2017 3 4 13 90 7
99999 2017 3 4 14 90 6
99999 2017 3 4 15 112 3
99999 2017 3 4 16 292 2
99999 2017 3 4 17 225 6
99999 2017 3 4 18 202 3
99999 2017 3 4 19 202 3
99999 2017 3 4 20 158 3
99999 2017 3 4 21 158 4
99999 2017 3 4 22 135 3
99999 2017 3 4 23 135 2
99999 2017 3 5 0 158 3
99999 2017 3 5 1 180 2
99999 2017 3 5 2 158 2
99999 2017 3 5 3 248 1
99999 2017 3 5 4 180 3
99999 2017 3 5 5 135 4
99999 2017 3 5 6 135 6
99999 2017 3 5 7 135 3
99999 2017 3 5 8 180 5
99999 2017 3 5 9 180 7
99999 2017 3 5 10 180 6
99999 2017 3 5 11 180 4
99999 2017 3 5 12 180 2
99999 2017 3 5 13 338 2
99999 2017 3 5 14 248 2
99999 2017 3 5 15 90 2
99999 2017 3 5 16 90 2
99999 2017 3 5 17 180 3
99999 2017 3 5 18 202 5
99999 2017 3 5 19 180 5
99999 2017 3 5 20 180 5
99999 2017 3 5 21 180 4
99999 2017 3 5 22 180 3
99999 2017 3 5 23 158 0
99999 2017 3 6 0 180 1
99999 2017 3 6 1 202 2
99999 2017 3 6 2 202 0
99999 2017 3 6 3 202 1
99999 2017 3 6 4 292 0
99999 2017 3 6 5 292 1
99999 2017 3 6 6 292 0
99999 2017 3 6 7 202 1
99999 2017 3 6 8 202 2
99999 2017 3 6 9 202 0
99999 2017 3 6 10 292 2
99999 2017 3 6 11 338 2
99999 2017 3 6 12 90 3
99999 2017 3 6 13 338 4
99999 2017 3 6 14 0 1
99999 2017 3 6 15 90 2
99999 2017 3 6 16 22 1
99999 2017 3 6 17 0 2
99999 2017 3 6 18 22 1
99999 2017 3 6 19 135 2
99999 2017 3 6 20 90 2
99999 2017 3 6 21 135 2
99999 2017 3 6 22 90 4
99999 2017 3 6 23 338 2
99999 2017 3 7 0 338 3
99999 2017 3 7 15 22 3
99999 2017 3 7 16 22 1
99999 2017 3 7 17 338 3
99999 2017 3 7 18 0 2
99999 2017 3 7 19 90 2
99999 2017 3 7 20 90 1
99999 2017 3 7 21 180 0
99999 2017 3 7 22 135 0
99999 2017 3 7 23 315 2
99999 2017 3 8 0 338 0
99999 2017 3 8 1 270 3
99999 2017 3 8 2 292 2
99999 2017 3 8 3 292 1
99999 2017 3 8 17 45 2
99999 2017 3 8 18 90 1
99999 2017 3 8 19 90 1
99999 2017 3 8 20 158 1
99999 2017 3 8 21 202 2
99999 2017 3 8 22 180 1
99999 2017 3 8 23 158 1
99999 2017 3 9 0 202 3
99999 2017 3 9 1 202 2
99999 2017 3 9 2 202 2
99999 2017 3 9 3 202 2
99999 2017 3 9 4 202 3
99999 2017 3 9 5 202 3
99999 2017 3 9 6 202 3
99999 2017 3 9 7 202 2
99999 2017 3 9 8 202 1
99999 2017 3 9 9 202 1
99999 2017 3 9 10 292 3
99999 2017 3 9 11 315 3
99999 2017 3 9 12 338 3
99999 2017 3 9 13 315 2
99999 2017 3 9 14 0 3
99999 2017 3 9 15 338 3
99999 2017 3 9 16 338 2
99999 2017 3 9 17 338 2
99999 2017 3 9 18 338 2
99999 2017 3 9 19 202 1
99999 2017 3 9 20 180 0
99999 2017 3 9 21 180 1
99999 2017 3 9 22 180 0
99999 2017 3 9 23 180 1
99999 2017 3 10 0 180 1
99999 2017 3 10 1 202 1
99999 2017 3 10 2 202 0
99999 2017 3 10 3 202 1
99999 2017 3 10 4 202 1
99999 2017 3 10 5 292 0
99999 2017 3 10 6 315 1
99999 2017 3 10 7 270 0
99999 2017 3 10 8 248 4
99999 2017 3 10 9 270 4
99999 2017 3 10 10 270 5
99999 2017 3 10 11 338 3
99999 2017 3 10 12 338 2
99999 2017 3 10 13 90 4
99999 2017 3 10 14 112 3
99999 2017 3 10 15 0 3
99999 2017 3 10 16 338 4
99999 2017 3 10 17 338 3
99999 2017 3 10 18 292 3
99999 2017 3 10 19 90 4
99999 2017 3 10 20 90 4
99999 2017 3 10 21 112 3
99999 2017 3 10 22 112 3
99999 2017 3 10 23 112 3
99999 2017 3 11 0 135 1
99999 2017 3 12 0 90 2
99999 2017 3 12 1 112 2
99999 2017 3 12 2 112 2
99999 2017 3 12 3 112 1
99999 2017 3 12 4 112 1
99999 2017 3 12 5 112 0
99999 2017 3 12 6 90 0
99999 2017 3 12 7 90 1
99999 2017 3 12 8 90 0
99999 2017 3 12 9 0 1
99999 2017 3 12 10 90 2
99999 2017 3 12 11 90 4
99999 2017 3 12 12 90 6
99999 2017 3 12 13 90 5
99999 2017 3 12 14 90 6
99999 2017 3 12 15 90 5
99999 2017 3 12 16 90 6
99999 2017 3 12 17 90 7
99999 2017 3 12 18 90 6
99999 2017 3 12 19 90 3
99999 2017 3 12 20 90 4
99999 2017 3 12 21 90 3
99999 2017 3 12 22 90 3
99999 2017 3 12 23 90 2
99999 2017 3 13 0 90 2
99999 2017 3 13 1 90 1
99999 2017 3 13 2 90 0
99999 2017 3 13 3 45 1
99999 2017 3 13 4 45 1
99999 2017 3 13 5 292 1
99999 2017 3 13 6 292 1
99999 2017 3 13 7 292 2
99999 2017 3 13 8 292 2
99999 2017 3 13 9 315 2
99999 2017 3 13 10 338 2
99999 2017 3 13 11 90 3
99999 2017 3 13 12 112 3
99999 2017 3 13 13 90 4
99999 2017 3 13 14 112 3
99999 2017 3 13 15 90 2
99999 2017 3 13 16 90 2
99999 2017 3 13 17 90 3
99999 2017 3 13 18 90 3
99999 2017 3 13 19 112 1
99999 2017 3 13 20 112 1
99999 2017 3 13 21 180 1
99999 2017 3 13 22 180 1
99999 2017 3 13 23 180 1
99999 2017 3 14 17 112 3
99999 2017 3 14 18 112 1
99999 2017 3 14 19 90 1
99999 2017 3 14 20 90 0
99999 2017 3 14 21 90 1
99999 2017 3 14 22 90 1
99999 2017 3 14 23 180 0
99999 2017 3 15 0 180 0
99999 2017 3 15 1 180 0
99999 2017 3 15 2 180 0
99999 2017 3 15 3 180 0
99999 2017 3 15 4 180 1
99999 2017 3 15 5 112 1
99999 2017 3 15 6 90 1
99999 2017 3 15 7 135 2
99999 2017 3 15 8 180 1
99999 2017 3 15 9 68 1
99999 2017 3 15 10 112 2
99999 2017 3 15 11 90 3
99999 2017 3 15 12 112 3
99999 2017 3 15 13 90 3
99999 2017 3 15 14 90 3
99999 2017 3 15 15 90 3
99999 2017 3 15 16 90 3
99999 2017 3 15 17 90 4
99999 2017 3 15 18 90 4
99999 2017 3 15 19 90 3
99999 2017 3 15 20 135 3
99999 2017 3 15 21 90 1
99999 2017 3 15 22 90 0
99999 2017 3 15 23 90 0
99999 2017 3 16 0 90 0
99999 2017 3 16 1 90 0
99999 2017 3 16 2 270 1
99999 2017 3 16 3 225 0
99999 2017 3 16 4 202 0
99999 2017 3 16 5 202 1
99999 2017 3 16 6 202 0
99999 2017 3 16 7 202 1
99999 2017 3 16 8 158 0
99999 2017 3 16 21 90 0
99999 2017 3 16 22 112 0
99999 2017 3 16 23 90 1
99999 2017 3 17 0 90 0
99999 2017 3 17 1 112 0
99999 2017 3 17 2 112 0
99999 2017 3 17 3 202 2
99999 2017 3 17 4 202 0
99999 2017 3 17 5 0 1
99999 2017 3 17 6 68 1
99999 2017 3 17 7 68 0
99999 2017 3 17 8 202 1
99999 2017 3 17 9 270 2
99999 2017 3 17 10 338 3
99999 2017 3 17 11 338 3
99999 2017 3 17 12 338 2
99999 2017 3 17 13 338 2
99999 2017 3 17 14 112 2
99999 2017 3 17 15 90 3
99999 2017 3 17 16 90 3
99999 2017 3 17 17 112 3
99999 2017 3 17 18 180 4
99999 2017 3 17 19 202 6
99999 2017 3 17 20 202 6
99999 2017 3 17 21 202 6
99999 2017 3 17 22 202 6
99999 2017 3 17 23 202 5
99999 2017 3 18 0 202 5
99999 2017 3 18 1 202 5
99999 2017 3 18 2 225 5
99999 2017 3 18 3 202 3
99999 2017 3 18 4 202 4
99999 2017 3 18 5 315 1
99999 2017 3 18 6 292 2
99999 2017 3 18 7 270 1
99999 2017 3 18 8 202 3
99999 2017 3 18 9 292 2
99999 2017 3 18 10 270 2
99999 2017 3 18 11 202 4
99999 2017 3 18 12 202 4
99999 2017 3 18 13 202 5
99999 2017 3 18 14 202 5
99999 2017 3 18 15 202 5
99999 2017 3 18 16 180 3
99999 2017 3 18 17 180 3
99999 2017 3 18 18 202 5
99999 2017 3 18 19 202 4
99999 2017 3 18 20 180 4
99999 2017 3 18 21 202 6
99999 2017 3 18 22 202 6
99999 2017 3 18 23 202 5
99999 2017 3 19 0 202 6
99999 2017 3 19 1 202 5
99999 2017 3 19 2 202 3
99999 2017 3 19 3 202 3
99999 2017 3 19 4 90 2
99999 2017 3 19 5 112 1
99999 2017 3 19 6 292 1
99999 2017 3 19 7 292 0
99999 2017 3 19 8 338 1
99999 2017 3 19 9 338 3
99999 2017 3 19 10 315 1
99999 2017 3 19 11 338 1
99999 2017 3 19 12 338 1
99999 2017 3 19 13 22 3
99999 2017 3 19 14 90 2
99999 2017 3 19 15 22 2
99999 2017 3 19 16 22 2
99999 2017 3 19 17 22 2
99999 2017 3 19 18 90 3
99999 2017 3 19 19 90 4
99999 2017 3 19 20 90 4
99999 2017 3 19 21 90 3
99999 2017 3 19 22 112 3
99999 2017 3 19 23 112 1
99999 2017 3 20 0 112 0
99999 2017 3 20 1 68 0
99999 2017 3 20 2 68 0
99999 2017 3 20 3 90 0
99999 2017 3 20 4 90 1
99999 2017 3 20 18 90 3
99999 2017 3 20 19 90 2
99999 2017 3 20 20 90 3
99999 2017 3 20 21 90 2
99999 2017 3 20 22 90 1
99999 2017 3 20 23 315 0
99999 2017 3 21 0 315 1
