99999 2017 12 21 0 248 2
99999 2017 12 21 1 202 2
99999 2017 12 22 23 270 0
99999 2017 12 23 13 315 3
99999 2017 12 23 14 270 2
99999 2017 12 23 15 292 3
99999 2017 12 23 16 338 2
99999 2017 12 23 17 338 0
99999 2017 12 23 18 45 1
99999 2017 12 23 19 135 1
99999 2017 12 23 20 135 0
99999 2017 12 23 21 135 0
99999 2017 12 23 22 135 0
99999 2017 12 23 23 135 1
99999 2017 12 24 0 135 1
99999 2017 12 24 1 135 0
99999 2017 12 24 2 135 0
99999 2017 12 24 3 135 0
99999 2017 12 24 4 135 0
99999 2017 12 24 6 135 0
99999 2017 12 24 7 135 0
99999 2017 12 24 8 135 0
99999 2017 12 24 9 135 0
99999 2017 12 24 10 135 0
99999 2017 12 24 11 225 1
99999 2017 12 24 12 270 3
99999 2017 12 24 13 315 3
99999 2017 12 24 14 292 3
99999 2017 12 24 15 315 3
99999 2017 12 24 16 338 1
99999 2017 12 24 17 315 0
99999 2017 12 24 18 315 0
99999 2017 12 24 19 180 0
99999 2017 12 24 20 202 1
99999 2017 12 24 23 248 3
99999 2017 12 25 0 202 3
99999 2017 12 25 1 292 1
99999 2017 12 25 2 292 0
99999 2017 12 25 3 202 1
99999 2017 12 25 4 225 1
99999 2017 12 25 5 135 0
99999 2017 12 25 6 135 0
99999 2017 12 25 8 135 0
99999 2017 12 25 9 135 0
99999 2017 12 25 10 338 1
99999 2017 12 25 11 338 1
99999 2017 12 25 12 90 2
99999 2017 12 25 13 22 2
99999 2017 12 25 14 112 2
99999 2017 12 25 15 90 3
99999 2017 12 25 16 90 3
99999 2017 12 25 17 90 1
99999 2017 12 25 18 90 1
99999 2017 12 25 19 90 2
99999 2017 12 25 20 112 2
99999 2017 12 25 21 112 0
99999 2017 12 25 22 0 0
99999 2017 12 25 23 0 1
99999 2017 12 26 0 0 1
99999 2017 12 26 1 90 3
99999 2017 12 26 2 90 2
99999 2017 12 26 3 90 3
99999 2017 12 26 22 90 2
99999 2017 12 26 23 90 2
99999 2017 12 27 0 180 1
99999 2017 12 27 1 338 1
99999 2017 12 27 2 270 1
99999 2017 12 27 3 338 1
99999 2017 12 27 4 68 1
99999 2017 12 27 5 292 3
99999 2017 12 27 6 270 0
99999 2017 12 27 7 90 2
99999 2017 12 27 8 112 2
99999 2017 12 27 9 90 2
99999 2017 12 27 10 90 2
99999 2017 12 27 11 90 3
99999 2017 12 27 12 135 7
99999 2017 12 27 13 90 3
99999 2017 12 27 14 135 3
99999 2017 12 27 15 135 1
99999 2017 12 27 16 112 2
99999 2017 12 27 17 90 2
99999 2017 12 27 18 90 3
99999 2017 12 27 19 90 2
99999 2017 12 27 20 158 3
99999 2017 12 27 21 180 4
99999 2017 12 27 22 180 3
99999 2017 12 27 23 270 4
99999 2017 12 28 0 270 3
99999 2017 12 28 1 315 3
99999 2017 12 28 2 315 2
99999 2017 12 28 3 270 3
99999 2017 12 28 4 248 3
99999 2017 12 28 5 315 3
99999 2017 12 28 6 315 2
99999 2017 12 28 7 292 0
99999 2017 12 28 8 270 3
99999 2017 12 28 9 315 3
99999 2017 12 28 10 315 3
99999 2017 12 28 11 270 5
99999 2017 12 28 12 270 5
99999 2017 12 28 13 270 3
99999 2017 12 28 14 248 3
99999 2017 12 28 15 0 3
99999 2017 12 28 16 0 4
99999 2017 12 28 17 270 3
99999 2017 12 28 18 292 3
99999 2017 12 28 19 270 2
99999 2017 12 28 20 225 2
99999 2017 12 28 21 180 2
99999 2017 12 28 22 180 1
99999 2017 12 28 23 202 2
99999 2017 12 29 0 180 1
99999 2017 12 29 1 180 2
99999 2017 12 29 2 202 2
99999 2017 12 29 3 248 3
99999 2017 12 29 4 270 5
99999 2017 12 29 5 270 4
99999 2017 12 29 6 292 3
99999 2017 12 29 7 270 3
99999 2017 12 29 8 292 2
99999 2017 12 29 9 270 2
99999 2017 12 29 10 270 3
99999 2017 12 29 11 315 4
99999 2017 12 29 12 315 4
99999 2017 12 29 13 270 3
99999 2017 12 29 14 292 3
99999 2017 12 29 15 315 3
99999 2017 12 29 16 270 3
99999 2017 12 29 17 292 1
99999 2017 12 29 18 90 1
99999 2017 12 29 19 158 1
99999 2017 12 29 20 180 2
99999 2017 12 29 21 202 2
99999 2017 12 29 22 202 2
99999 2017 12 29 23 202 1
99999 2017 12 30 0 202 0
99999 2017 12 30 1 225 0
99999 2017 12 30 2 292 1
99999 2017 12 30 3 270 3
99999 2017 12 30 4 270 2
99999 2017 12 30 5 292 1
99999 2017 12 30 18 338 0
99999 2017 12 30 19 135 0
99999 2017 12 30 20 135 1
99999 2017 12 30 21 135 1
99999 2017 12 30 22 135 0
99999 2017 12 30 23 135 0
99999 2017 12 31 13 90 2
99999 2017 12 31 14 90 2
99999 2017 12 31 15 90 3
99999 2017 12 31 16 90 3
99999 2017 12 31 17 90 2
99999 2017 12 31 18 90 2
99999 2017 12 31 19 90 2
99999 2017 12 31 20 90 1
99999 2017 12 31 21 90 0
99999 2017 12 31 22 90 0
99999 2017 12 31 23 90 2
99999 2018 1 1 0 90 1
99999 2018 1 1 1 112 1
99999 2018 1 1 2 112 1
99999 2018 1 1 3 112 2
99999 2018 1 1 4 90 2
99999 2018 1 1 5 90 1
99999 2018 1 1 6 90 1
99999 2018 1 1 7 315 3
99999 2018 1 1 8 270 3
99999 2018 1 1 9 270 3
99999 2018 1 1 10 292 4
99999 2018 1 1 11 270 5
99999 2018 1 1 12 270 4
99999 2018 1 1 13 248 3
99999 2018 1 1 14 270 3
99999 2018 1 1 15 270 4
99999 2018 1 1 16 270 4
99999 2018 1 1 17 270 3
99999 2018 1 1 18 270 0
99999 2018 1 1 19 338 1
99999 2018 1 1 20 338 1
99999 2018 1 1 21 315 0
99999 2018 1 1 22 68 1
99999 2018 1 1 23 68 1
99999 2018 1 2 0 338 2
99999 2018 1 2 1 338 1
99999 2018 1 2 2 292 2
99999 2018 1 2 3 225 2
99999 2018 1 2 4 270 4
99999 2018 1 2 5 270 5
99999 2018 1 2 6 270 4
99999 2018 1 2 7 270 4
99999 2018 1 2 8 270 7
99999 2018 1 2 9 270 5
99999 2018 1 2 10 270 4
99999 2018 1 2 11 292 4
99999 2018 1 2 12 270 4
99999 2018 1 2 13 270 4
99999 2018 1 2 14 292 3
99999 2018 1 2 15 315 4
99999 2018 1 2 16 292 3
99999 2018 1 2 17 270 3
99999 2018 1 2 18 270 4
99999 2018 1 2 19 270 3
99999 2018 1 2 20 270 2
99999 2018 1 2 21 248 3
99999 2018 1 2 22 270 2
99999 2018 1 2 23 248 1
99999 2018 1 3 0 248 2
99999 2018 1 3 1 202 3
99999 2018 1 3 2 180 2
99999 2018 1 3 3 135 2
99999 2018 1 3 4 202 3
99999 2018 1 3 5 225 0
99999 2018 1 3 6 225 1
99999 2018 1 3 7 112 1
99999 2018 1 3 8 112 1
99999 2018 1 3 9 112 0
99999 2018 1 3 10 112 1
99999 2018 1 3 11 45 2
99999 2018 1 3 12 0 2
99999 2018 1 3 13 0 2
99999 2018 1 3 14 315 3
99999 2018 1 3 15 315 3
99999 2018 1 3 16 338 3
99999 2018 1 3 17 338 2
99999 2018 1 3 18 292 3
99999 2018 1 3 19 248 5
99999 2018 1 3 20 338 3
99999 2018 1 3 21 45 1
99999 2018 1 3 22 270 2
99999 2018 1 3 23 315 3
99999 2018 1 4 0 270 3
99999 2018 1 4 1 270 5
99999 2018 1 4 2 270 4
99999 2018 1 4 3 292 3
99999 2018 1 4 4 292 3
99999 2018 1 4 5 270 3
99999 2018 1 4 6 248 2
99999 2018 1 4 7 270 1
99999 2018 1 4 8 248 3
99999 2018 1 4 9 292 1
99999 2018 1 4 10 315 2
99999 2018 1 4 11 338 2
99999 2018 1 4 12 338 3
99999 2018 1 4 13 338 1
99999 2018 1 4 14 45 1
99999 2018 1 4 15 22 1
99999 2018 1 4 16 68 1
99999 2018 1 4 17 68 1
99999 2018 1 4 18 68 1
99999 2018 1 4 19 68 1
99999 2018 1 4 20 68 1
99999 2018 1 4 21 68 1
99999 2018 1 4 22 68 1
99999 2018 1 4 23 68 0
99999 2018 1 5 0 68 0
99999 2018 1 5 1 202 1
99999 2018 1 5 2 202 1
99999 2018 1 5 22 22 0
99999 2018 1 5 23 22 0
99999 2018 1 6 0 22 0
99999 2018 1 6 1 22 0
99999 2018 1 6 2 22 0
99999 2018 1 6 3 22 0
99999 2018 1 6 4 22 0
99999 2018 1 6 5 22 0
99999 2018 1 6 6 22 1
99999 2018 1 6 7 22 1
99999 2018 1 7 0 315 2
99999 2018 1 7 1 292 1
99999 2018 1 7 2 315 2
99999 2018 1 7 3 270 2
99999 2018 1 7 4 315 1
99999 2018 1 7 5 248 1
99999 2018 1 7 6 248 0
99999 2018 1 7 7 112 1
99999 2018 1 7 8 112 1
99999 2018 1 7 9 112 0
99999 2018 1 7 10 112 1
99999 2018 1 7 11 90 3
99999 2018 1 7 12 90 3
99999 2018 1 7 13 90 3
99999 2018 1 7 14 90 3
99999 2018 1 7 15 90 3
99999 2018 1 7 16 112 3
99999 2018 1 7 17 90 3
99999 2018 1 7 18 90 1
99999 2018 1 7 19 90 1
99999 2018 1 7 20 90 1
99999 2018 1 7 21 202 0
99999 2018 1 7 22 225 1
99999 2018 1 7 23 225 0
99999 2018 1 8 0 225 0
99999 2018 1 8 1 225 1
99999 2018 1 8 19 90 3
99999 2018 1 8 20 90 3
99999 2018 1 8 21 90 3
99999 2018 1 8 22 90 3
99999 2018 1 8 23 90 3
99999 2018 1 9 0 90 3
99999 2018 1 9 1 90 3
99999 2018 1 9 2 112 4
99999 2018 1 9 3 135 2
99999 2018 1 9 4 90 3
99999 2018 1 9 5 90 3
99999 2018 1 9 6 90 2
99999 2018 1 9 7 112 3
99999 2018 1 9 8 90 3
99999 2018 1 9 9 90 2
99999 2018 1 9 10 112 1
99999 2018 1 9 11 90 3
99999 2018 1 9 12 90 3
99999 2018 1 9 13 112 4
99999 2018 1 9 14 90 3
99999 2018 1 9 15 158 4
99999 2018 1 9 16 315 3
99999 2018 1 9 17 270 2
99999 2018 1 9 18 202 0
99999 2018 1 9 19 202 0
99999 2018 1 9 21 202 1
99999 2018 1 9 22 202 1
99999 2018 1 9 23 248 1
99999 2018 1 10 0 248 1
99999 2018 1 10 1 248 0
99999 2018 1 10 2 248 0
99999 2018 1 10 3 248 0
99999 2018 1 10 4 248 1
99999 2018 1 10 5 248 1
99999 2018 1 10 6 248 1
99999 2018 1 10 7 248 2
99999 2018 1 10 8 248 2
99999 2018 1 10 9 202 4
99999 2018 1 10 10 202 5
99999 2018 1 10 11 202 3
99999 2018 1 10 12 180 3
99999 2018 1 10 13 202 2
99999 2018 1 10 14 112 1
99999 2018 1 10 15 22 1
99999 2018 1 10 16 22 1
99999 2018 1 10 17 0 1
99999 2018 1 10 18 0 0
99999 2018 1 10 19 248 2
99999 2018 1 10 20 292 2
99999 2018 1 10 21 292 1
99999 2018 1 10 22 292 1
99999 2018 1 10 23 315 2
99999 2018 1 11 23 270 3
99999 2018 1 12 21 292 2
99999 2018 1 12 22 292 2
99999 2018 1 12 23 292 2
99999 2018 1 13 0 270 3
99999 2018 1 13 1 292 3
99999 2018 1 13 18 315 2
99999 2018 1 13 19 292 1
99999 2018 1 13 20 270 1
99999 2018 1 13 21 315 1
99999 2018 1 13 22 315 0
99999 2018 1 13 23 315 0
99999 2018 1 14 0 292 1
99999 2018 1 14 1 338 1
99999 2018 1 14 2 0 0
99999 2018 1 14 3 0 1
99999 2018 1 14 4 0 0
99999 2018 1 14 5 0 0
99999 2018 1 14 6 0 0
99999 2018 1 14 7 0 0
99999 2018 1 14 8 0 0
99999 2018 1 14 9 0 0
99999 2018 1 14 10 270 1
99999 2018 1 14 11 315 3
99999 2018 1 14 12 315 2
99999 2018 1 14 13 338 2
99999 2018 1 14 14 338 2
99999 2018 1 14 15 292 1
99999 2018 1 14 16 338 1
99999 2018 1 14 17 338 0
99999 2018 1 14 18 338 0
99999 2018 1 14 19 338 0
99999 2018 1 14 20 292 1
99999 2018 1 14 21 292 1
99999 2018 1 14 22 292 0
99999 2018 1 14 23 292 0
99999 2018 1 15 0 292 0
99999 2018 1 15 1 270 2
99999 2018 1 15 23 90 1
99999 2018 1 16 20 158 0
99999 2018 1 16 21 112 1
99999 2018 1 16 22 90 3
99999 2018 1 16 23 90 3
99999 2018 1 17 0 90 2
99999 2018 1 17 1 90 3
99999 2018 1 17 2 90 2
99999 2018 1 17 3 90 2
99999 2018 1 17 4 338 1
99999 2018 1 17 5 338 1
99999 2018 1 17 6 338 2
99999 2018 1 17 7 292 3
99999 2018 1 17 8 270 3
99999 2018 1 17 9 315 2
99999 2018 1 17 10 292 3
99999 2018 1 17 11 270 7
99999 2018 1 17 12 270 5
99999 2018 1 17 13 270 7
99999 2018 1 17 14 315 10
99999 2018 1 17 15 315 10
99999 2018 1 17 16 315 8
99999 2018 1 17 17 292 8
99999 2018 1 17 18 270 6
99999 2018 1 17 19 270 5
99999 2018 1 17 20 270 3
99999 2018 1 17 21 270 3
99999 2018 1 17 22 270 4
99999 2018 1 17 23 248 4
99999 2018 1 18 0 270 3
99999 2018 1 18 1 248 3
99999 2018 1 18 2 248 3
99999 2018 1 18 3 225 3
99999 2018 1 18 4 202 3
99999 2018 1 18 5 202 3
99999 2018 1 18 6 180 4
99999 2018 1 18 7 180 3
99999 2018 1 18 8 202 5
99999 2018 1 18 9 202 3
99999 2018 1 18 10 225 3
99999 2018 1 18 11 338 3
99999 2018 1 18 12 292 3
99999 2018 1 18 13 338 3
99999 2018 1 18 14 338 1
99999 2018 1 18 15 338 3
99999 2018 1 18 16 338 3
99999 2018 1 18 17 338 2
99999 2018 1 18 18 338 0
99999 2018 1 18 19 338 0
99999 2018 1 18 20 338 0
99999 2018 1 18 21 315 1
99999 2018 1 18 22 270 0
99999 2018 1 18 23 202 1
99999 2018 1 19 0 202 0
99999 2018 1 19 1 202 0
99999 2018 1 19 2 202 0
99999 2018 1 19 4 202 0
99999 2018 1 19 5 248 0
99999 2018 1 19 6 158 1
99999 2018 1 19 7 158 0
99999 2018 1 19 8 158 0
99999 2018 1 19 9 338 1
99999 2018 1 19 10 22 1
99999 2018 1 19 11 338 2
99999 2018 1 19 12 315 3
99999 2018 1 19 13 338 2
99999 2018 1 19 14 338 2
99999 2018 1 19 15 292 3
99999 2018 1 19 16 338 2
99999 2018 1 19 17 338 2
99999 2018 1 19 18 338 1
99999 2018 1 19 19 202 1
99999 2018 1 19 20 270 1
99999 2018 1 19 21 270 0
99999 2018 1 19 22 270 0
99999 2018 1 19 23 270 0
99999 2018 1 20 0 270 0
99999 2018 1 20 1 135 1
99999 2018 1 20 2 112 0
99999 2018 1 20 3 112 0
99999 2018 1 20 4 135 0
99999 2018 1 20 5 112 0
99999 2018 1 20 6 112 1
99999 2018 1 20 7 248 1
99999 2018 1 20 8 315 2
99999 2018 1 20 9 248 3
99999 2018 1 20 10 248 3
99999 2018 1 20 23 292 3
99999 2018 1 21 0 338 2
99999 2018 1 21 1 292 2
99999 2018 1 21 2 270 0
99999 2018 1 21 3 292 1
99999 2018 1 21 4 315 3
99999 2018 1 21 5 270 3
99999 2018 1 21 6 270 3
99999 2018 1 21 7 292 2
99999 2018 1 21 8 292 2
99999 2018 1 21 9 270 2
99999 2018 1 21 10 270 3
99999 2018 1 21 11 270 4
99999 2018 1 21 12 292 3
99999 2018 1 21 13 315 4
99999 2018 1 21 14 315 3
99999 2018 1 21 15 338 4
99999 2018 1 21 16 0 2
99999 2018 1 21 17 202 2
99999 2018 1 21 18 338 0
99999 2018 1 21 19 292 0
99999 2018 1 21 20 135 1
99999 2018 1 21 21 112 1
99999 2018 1 21 22 90 2
99999 2018 1 21 23 90 1
99999 2018 1 22 0 90 1
99999 2018 1 22 1 90 1
99999 2018 1 22 2 90 2
99999 2018 1 22 3 90 2
99999 2018 1 22 4 90 2
99999 2018 1 22 5 90 1
99999 2018 1 22 6 90 0
99999 2018 1 22 7 315 1
99999 2018 1 22 8 315 1
99999 2018 1 22 9 315 2
99999 2018 1 22 10 292 3
99999 2018 1 22 11 292 3
99999 2018 1 22 12 292 3
99999 2018 1 22 13 270 3
99999 2018 1 22 14 270 3
99999 2018 1 22 15 315 3
99999 2018 1 22 16 270 2
99999 2018 1 22 17 315 1
99999 2018 1 22 18 315 1
99999 2018 1 22 19 225 1
99999 2018 1 22 20 248 1
99999 2018 1 22 21 270 2
99999 2018 1 22 22 248 2
99999 2018 1 22 23 225 0
99999 2018 1 23 0 225 1
99999 2018 1 23 1 225 1
99999 2018 1 23 2 225 2
99999 2018 1 23 3 248 1
99999 2018 1 23 4 270 2
99999 2018 1 23 5 248 0
99999 2018 1 23 6 225 0
99999 2018 1 23 7 202 1
99999 2018 1 23 8 225 1
99999 2018 1 23 9 202 3
99999 2018 1 23 10 270 2
99999 2018 1 23 11 292 2
99999 2018 1 23 12 292 1
99999 2018 1 23 13 22 2
99999 2018 1 23 14 90 3
99999 2018 1 23 15 90 4
99999 2018 1 23 16 90 4
99999 2018 1 23 17 90 4
99999 2018 1 23 18 90 2
99999 2018 1 23 19 90 3
99999 2018 1 23 20 112 2
99999 2018 1 23 21 90 2
99999 2018 1 23 22 90 2
99999 2018 1 23 23 90 2
99999 2018 1 24 0 112 1
99999 2018 1 24 1 112 0
99999 2018 1 24 2 22 1
99999 2018 1 24 3 22 1
99999 2018 1 24 4 248 2
99999 2018 1 24 5 248 3
99999 2018 1 24 6 248 2
99999 2018 1 24 7 270 3
99999 2018 1 24 8 248 1
99999 2018 1 24 9 225 2
99999 2018 1 24 10 248 2
99999 2018 1 24 11 270 3
99999 2018 1 24 12 292 3
99999 2018 1 24 13 292 3
99999 2018 1 24 14 315 3
99999 2018 1 24 15 315 2
99999 2018 1 24 16 315 1
99999 2018 1 24 17 338 1
99999 2018 1 24 18 0 0
99999 2018 1 24 19 0 1
99999 2018 1 24 20 315 1
99999 2018 1 24 21 315 1
99999 2018 1 24 22 315 1
99999 2018 1 24 23 180 2
99999 2018 1 25 0 202 2
99999 2018 1 25 1 202 0
99999 2018 1 25 2 180 0
99999 2018 1 25 3 180 0
99999 2018 1 25 4 180 0
99999 2018 1 25 6 180 0
99999 2018 1 25 7 202 1
99999 2018 1 25 8 202 0
99999 2018 1 26 22 90 2
99999 2018 1 26 23 90 2
99999 2018 1 27 0 90 3
99999 2018 1 27 1 90 1
99999 2018 1 27 2 68 1
99999 2018 1 27 3 68 1
99999 2018 1 27 17 270 2
99999 2018 1 27 18 270 1
99999 2018 1 27 19 248 1
99999 2018 1 27 20 248 1
99999 2018 1 27 21 292 1
99999 2018 1 27 22 248 1
99999 2018 1 27 23 270 1
99999 2018 1 28 0 202 2
99999 2018 1 28 1 202 1
99999 2018 1 28 16 315 1
99999 2018 1 28 17 0 0
99999 2018 1 28 18 45 1
99999 2018 1 28 19 45 0
99999 2018 1 28 20 45 0
99999 2018 1 28 21 45 1
99999 2018 1 28 23 45 0
99999 2018 1 29 0 45 0
99999 2018 1 29 1 45 0
99999 2018 1 29 2 45 1
99999 2018 1 29 3 292 1
99999 2018 1 29 21 90 0
99999 2018 1 29 22 315 2
99999 2018 1 29 23 315 1
99999 2018 1 30 12 90 3
99999 2018 1 30 13 90 2
99999 2018 1 30 14 90 3
99999 2018 1 30 15 90 3
99999 2018 1 30 16 90 2
99999 2018 1 30 17 90 2
99999 2018 1 30 18 90 2
99999 2018 1 30 19 45 1
99999 2018 1 30 20 338 1
99999 2018 1 30 21 0 1
99999 2018 1 30 22 338 1
99999 2018 1 30 23 338 1
99999 2018 1 31 0 202 3
99999 2018 1 31 1 202 0
99999 2018 2 1 0 315 1
99999 2018 2 1 1 90 2
99999 2018 2 1 2 90 3
99999 2018 2 1 3 90 2
99999 2018 2 1 4 112 2
99999 2018 2 1 5 112 1
99999 2018 2 1 6 90 0
99999 2018 2 1 7 338 1
99999 2018 2 1 8 90 1
99999 2018 2 1 9 45 2
99999 2018 2 1 10 202 5
99999 2018 2 1 11 202 4
99999 2018 2 1 12 158 5
99999 2018 2 1 13 180 7
99999 2018 2 1 14 158 8
99999 2018 2 1 15 180 8
99999 2018 2 1 16 180 7
99999 2018 2 1 17 180 6
99999 2018 2 1 18 180 7
99999 2018 2 1 19 158 3
99999 2018 2 1 20 158 3
99999 2018 2 1 21 180 2
99999 2018 2 1 22 158 2
99999 2018 2 1 23 158 0
99999 2018 2 2 0 158 1
99999 2018 2 2 1 158 0
99999 2018 2 2 2 180 1
99999 2018 2 2 17 0 3
99999 2018 2 2 18 22 3
99999 2018 2 2 19 68 1
99999 2018 2 2 20 90 2
99999 2018 2 2 21 90 1
99999 2018 2 2 22 22 1
99999 2018 2 2 23 180 2
99999 2018 2 3 0 202 2
99999 2018 2 3 1 270 2
99999 2018 2 3 2 270 3
99999 2018 2 3 3 248 5
99999 2018 2 3 4 270 3
99999 2018 2 3 5 0 5
99999 2018 2 3 6 338 3
99999 2018 2 3 22 202 1
99999 2018 2 3 23 202 0
99999 2018 2 4 0 202 2
99999 2018 2 4 1 202 1
99999 2018 2 4 2 158 1
99999 2018 2 4 3 180 1
99999 2018 2 4 4 180 1
99999 2018 2 4 5 158 3
99999 2018 2 4 6 338 2
99999 2018 2 4 7 338 0
99999 2018 2 4 8 338 1
99999 2018 2 4 9 338 1
99999 2018 2 4 10 90 2
99999 2018 2 4 11 90 3
99999 2018 2 4 12 90 3
99999 2018 2 4 13 112 3
99999 2018 2 4 14 90 3
99999 2018 2 4 15 112 3
99999 2018 2 4 16 90 3
99999 2018 2 4 17 90 3
99999 2018 2 4 18 90 3
99999 2018 2 4 19 90 4
99999 2018 2 4 20 90 3
99999 2018 2 4 21 90 3
99999 2018 2 4 22 112 3
99999 2018 2 4 23 90 1
99999 2018 2 5 12 112 2
99999 2018 2 5 13 90 4
99999 2018 2 5 14 90 4
99999 2018 2 5 15 90 4
99999 2018 2 5 16 90 3
99999 2018 2 5 17 90 3
99999 2018 2 5 18 90 2
99999 2018 2 5 19 90 1
99999 2018 2 5 20 45 2
99999 2018 2 5 21 90 3
99999 2018 2 5 22 90 1
99999 2018 2 5 23 90 0
99999 2018 2 6 23 270 4
99999 2018 2 7 19 225 1
99999 2018 2 7 20 202 2
99999 2018 2 7 21 202 3
99999 2018 2 7 22 202 1
99999 2018 2 7 23 270 1
99999 2018 2 8 0 202 2
99999 2018 2 8 1 202 3
99999 2018 2 8 23 180 2
99999 2018 2 9 0 225 3
99999 2018 2 9 1 225 3
99999 2018 2 9 2 202 3
99999 2018 2 9 3 248 2
99999 2018 2 9 4 270 2
99999 2018 2 9 5 292 1
99999 2018 2 9 6 270 1
99999 2018 2 9 7 292 1
99999 2018 2 9 8 292 0
99999 2018 2 9 22 90 0
99999 2018 2 9 23 90 0
99999 2018 2 10 0 90 0
99999 2018 2 10 1 90 1
99999 2018 2 10 2 90 0
99999 2018 2 10 3 180 1
99999 2018 2 10 5 180 1
99999 2018 2 10 6 180 0
99999 2018 2 10 7 292 1
99999 2018 2 10 8 292 1
99999 2018 2 10 9 315 2
99999 2018 2 10 10 270 4
99999 2018 2 10 11 248 3
99999 2018 2 10 12 315 3
99999 2018 2 10 13 270 3
99999 2018 2 10 14 270 3
99999 2018 2 10 15 292 3
99999 2018 2 10 16 315 3
99999 2018 2 10 17 315 3
99999 2018 2 10 18 315 3
99999 2018 2 10 19 315 2
99999 2018 2 10 20 315 1
99999 2018 2 10 21 315 1
99999 2018 2 10 22 315 1
99999 2018 2 10 23 292 1
99999 2018 2 11 12 112 2
99999 2018 2 11 13 90 3
99999 2018 2 11 14 90 2
99999 2018 2 11 15 112 3
99999 2018 2 11 16 90 3
99999 2018 2 11 17 90 3
99999 2018 2 11 18 90 3
99999 2018 2 11 19 90 3
99999 2018 2 11 20 90 3
99999 2018 2 11 21 90 3
99999 2018 2 11 22 90 2
99999 2018 2 11 23 90 0
99999 2018 2 12 0 90 1
99999 2018 2 12 1 90 1
99999 2018 2 12 2 90 1
99999 2018 2 12 3 90 2
99999 2018 2 12 4 90 1
99999 2018 2 12 5 90 0
99999 2018 2 12 6 0 2
99999 2018 2 12 7 338 2
99999 2018 2 12 8 338 1
99999 2018 2 12 9 292 1
99999 2018 2 12 10 315 3
99999 2018 2 12 11 270 3
99999 2018 2 12 12 315 3
99999 2018 2 12 13 0 3
99999 2018 2 12 14 0 1
99999 2018 2 12 15 315 2
99999 2018 2 12 16 292 2
99999 2018 2 12 17 270 3
99999 2018 2 12 18 270 3
99999 2018 2 12 19 315 3
99999 2018 2 12 20 270 3
99999 2018 2 12 21 270 3
99999 2018 2 12 22 0 3
99999 2018 2 12 23 338 3
99999 2018 2 13 0 338 3
99999 2018 2 13 1 338 2
99999 2018 2 13 2 292 1
99999 2018 2 13 3 248 1
99999 2018 2 13 4 292 2
99999 2018 2 13 5 292 2
99999 2018 2 13 6 315 2
99999 2018 2 13 7 292 1
99999 2018 2 13 21 135 1
99999 2018 2 13 22 158 2
99999 2018 2 13 23 158 1
99999 2018 2 14 0 180 1
99999 2018 2 14 1 180 0
99999 2018 2 14 2 180 0
99999 2018 2 14 3 158 0
99999 2018 2 14 4 158 0
99999 2018 2 14 5 158 0
99999 2018 2 14 6 158 0
99999 2018 2 14 7 315 2
99999 2018 2 14 8 270 2
99999 2018 2 14 9 292 2
99999 2018 2 14 10 248 3
99999 2018 2 14 11 315 3
99999 2018 2 14 12 270 3
99999 2018 2 14 13 315 2
99999 2018 2 14 14 315 2
99999 2018 2 14 15 338 2
99999 2018 2 14 16 22 2
99999 2018 2 14 17 45 1
99999 2018 2 14 18 22 1
99999 2018 2 14 19 22 0
99999 2018 2 14 20 22 0
99999 2018 2 14 21 22 1
99999 2018 2 14 22 180 1
99999 2018 2 14 23 180 1
99999 2018 2 15 18 22 1
99999 2018 2 15 19 22 0
99999 2018 2 15 20 22 1
99999 2018 2 15 21 22 1
99999 2018 2 15 22 202 1
99999 2018 2 15 23 202 0
99999 2018 2 16 0 202 0
99999 2018 2 16 1 202 0
99999 2018 2 16 20 112 1
99999 2018 2 16 21 112 0
99999 2018 2 16 22 90 1
99999 2018 2 16 23 315 1
99999 2018 2 17 0 270 1
99999 2018 2 17 1 315 1
99999 2018 2 17 2 338 0
99999 2018 2 17 3 338 1
99999 2018 2 18 12 270 3
99999 2018 2 18 13 270 3
99999 2018 2 18 14 270 3
99999 2018 2 18 15 292 2
99999 2018 2 18 16 112 1
99999 2018 2 18 17 90 3
99999 2018 2 18 18 90 3
99999 2018 2 18 19 90 2
99999 2018 2 18 20 90 3
99999 2018 2 18 21 90 3
99999 2018 2 18 22 90 1
99999 2018 2 18 23 45 1
99999 2018 2 19 20 270 1
99999 2018 2 19 21 292 1
99999 2018 2 19 22 292 1
99999 2018 2 19 23 292 1
99999 2018 2 20 0 292 0
99999 2018 2 20 1 292 0
99999 2018 2 20 2 292 0
99999 2018 2 20 3 292 0
99999 2018 2 20 4 292 1
99999 2018 2 20 5 270 1
99999 2018 2 20 6 292 1
99999 2018 2 20 7 292 1
99999 2018 2 20 8 270 1
99999 2018 2 21 0 292 3
99999 2018 2 21 14 0 2
99999 2018 2 21 15 0 1
99999 2018 2 21 16 22 3
99999 2018 2 21 17 22 1
99999 2018 2 21 18 22 2
99999 2018 2 21 19 22 1
99999 2018 2 21 20 338 0
99999 2018 2 21 21 338 1
99999 2018 2 21 22 338 1
99999 2018 2 21 23 292 0
99999 2018 2 22 0 248 2
99999 2018 2 22 1 292 2
99999 2018 2 22 14 0 3
99999 2018 2 22 15 45 2
99999 2018 2 22 16 0 3
99999 2018 2 22 17 22 3
99999 2018 2 22 18 22 3
99999 2018 2 22 19 0 3
99999 2018 2 22 20 270 3
99999 2018 2 22 21 292 3
99999 2018 2 22 22 292 3
99999 2018 2 22 23 22 2
99999 2018 2 23 0 22 3
99999 2018 2 23 13 270 3
99999 2018 2 23 14 270 4
99999 2018 2 23 15 270 3
99999 2018 2 23 16 270 3
99999 2018 2 23 17 270 3
99999 2018 2 23 18 270 4
99999 2018 2 23 19 270 4
99999 2018 2 23 20 270 4
99999 2018 2 23 21 270 4
99999 2018 2 23 22 270 5
99999 2018 2 23 23 270 4
99999 2018 2 24 0 270 4
99999 2018 2 24 1 292 3
99999 2018 2 24 2 270 4
99999 2018 2 24 3 270 4
99999 2018 2 24 4 292 3
99999 2018 2 24 5 315 3
99999 2018 2 24 6 270 4
99999 2018 2 24 7 270 3
99999 2018 2 24 8 0 2
99999 2018 2 24 9 270 3
99999 2018 2 24 10 270 3
99999 2018 2 24 11 270 3
99999 2018 2 24 12 315 3
99999 2018 2 24 13 0 3
99999 2018 2 24 14 338 3
99999 2018 2 24 15 270 4
99999 2018 2 24 16 248 3
99999 2018 2 24 17 270 3
99999 2018 2 24 18 248 2
99999 2018 2 24 19 202 2
99999 2018 2 24 20 180 1
99999 2018 2 24 21 315 1
99999 2018 2 24 22 315 1
99999 2018 2 24 23 292 1
99999 2018 2 25 0 90 2
99999 2018 2 25 1 90 2
99999 2018 2 25 2 90 4
99999 2018 2 25 3 90 3
99999 2018 2 25 4 90 3
99999 2018 2 25 5 90 4
99999 2018 2 25 6 90 5
99999 2018 2 25 7 90 6
99999 2018 2 25 8 90 5
99999 2018 2 25 9 90 3
99999 2018 2 25 10 22 3
99999 2018 2 25 11 22 3
99999 2018 2 25 12 90 3
99999 2018 2 25 13 90 2
99999 2018 2 25 14 90 3
99999 2018 2 25 15 112 3
99999 2018 2 25 16 90 3
99999 2018 2 25 17 112 3
99999 2018 2 25 18 22 3
99999 2018 2 25 19 22 3
99999 2018 2 25 20 22 3
99999 2018 2 25 21 22 5
99999 2018 2 25 22 22 5
99999 2018 2 25 23 22 4
99999 2018 2 26 0 22 3
99999 2018 2 26 1 22 4
99999 2018 2 26 2 22 4
99999 2018 2 26 3 22 3
99999 2018 2 26 4 22 3
99999 2018 2 26 5 0 3
99999 2018 2 26 6 338 3
99999 2018 2 26 7 338 3
99999 2018 2 26 8 292 3
99999 2018 2 26 9 292 3
99999 2018 2 26 10 338 3
99999 2018 2 26 11 22 4
99999 2018 2 26 12 22 4
99999 2018 2 26 13 22 5
99999 2018 2 26 14 22 5
99999 2018 2 26 15 22 4
99999 2018 2 26 16 22 4
99999 2018 2 26 17 22 6
99999 2018 2 26 18 90 3
99999 2018 2 26 19 0 4
99999 2018 2 26 20 0 3
99999 2018 2 26 21 0 3
99999 2018 2 26 22 22 4
99999 2018 2 26 23 22 4
99999 2018 2 27 0 22 3
99999 2018 2 28 0 202 3
99999 2018 2 28 1 202 3
99999 2018 2 28 2 202 3
99999 2018 2 28 3 202 2
99999 2018 2 28 4 202 3
99999 2018 2 28 5 180 1
99999 2018 2 28 6 180 1
99999 2018 2 28 7 180 2
99999 2018 2 28 8 180 1
99999 2018 2 28 9 180 1
99999 2018 2 28 10 90 2
99999 2018 2 28 11 112 3
99999 2018 2 28 12 90 5
99999 2018 2 28 13 90 6
99999 2018 2 28 14 90 5
99999 2018 2 28 15 90 5
99999 2018 2 28 16 90 6
99999 2018 2 28 17 90 5
99999 2018 2 28 18 90 5
99999 2018 2 28 19 90 4
99999 2018 2 28 20 112 4
99999 2018 2 28 21 90 3
99999 2018 2 28 22 90 3
99999 2018 2 28 23 90 2
99999 2018 3 1 0 22 2
99999 2018 3 1 1 22 3
99999 2018 3 1 18 292 2
99999 2018 3 1 19 292 2
99999 2018 3 1 20 292 2
99999 2018 3 1 21 292 2
99999 2018 3 1 22 292 2
99999 2018 3 1 23 292 2
99999 2018 3 2 22 248 2
99999 2018 3 2 23 225 1
99999 2018 3 3 0 248 2
99999 2018 3 3 1 292 2
99999 2018 3 3 2 270 2
99999 2018 3 3 3 202 0
99999 2018 3 3 4 202 1
99999 2018 3 3 5 202 0
99999 2018 3 3 6 90 2
99999 2018 3 3 7 90 1
99999 2018 3 3 8 90 2
99999 2018 3 3 9 90 2
99999 2018 3 3 10 90 3
99999 2018 3 3 11 90 4
99999 2018 3 3 12 90 3
99999 2018 3 3 13 90 2
99999 2018 3 3 14 90 1
99999 2018 3 3 15 45 1
99999 2018 3 3 16 270 3
99999 2018 3 3 17 270 5
99999 2018 3 3 18 270 4
99999 2018 3 3 19 270 4
99999 2018 3 3 20 270 4
99999 2018 3 3 21 270 4
99999 2018 3 3 22 270 2
99999 2018 3 3 23 292 2
99999 2018 3 4 0 270 3
99999 2018 3 4 1 292 2
99999 2018 3 4 2 292 3
99999 2018 3 4 3 270 3
99999 2018 3 4 4 270 0
99999 2018 3 4 5 270 1
99999 2018 3 4 6 270 1
99999 2018 3 4 7 270 1
99999 2018 3 4 8 0 1
99999 2018 3 4 22 292 3
99999 2018 3 4 23 292 3
99999 2018 3 7 0 158 0
99999 2018 3 7 1 158 0
99999 2018 3 7 2 180 1
99999 2018 3 7 3 158 1
99999 2018 3 7 4 90 1
99999 2018 3 7 5 90 1
99999 2018 3 7 6 112 1
99999 2018 3 7 7 112 1
99999 2018 3 7 8 180 1
99999 2018 3 7 9 158 3
99999 2018 3 7 10 112 1
99999 2018 3 7 11 112 3
99999 2018 3 7 12 112 4
99999 2018 3 7 13 112 3
99999 2018 3 7 14 180 3
99999 2018 3 7 15 180 3
99999 2018 3 7 16 225 3
99999 2018 3 7 17 202 3
99999 2018 3 7 18 270 6
99999 2018 3 7 19 270 4
99999 2018 3 7 20 270 5
99999 2018 3 7 21 270 3
99999 2018 3 7 22 270 3
99999 2018 3 7 23 270 2
99999 2018 3 8 0 225 3
99999 2018 3 8 14 0 3
99999 2018 3 8 15 22 2
99999 2018 3 8 16 202 5
99999 2018 3 8 17 202 4
99999 2018 3 8 18 225 3
99999 2018 3 8 19 202 3
99999 2018 3 8 20 202 2
99999 2018 3 8 21 158 2
99999 2018 3 8 22 180 4
99999 2018 3 8 23 202 3
99999 2018 3 9 0 180 3
99999 2018 3 9 1 202 3
99999 2018 3 9 2 202 3
99999 2018 3 9 3 202 3
99999 2018 3 9 4 202 3
99999 2018 3 9 5 202 3
99999 2018 3 9 6 270 3
99999 2018 3 9 7 270 2
99999 2018 3 9 8 202 4
99999 2018 3 9 9 180 4
99999 2018 3 9 10 225 2
99999 2018 3 9 11 202 2
99999 2018 3 9 12 112 3
99999 2018 3 9 13 135 3
99999 2018 3 9 14 0 4
99999 2018 3 9 15 22 3
99999 2018 3 9 16 22 3
99999 2018 3 9 17 90 3
99999 2018 3 9 18 90 5
99999 2018 3 9 19 112 3
99999 2018 3 9 20 90 3
99999 2018 3 9 21 90 1
99999 2018 3 9 22 270 2
99999 2018 3 9 23 202 3
99999 2018 3 10 0 248 3
99999 2018 3 10 1 202 2
99999 2018 3 10 2 202 2
99999 2018 3 10 3 225 2
99999 2018 3 10 4 202 0
99999 2018 3 10 5 225 1
99999 2018 3 10 6 68 1
99999 2018 3 10 7 68 1
99999 2018 3 10 8 68 1
99999 2018 3 10 9 68 1
99999 2018 3 10 10 0 1
99999 2018 3 10 11 180 5
99999 2018 3 10 12 202 5
99999 2018 3 10 13 202 3
99999 2018 3 10 14 135 4
99999 2018 3 10 15 180 3
99999 2018 3 10 16 180 2
99999 2018 3 10 17 180 3
99999 2018 3 10 18 270 4
99999 2018 3 10 19 270 5
99999 2018 3 10 20 270 4
99999 2018 3 10 21 270 3
99999 2018 3 10 22 292 3
99999 2018 3 10 23 292 3
99999 2018 3 11 0 315 3
99999 2018 3 11 1 292 2
99999 2018 3 11 2 315 2
99999 2018 3 11 3 315 1
99999 2018 3 11 4 338 1
99999 2018 3 11 5 315 1
99999 2018 3 11 6 292 1
99999 2018 3 11 7 90 3
99999 2018 3 11 8 112 1
99999 2018 3 11 9 90 3
99999 2018 3 11 10 90 2
99999 2018 3 11 11 90 5
99999 2018 3 11 12 90 5
99999 2018 3 11 13 90 4
99999 2018 3 11 14 90 3
99999 2018 3 11 15 90 4
99999 2018 3 11 16 90 1
99999 2018 3 11 17 22 1
99999 2018 3 11 18 270 3
99999 2018 3 11 19 270 1
99999 2018 3 11 20 292 2
99999 2018 3 11 21 270 2
99999 2018 3 11 22 225 0
99999 2018 3 11 23 112 1
99999 2018 3 12 0 292 2
99999 2018 3 12 1 270 2
99999 2018 3 12 2 315 3
99999 2018 3 12 3 292 2
99999 2018 3 12 4 292 2
99999 2018 3 12 5 90 1
99999 2018 3 12 6 90 1
99999 2018 3 12 7 90 1
99999 2018 3 12 8 90 1
99999 2018 3 12 9 45 0
99999 2018 3 12 10 315 2
99999 2018 3 12 11 22 1
99999 2018 3 12 12 338 3
99999 2018 3 12 13 338 3
99999 2018 3 12 14 338 3
99999 2018 3 12 15 0 2
99999 2018 3 12 16 338 2
99999 2018 3 12 17 338 2
99999 2018 3 12 18 45 1
99999 2018 3 12 19 45 1
99999 2018 3 12 20 292 2
99999 2018 3 12 21 270 1
99999 2018 3 12 22 292 1
99999 2018 3 12 23 270 1
99999 2018 3 13 0 292 1
99999 2018 3 13 1 270 0
99999 2018 3 13 7 180 0
99999 2018 3 13 8 248 1
99999 2018 3 13 9 248 0
99999 2018 3 13 10 315 3
99999 2018 3 13 11 270 3
99999 2018 3 13 12 292 2
99999 2018 3 13 13 338 2
99999 2018 3 13 14 0 2
99999 2018 3 13 15 45 2
99999 2018 3 13 16 22 1
99999 2018 3 13 17 68 1
99999 2018 3 13 18 158 3
99999 2018 3 13 19 202 5
99999 2018 3 13 20 202 4
99999 2018 3 13 21 225 3
99999 2018 3 13 22 202 3
99999 2018 3 13 23 202 5
99999 2018 3 14 0 225 4
99999 2018 3 14 1 202 3
99999 2018 3 14 2 180 3
99999 2018 3 14 3 180 2
99999 2018 3 14 4 158 1
99999 2018 3 14 6 225 3
99999 2018 3 14 7 180 2
99999 2018 3 14 8 202 1
99999 2018 3 14 9 248 2
99999 2018 3 14 10 292 3
99999 2018 3 14 11 338 3
99999 2018 3 14 12 338 3
99999 2018 3 14 13 112 3
99999 2018 3 14 14 22 3
99999 2018 3 14 15 0 3
99999 2018 3 14 16 90 2
99999 2018 3 14 17 135 3
99999 2018 3 14 18 135 2
99999 2018 3 14 19 135 2
99999 2018 3 14 20 180 4
99999 2018 3 14 21 202 5
99999 2018 3 14 22 202 3
99999 2018 3 14 23 202 4
99999 2018 3 15 0 202 6
99999 2018 3 15 1 225 3
99999 2018 3 15 2 202 4
99999 2018 3 15 3 270 2
99999 2018 3 15 4 202 3
99999 2018 3 15 5 180 1
99999 2018 3 15 6 202 1
99999 2018 3 15 7 90 2
99999 2018 3 15 8 90 1
99999 2018 3 15 9 90 3
99999 2018 3 15 10 112 2
99999 2018 3 15 11 180 4
99999 2018 3 15 12 180 5
99999 2018 3 15 13 90 3
99999 2018 3 15 14 90 4
99999 2018 3 15 15 90 4
99999 2018 3 15 16 90 5
99999 2018 3 15 17 90 5
99999 2018 3 15 18 90 4
99999 2018 3 15 19 90 4
99999 2018 3 15 20 90 4
99999 2018 3 15 21 90 3
99999 2018 3 15 22 90 3
99999 2018 3 15 23 90 5
99999 2018 3 16 0 225 2
99999 2018 3 16 1 270 3
99999 2018 3 16 15 0 3
99999 2018 3 16 16 0 2
99999 2018 3 16 17 22 2
99999 2018 3 16 18 90 2
99999 2018 3 16 19 90 4
99999 2018 3 16 20 90 3
99999 2018 3 16 21 112 4
99999 2018 3 16 22 90 4
99999 2018 3 16 23 90 3
99999 2018 3 17 0 90 3
99999 2018 3 17 1 90 3
99999 2018 3 17 2 90 2
99999 2018 3 17 3 90 3
99999 2018 3 17 4 112 2
99999 2018 3 17 5 112 0
99999 2018 3 17 6 90 3
99999 2018 3 17 7 90 0
99999 2018 3 17 21 135 0
99999 2018 3 17 22 202 3
99999 2018 3 17 23 202 4
99999 2018 3 18 0 180 3
99999 2018 3 18 1 135 3
99999 2018 3 18 2 180 3
99999 2018 3 18 3 338 2
99999 2018 3 18 4 90 2
99999 2018 3 18 5 45 1
99999 2018 3 18 6 292 2
99999 2018 3 18 7 315 1
99999 2018 3 18 8 68 2
99999 2018 3 18 9 112 0
99999 2018 3 18 10 68 1
99999 2018 3 18 11 90 1
99999 2018 3 18 12 90 2
99999 2018 3 18 13 90 3
99999 2018 3 18 14 90 3
99999 2018 3 18 15 90 6
99999 2018 3 18 16 90 3
99999 2018 3 18 17 112 3
99999 2018 3 18 18 90 4
99999 2018 3 18 19 22 3
99999 2018 3 18 20 90 3
99999 2018 3 18 21 22 4
99999 2018 3 18 22 22 4
99999 2018 3 18 23 22 5
99999 2018 3 19 0 22 3
99999 2018 3 19 1 68 1
99999 2018 3 19 2 338 3
99999 2018 3 19 3 292 4
99999 2018 3 19 4 292 5
99999 2018 3 19 5 270 5
99999 2018 3 19 6 270 5
99999 2018 3 19 7 270 4
99999 2018 3 19 8 270 4
99999 2018 3 19 9 0 4
99999 2018 3 19 10 0 4
99999 2018 3 19 11 0 4
99999 2018 3 19 12 0 3
99999 2018 3 19 13 270 3
99999 2018 3 19 14 270 3
99999 2018 3 19 15 270 3
99999 2018 3 19 16 0 3
99999 2018 3 19 17 0 3
99999 2018 3 19 18 0 3
99999 2018 3 19 19 248 2
99999 2018 3 19 20 270 3
99999 2018 3 19 21 315 1
99999 2018 3 19 22 225 2
99999 2018 3 19 23 225 1
99999 2018 3 20 0 248 1
99999 2018 3 20 1 248 2
99999 2018 3 20 2 225 1
99999 2018 3 20 3 248 1
99999 2018 3 20 4 248 2
99999 2018 3 20 5 270 1
99999 2018 3 20 6 270 0
99999 2018 3 20 7 270 1
99999 2018 3 20 8 270 1
99999 2018 3 20 9 90 2
99999 2018 3 20 10 45 2
99999 2018 3 20 11 22 3
99999 2018 3 20 12 0 1
99999 2018 3 20 13 45 1
99999 2018 3 20 14 22 1
99999 2018 3 20 15 90 2
99999 2018 3 20 16 90 3
99999 2018 3 20 17 90 3
99999 2018 3 20 18 90 4
99999 2018 3 20 19 90 3
99999 2018 3 20 20 22 3
99999 2018 3 20 21 22 3
99999 2018 3 20 22 22 3
99999 2018 3 20 23 22 3
99999 2018 3 21 0 90 3
99999 2018 3 21 1 90 3
99999 2018 3 21 2 22 3
99999 2018 3 21 3 22 3
99999 2018 3 21 4 22 3
99999 2018 3 21 5 22 3
99999 2018 3 21 6 90 2
99999 2018 3 21 7 90 4
99999 2018 3 21 8 90 3
99999 2018 3 21 9 90 4
99999 2018 3 21 10 90 5
99999 2018 3 21 11 90 7
99999 2018 3 21 12 90 8
99999 2018 3 21 13 22 4
99999 2018 3 21 14 90 4
99999 2018 3 21 15 90 5
99999 2018 3 21 16 90 6
99999 2018 3 21 17 90 4
99999 2018 3 21 18 90 3
99999 2018 3 21 19 90 3
99999 2018 3 21 20 90 1
99999 2018 3 21 21 45 2
99999 2018 3 21 22 22 2
99999 2018 3 21 23 90 2
