99999 2015 12 21 0 0 0
99999 2015 12 21 1 22 0
99999 2015 12 21 2 22 1
99999 2015 12 21 3 90 1
99999 2015 12 21 4 90 1
99999 2015 12 21 5 90 0
99999 2015 12 21 6 22 0
99999 2015 12 21 7 22 0
99999 2015 12 21 8 68 1
99999 2015 12 21 9 135 2
99999 2015 12 21 10 90 1
99999 2015 12 21 11 90 3
99999 2015 12 22 0 22 1
99999 2015 12 22 1 22 0
99999 2015 12 22 2 22 0
99999 2015 12 22 3 315 0
99999 2015 12 22 4 68 1
99999 2015 12 22 5 315 0
99999 2015 12 22 6 315 1
99999 2015 12 22 7 315 1
99999 2015 12 22 8 315 1
99999 2015 12 22 9 248 0
99999 2015 12 22 10 338 3
99999 2015 12 22 11 248 3
99999 2015 12 22 12 292 2
99999 2015 12 22 13 292 2
99999 2015 12 22 14 270 2
99999 2015 12 22 15 292 1
99999 2015 12 22 16 338 2
99999 2015 12 22 17 225 1
99999 2015 12 22 18 248 1
99999 2015 12 22 19 180 1
99999 2015 12 22 20 180 1
99999 2015 12 22 21 180 1
99999 2015 12 22 22 180 1
99999 2015 12 22 23 180 0
99999 2015 12 23 14 338 3
99999 2015 12 23 15 338 1
99999 2015 12 23 16 0 1
99999 2015 12 23 17 0 2
99999 2015 12 23 18 0 0
99999 2015 12 23 19 45 1
99999 2015 12 23 20 90 2
99999 2015 12 23 21 90 2
99999 2015 12 23 22 90 3
99999 2015 12 23 23 90 2
99999 2015 12 24 0 90 1
99999 2015 12 24 1 112 1
99999 2015 12 24 2 112 1
99999 2015 12 24 3 90 0
99999 2015 12 24 4 90 0
99999 2015 12 24 5 90 0
99999 2015 12 24 6 0 1
99999 2015 12 24 7 315 1
99999 2015 12 24 8 292 2
99999 2015 12 24 9 270 1
99999 2015 12 24 10 338 1
99999 2015 12 24 23 292 3
99999 2015 12 25 0 270 3
99999 2015 12 25 1 270 2
99999 2015 12 25 2 292 2
99999 2015 12 25 3 292 2
99999 2015 12 25 4 292 2
99999 2015 12 26 0 202 1
99999 2015 12 26 1 202 2
99999 2015 12 26 2 270 2
99999 2015 12 26 3 248 2
99999 2015 12 28 0 292 1
99999 2015 12 28 1 338 1
99999 2015 12 28 2 0 2
99999 2015 12 28 3 338 0
99999 2015 12 28 4 315 2
99999 2015 12 28 18 338 1
99999 2015 12 28 19 338 1
99999 2015 12 28 20 315 1
99999 2015 12 28 21 292 1
99999 2015 12 28 22 270 1
99999 2015 12 28 23 338 1
99999 2015 12 29 0 338 1
99999 2015 12 29 1 90 0
99999 2015 12 29 2 338 1
99999 2015 12 29 3 315 1
99999 2015 12 29 4 270 0
99999 2015 12 29 5 292 1
99999 2015 12 29 6 338 1
99999 2015 12 29 7 90 1
99999 2015 12 29 8 90 0
99999 2015 12 29 9 315 3
99999 2015 12 29 10 315 2
99999 2015 12 29 11 292 1
99999 2015 12 30 0 68 1
99999 2015 12 30 1 68 1
99999 2015 12 30 2 112 1
99999 2015 12 30 3 338 1
99999 2015 12 30 4 292 0
99999 2015 12 30 5 315 1
99999 2015 12 30 6 338 1
99999 2015 12 30 7 0 1
99999 2015 12 30 8 338 1
99999 2015 12 30 9 315 1
99999 2015 12 30 10 315 2
99999 2015 12 30 11 315 2
99999 2015 12 30 12 338 2
99999 2015 12 30 13 338 3
99999 2015 12 30 14 338 2
99999 2015 12 30 15 338 2
99999 2015 12 30 16 338 1
99999 2015 12 30 17 292 1
99999 2015 12 30 18 292 1
99999 2015 12 30 19 292 0
99999 2015 12 30 20 292 0
99999 2015 12 30 21 292 0
99999 2015 12 30 22 248 0
99999 2015 12 30 23 270 1
99999 2015 12 31 0 338 1
99999 2015 12 31 1 292 2
99999 2015 12 31 2 270 2
99999 2015 12 31 3 315 2
99999 2015 12 31 4 292 2
99999 2015 12 31 5 315 2
99999 2015 12 31 6 248 1
99999 2015 12 31 7 248 0
99999 2015 12 31 8 112 0
99999 2016 1 1 23 248 3
99999 2016 1 2 18 338 2
99999 2016 1 2 19 292 2
99999 2016 1 2 20 292 2
99999 2016 1 2 21 270 3
99999 2016 1 2 22 270 3
99999 2016 1 2 23 270 3
99999 2016 1 3 0 270 4
99999 2016 1 3 1 270 4
99999 2016 1 3 2 270 3
99999 2016 1 3 3 270 4
99999 2016 1 3 4 270 4
99999 2016 1 3 5 270 5
99999 2016 1 3 6 270 5
99999 2016 1 3 7 292 3
99999 2016 1 3 8 315 3
99999 2016 1 3 9 0 3
99999 2016 1 3 10 0 3
99999 2016 1 3 11 270 3
99999 2016 1 3 12 0 3
99999 2016 1 3 13 292 3
99999 2016 1 3 14 292 2
99999 2016 1 3 15 0 2
99999 2016 1 3 16 315 0
99999 2016 1 3 17 112 2
99999 2016 1 3 18 112 1
99999 2016 1 3 19 112 1
99999 2016 1 3 20 112 2
99999 2016 1 3 21 112 2
99999 2016 1 3 22 90 3
99999 2016 1 3 23 90 3
99999 2016 1 4 0 90 2
99999 2016 1 5 0 292 1
99999 2016 1 5 1 202 2
99999 2016 1 5 2 225 1
99999 2016 1 5 3 248 1
99999 2016 1 5 4 248 0
99999 2016 1 5 5 90 3
99999 2016 1 5 6 90 1
99999 2016 1 5 7 90 2
99999 2016 1 5 8 90 1
99999 2016 1 5 9 22 1
99999 2016 1 5 10 0 2
99999 2016 1 5 11 90 1
99999 2016 1 5 12 68 2
99999 2016 1 5 13 338 3
99999 2016 1 5 14 338 3
99999 2016 1 5 15 338 2
99999 2016 1 5 16 270 1
99999 2016 1 5 17 315 2
99999 2016 1 5 18 292 2
99999 2016 1 5 19 292 2
99999 2016 1 5 20 292 1
99999 2016 1 5 21 292 2
99999 2016 1 5 22 292 2
99999 2016 1 5 23 248 1
99999 2016 1 6 0 270 1
99999 2016 1 6 1 270 1
99999 2016 1 6 2 315 1
99999 2016 1 6 3 338 1
99999 2016 1 6 4 292 2
99999 2016 1 6 5 292 2
99999 2016 1 6 6 270 1
99999 2016 1 6 7 225 2
99999 2016 1 6 8 315 2
99999 2016 1 6 9 270 2
99999 2016 1 6 10 270 3
99999 2016 1 6 11 0 3
99999 2016 1 6 12 270 3
99999 2016 1 6 13 270 4
99999 2016 1 6 14 270 4
99999 2016 1 6 15 270 3
99999 2016 1 6 16 292 3
99999 2016 1 6 17 292 2
99999 2016 1 6 18 270 2
99999 2016 1 6 19 248 2
99999 2016 1 6 20 270 2
99999 2016 1 6 21 202 1
99999 2016 1 6 22 202 1
99999 2016 1 6 23 202 1
99999 2016 1 7 0 248 0
99999 2016 1 7 1 225 1
99999 2016 1 7 2 202 2
99999 2016 1 7 3 202 2
99999 2016 1 7 4 180 2
99999 2016 1 7 5 202 1
99999 2016 1 7 6 202 1
99999 2016 1 7 7 180 3
99999 2016 1 7 8 180 0
99999 2016 1 8 23 292 2
99999 2016 1 9 0 292 2
99999 2016 1 9 1 292 2
99999 2016 1 9 2 292 2
99999 2016 1 9 3 270 3
99999 2016 1 9 22 315 3
99999 2016 1 9 23 292 3
99999 2016 1 10 0 292 3
99999 2016 1 10 1 270 3
99999 2016 1 10 2 270 3
99999 2016 1 10 3 270 3
99999 2016 1 10 4 292 3
99999 2016 1 10 5 270 2
99999 2016 1 10 6 292 1
99999 2016 1 10 7 248 0
99999 2016 1 10 8 270 0
99999 2016 1 10 9 135 0
99999 2016 1 10 10 292 3
99999 2016 1 10 11 248 3
99999 2016 1 10 12 22 1
99999 2016 1 10 13 112 1
99999 2016 1 10 14 22 2
99999 2016 1 10 15 90 3
99999 2016 1 10 16 90 3
99999 2016 1 10 17 90 3
99999 2016 1 10 18 112 2
99999 2016 1 10 19 22 1
99999 2016 1 10 20 0 1
99999 2016 1 10 21 338 1
99999 2016 1 10 22 45 1
99999 2016 1 10 23 90 2
99999 2016 1 11 0 112 1
99999 2016 1 11 1 338 1
99999 2016 1 11 2 292 2
99999 2016 1 11 3 292 2
99999 2016 1 11 4 315 2
99999 2016 1 11 5 338 1
99999 2016 1 11 6 338 2
99999 2016 1 11 7 338 1
99999 2016 1 11 8 180 4
99999 2016 1 11 9 202 6
99999 2016 1 11 10 180 8
99999 2016 1 11 11 202 7
99999 2016 1 11 12 180 9
99999 2016 1 11 13 180 6
99999 2016 1 11 14 202 8
99999 2016 1 11 15 202 8
99999 2016 1 11 16 202 6
99999 2016 1 11 17 202 5
99999 2016 1 11 18 202 7
99999 2016 1 11 19 338 4
99999 2016 1 11 20 202 2
99999 2016 1 11 21 202 5
99999 2016 1 11 22 225 3
99999 2016 1 11 23 315 3
99999 2016 1 12 0 292 3
99999 2016 1 12 1 270 3
99999 2016 1 12 2 270 1
99999 2016 1 12 3 180 2
99999 2016 1 12 4 180 1
99999 2016 1 12 5 180 0
99999 2016 1 12 6 158 0
99999 2016 1 12 7 202 3
99999 2016 1 12 8 202 3
99999 2016 1 12 9 248 1
99999 2016 1 12 10 315 2
99999 2016 1 12 11 270 1
99999 2016 1 12 12 270 2
99999 2016 1 12 13 270 4
99999 2016 1 12 14 315 3
99999 2016 1 12 15 315 3
99999 2016 1 12 16 292 3
99999 2016 1 12 17 248 2
99999 2016 1 12 18 180 2
99999 2016 1 12 19 225 3
99999 2016 1 12 20 202 6
99999 2016 1 12 21 202 7
99999 2016 1 12 22 202 6
99999 2016 1 12 23 202 6
99999 2016 1 13 0 202 6
99999 2016 1 13 1 202 6
99999 2016 1 13 2 270 3
99999 2016 1 13 3 225 3
99999 2016 1 13 4 225 3
99999 2016 1 13 5 270 1
99999 2016 1 13 6 248 2
99999 2016 1 13 7 270 2
99999 2016 1 13 8 248 3
99999 2016 1 13 9 248 3
99999 2016 1 13 10 270 6
99999 2016 1 13 11 270 7
99999 2016 1 13 12 292 7
99999 2016 1 13 13 270 8
99999 2016 1 13 14 270 7
99999 2016 1 13 15 315 6
99999 2016 1 13 16 270 5
99999 2016 1 13 17 270 3
99999 2016 1 13 18 248 2
99999 2016 1 13 19 248 3
99999 2016 1 13 20 248 3
99999 2016 1 13 21 248 2
99999 2016 1 13 22 180 3
99999 2016 1 13 23 180 3
99999 2016 1 14 0 202 4
99999 2016 1 14 1 202 6
99999 2016 1 14 2 202 5
99999 2016 1 14 3 202 4
99999 2016 1 14 4 158 3
99999 2016 1 14 5 180 2
99999 2016 1 14 6 0 1
99999 2016 1 14 7 90 0
99999 2016 1 14 8 90 1
99999 2016 1 14 9 112 2
99999 2016 1 14 10 90 2
99999 2016 1 14 11 90 2
99999 2016 1 14 12 90 1
99999 2016 1 14 13 68 2
99999 2016 1 14 14 0 1
99999 2016 1 14 15 0 2
99999 2016 1 14 16 292 2
99999 2016 1 14 17 292 2
99999 2016 1 14 18 292 2
99999 2016 1 14 19 292 3
99999 2016 1 14 20 270 3
99999 2016 1 14 21 270 3
99999 2016 1 14 22 292 3
99999 2016 1 14 23 270 3
99999 2016 1 15 0 292 3
99999 2016 1 15 1 270 3
99999 2016 1 15 2 270 3
99999 2016 1 15 3 292 3
99999 2016 1 15 4 270 3
99999 2016 1 15 5 270 3
99999 2016 1 15 6 270 3
99999 2016 1 15 7 270 2
99999 2016 1 15 8 270 3
99999 2016 1 15 9 270 5
99999 2016 1 15 10 292 4
99999 2016 1 15 11 270 3
99999 2016 1 15 12 270 3
99999 2016 1 15 13 270 4
99999 2016 1 15 14 315 5
99999 2016 1 15 15 292 5
99999 2016 1 15 16 270 4
99999 2016 1 15 17 270 4
99999 2016 1 15 18 270 3
99999 2016 1 15 19 270 2
99999 2016 1 15 20 248 3
99999 2016 1 15 21 338 1
99999 2016 1 15 22 338 0
99999 2016 1 15 23 248 2
99999 2016 1 16 0 270 2
99999 2016 1 16 15 338 3
99999 2016 1 16 16 292 2
99999 2016 1 16 17 292 2
99999 2016 1 16 18 292 2
99999 2016 1 16 19 270 2
99999 2016 1 16 20 270 1
99999 2016 1 16 21 270 1
99999 2016 1 16 22 248 0
99999 2016 1 16 23 248 1
99999 2016 1 17 0 270 2
99999 2016 1 17 1 225 1
99999 2016 1 17 2 225 1
99999 2016 1 17 3 270 3
99999 2016 1 17 4 248 1
99999 2016 1 17 5 248 1
99999 2016 1 17 6 270 3
99999 2016 1 17 7 270 3
99999 2016 1 17 8 270 4
99999 2016 1 17 9 270 4
99999 2016 1 17 10 270 5
99999 2016 1 17 11 270 4
99999 2016 1 17 12 315 3
99999 2016 1 17 13 292 4
99999 2016 1 17 14 270 4
99999 2016 1 17 15 270 4
99999 2016 1 17 16 292 3
99999 2016 1 17 17 270 2
99999 2016 1 17 18 248 3
99999 2016 1 17 19 248 2
99999 2016 1 17 20 270 2
99999 2016 1 17 21 270 3
99999 2016 1 17 22 338 2
99999 2016 1 17 23 292 2
99999 2016 1 18 0 270 3
99999 2016 1 18 1 292 3
99999 2016 1 18 21 90 1
99999 2016 1 18 22 90 1
99999 2016 1 18 23 112 0
99999 2016 1 19 0 315 1
99999 2016 1 19 1 225 1
99999 2016 1 19 2 202 1
99999 2016 1 19 3 202 2
99999 2016 1 19 4 202 0
99999 2016 1 19 5 202 1
99999 2016 1 19 18 90 1
99999 2016 1 19 19 90 0
99999 2016 1 19 20 90 0
99999 2016 1 19 21 90 0
99999 2016 1 19 22 202 1
99999 2016 1 19 23 202 2
99999 2016 1 20 12 292 2
99999 2016 1 20 13 338 3
99999 2016 1 20 14 338 3
99999 2016 1 20 15 0 2
99999 2016 1 20 16 22 1
99999 2016 1 20 17 338 3
99999 2016 1 20 18 338 1
99999 2016 1 20 19 338 0
99999 2016 1 20 20 338 0
99999 2016 1 20 21 0 0
99999 2016 1 20 22 0 0
99999 2016 1 20 23 0 0
99999 2016 1 21 0 292 1
99999 2016 1 21 1 225 0
99999 2016 1 21 20 90 0
99999 2016 1 21 21 90 0
99999 2016 1 21 22 90 0
99999 2016 1 21 23 90 0
99999 2016 1 22 0 90 0
99999 2016 1 22 1 90 1
99999 2016 1 22 2 0 1
99999 2016 1 22 3 270 1
99999 2016 1 22 4 270 2
99999 2016 1 22 5 315 2
99999 2016 1 22 6 270 3
99999 2016 1 22 7 270 2
99999 2016 1 22 8 315 3
99999 2016 1 22 9 270 4
99999 2016 1 22 10 292 3
99999 2016 1 22 11 292 3
99999 2016 1 22 12 270 3
99999 2016 1 22 13 270 3
99999 2016 1 22 14 292 3
99999 2016 1 22 15 270 3
99999 2016 1 22 16 338 2
99999 2016 1 22 17 292 2
99999 2016 1 22 18 292 0
99999 2016 1 22 19 248 1
99999 2016 1 22 20 225 1
99999 2016 1 22 21 225 1
99999 2016 1 22 22 202 1
99999 2016 1 22 23 202 2
99999 2016 1 23 0 202 0
99999 2016 1 23 1 202 1
99999 2016 1 23 2 202 0
99999 2016 1 23 3 248 0
99999 2016 1 23 16 315 1
99999 2016 1 23 17 338 1
99999 2016 1 23 18 22 0
99999 2016 1 23 19 22 0
99999 2016 1 23 20 68 0
99999 2016 1 23 21 68 1
99999 2016 1 23 22 112 1
99999 2016 1 23 23 180 1
99999 2016 1 25 0 90 0
99999 2016 1 25 1 90 0
99999 2016 1 25 2 22 1
99999 2016 1 25 3 315 0
99999 2016 1 25 4 292 0
99999 2016 1 25 5 292 0
99999 2016 1 25 6 292 0
99999 2016 1 25 7 180 1
99999 2016 1 25 8 202 3
99999 2016 1 25 9 225 0
99999 2016 1 25 10 315 1
99999 2016 1 25 11 338 2
99999 2016 1 25 12 315 2
99999 2016 1 25 13 338 3
99999 2016 1 25 14 0 2
99999 2016 1 25 15 22 1
99999 2016 1 25 16 112 1
99999 2016 1 25 17 22 1
99999 2016 1 25 18 22 0
99999 2016 1 25 19 45 0
99999 2016 1 25 20 68 0
99999 2016 1 25 21 0 1
99999 2016 1 25 22 0 0
99999 2016 1 25 23 112 1
99999 2016 1 26 0 135 0
99999 2016 1 26 1 135 0
99999 2016 1 26 2 135 0
99999 2016 1 26 3 135 1
99999 2016 1 26 4 225 0
99999 2016 1 26 5 202 1
99999 2016 1 26 6 202 0
99999 2016 1 26 8 202 0
99999 2016 1 26 10 202 1
99999 2016 1 26 11 315 2
99999 2016 1 26 12 315 2
99999 2016 1 26 13 315 3
99999 2016 1 26 14 270 2
99999 2016 1 26 15 0 2
99999 2016 1 26 16 45 1
99999 2016 1 26 17 22 0
99999 2016 1 26 18 68 1
99999 2016 1 26 19 90 1
99999 2016 1 26 20 90 0
99999 2016 1 26 21 338 2
99999 2016 1 26 22 0 0
99999 2016 1 26 23 0 0
99999 2016 1 27 0 135 0
99999 2016 1 27 1 45 1
99999 2016 1 27 2 45 0
99999 2016 1 27 3 45 0
99999 2016 1 27 5 45 0
99999 2016 1 27 6 45 0
99999 2016 1 27 7 45 0
99999 2016 1 27 8 45 1
99999 2016 1 27 9 22 1
99999 2016 1 27 10 45 0
99999 2016 1 27 11 338 1
99999 2016 1 27 12 338 2
99999 2016 1 27 13 22 2
99999 2016 1 27 14 68 1
99999 2016 1 27 15 22 2
99999 2016 1 27 16 112 3
99999 2016 1 27 17 90 3
99999 2016 1 27 18 90 2
99999 2016 1 27 19 90 2
99999 2016 1 27 20 90 0
99999 2016 1 27 21 90 0
99999 2016 1 27 22 112 1
99999 2016 1 27 23 45 0
99999 2016 1 28 0 45 0
99999 2016 1 28 1 45 0
99999 2016 1 28 2 338 0
99999 2016 1 28 3 90 1
99999 2016 1 28 4 68 1
99999 2016 1 28 5 68 1
99999 2016 1 28 6 68 0
99999 2016 1 28 7 68 0
99999 2016 1 28 8 68 0
99999 2016 1 28 9 0 1
99999 2016 1 28 10 0 1
99999 2016 1 28 11 315 3
99999 2016 1 28 12 315 3
99999 2016 1 28 13 338 3
99999 2016 1 28 14 315 2
99999 2016 1 28 15 292 2
99999 2016 1 28 16 315 2
99999 2016 1 28 17 338 1
99999 2016 1 28 18 0 0
99999 2016 1 28 19 0 0
99999 2016 1 28 20 0 0
99999 2016 1 28 21 0 0
99999 2016 1 28 22 0 0
99999 2016 1 28 23 0 0
99999 2016 1 29 0 0 0
99999 2016 1 29 1 0 0
99999 2016 1 29 2 0 0
99999 2016 1 29 3 0 0
99999 2016 1 29 4 0 0
99999 2016 1 29 5 22 0
99999 2016 1 29 6 22 0
99999 2016 1 29 7 68 0
99999 2016 1 29 8 68 0
99999 2016 1 29 9 338 1
99999 2016 1 29 10 338 2
99999 2016 1 29 11 270 2
99999 2016 1 29 12 338 3
99999 2016 1 29 13 338 2
99999 2016 1 29 14 0 3
99999 2016 1 29 15 90 1
99999 2016 1 29 16 112 1
99999 2016 1 29 17 90 0
99999 2016 1 29 18 90 0
99999 2016 1 29 19 0 1
99999 2016 1 29 20 68 1
99999 2016 1 29 21 90 2
99999 2016 1 29 22 90 2
99999 2016 1 29 23 90 2
99999 2016 1 30 0 90 3
99999 2016 1 31 0 112 1
99999 2016 1 31 1 90 1
99999 2016 1 31 2 292 1
99999 2016 1 31 3 22 0
99999 2016 1 31 4 338 1
99999 2016 1 31 5 315 1
99999 2016 1 31 6 248 0
99999 2016 1 31 7 248 0
99999 2016 1 31 9 248 0
99999 2016 1 31 10 338 2
99999 2016 1 31 11 0 2
99999 2016 1 31 12 338 3
99999 2016 1 31 13 338 2
99999 2016 1 31 14 338 3
99999 2016 1 31 15 0 3
99999 2016 1 31 16 0 1
99999 2016 1 31 17 338 2
99999 2016 1 31 18 315 1
99999 2016 1 31 19 0 1
99999 2016 1 31 20 0 2
99999 2016 1 31 21 270 1
99999 2016 1 31 22 270 2
99999 2016 1 31 23 292 2
99999 2016 2 1 0 292 2
99999 2016 2 1 1 292 1
99999 2016 2 1 2 68 1
99999 2016 2 1 3 112 0
99999 2016 2 1 4 68 1
99999 2016 2 1 5 90 0
99999 2016 2 1 6 90 0
99999 2016 2 1 7 90 0
99999 2016 2 1 8 22 0
99999 2016 2 1 9 90 2
99999 2016 2 1 10 22 2
99999 2016 2 1 11 90 2
99999 2016 2 1 12 22 2
99999 2016 2 1 13 90 2
99999 2016 2 1 14 90 3
99999 2016 2 1 15 90 2
99999 2016 2 1 16 90 3
99999 2016 2 1 17 90 2
99999 2016 2 1 18 90 2
99999 2016 2 1 19 22 0
99999 2016 2 1 20 180 1
99999 2016 2 1 21 180 0
99999 2016 2 1 22 112 1
99999 2016 2 1 23 292 0
99999 2016 2 2 0 0 1
99999 2016 2 2 23 338 0
99999 2016 2 3 0 338 0
99999 2016 2 3 1 22 0
99999 2016 2 3 16 90 3
99999 2016 2 3 17 90 2
99999 2016 2 3 18 315 3
99999 2016 2 3 19 338 3
99999 2016 2 3 20 292 4
99999 2016 2 3 21 292 2
99999 2016 2 3 22 180 2
99999 2016 2 3 23 248 0
99999 2016 2 4 0 248 1
99999 2016 2 4 1 248 0
99999 2016 2 4 2 112 2
99999 2016 2 4 3 112 3
99999 2016 2 4 4 112 1
99999 2016 2 4 5 180 1
99999 2016 2 4 6 225 1
99999 2016 2 4 7 202 1
99999 2016 2 4 8 270 3
99999 2016 2 4 9 270 3
99999 2016 2 4 10 270 5
99999 2016 2 4 11 292 4
99999 2016 2 4 12 315 3
99999 2016 2 4 13 270 4
99999 2016 2 4 14 315 3
99999 2016 2 4 15 292 3
99999 2016 2 4 16 270 3
99999 2016 2 4 17 248 2
99999 2016 2 4 18 202 1
99999 2016 2 4 19 202 1
99999 2016 2 4 20 202 1
99999 2016 2 4 21 135 0
99999 2016 2 4 22 225 3
99999 2016 2 4 23 158 1
99999 2016 2 5 0 180 3
99999 2016 2 5 1 225 1
99999 2016 2 5 2 202 3
99999 2016 2 5 3 225 2
99999 2016 2 5 4 202 1
99999 2016 2 5 5 202 0
99999 2016 2 5 6 158 0
99999 2016 2 5 7 202 1
99999 2016 2 5 8 22 0
99999 2016 2 5 9 0 1
99999 2016 2 5 10 338 1
99999 2016 2 5 11 22 2
99999 2016 2 5 12 22 2
99999 2016 2 5 13 22 2
99999 2016 2 5 14 22 3
99999 2016 2 5 15 90 3
99999 2016 2 5 16 90 3
99999 2016 2 5 17 90 3
99999 2016 2 5 18 90 2
99999 2016 2 5 19 90 2
99999 2016 2 5 20 90 2
99999 2016 2 5 21 90 1
99999 2016 2 5 22 90 1
99999 2016 2 5 23 270 3
99999 2016 2 6 0 270 1
99999 2016 2 6 1 315 1
99999 2016 2 6 2 315 1
99999 2016 2 6 3 270 2
99999 2016 2 6 4 270 1
99999 2016 2 6 5 292 1
99999 2016 2 6 6 270 3
99999 2016 2 6 7 270 3
99999 2016 2 6 8 292 3
99999 2016 2 6 9 270 3
99999 2016 2 6 10 270 3
99999 2016 2 6 11 292 3
99999 2016 2 6 12 292 3
99999 2016 2 6 13 292 2
99999 2016 2 6 14 338 1
99999 2016 2 6 15 22 1
99999 2016 2 6 16 90 1
99999 2016 2 6 17 22 1
99999 2016 2 6 18 90 1
99999 2016 2 6 19 90 1
99999 2016 2 6 20 90 1
99999 2016 2 6 21 90 0
99999 2016 2 6 22 90 0
99999 2016 2 6 23 90 0
99999 2016 2 7 0 112 1
99999 2016 2 7 1 112 0
99999 2016 2 7 2 112 0
99999 2016 2 7 3 112 3
99999 2016 2 7 4 112 2
99999 2016 2 7 5 112 3
99999 2016 2 7 22 112 4
99999 2016 2 7 23 90 2
99999 2016 2 8 12 315 3
99999 2016 2 8 13 270 3
99999 2016 2 8 14 338 3
99999 2016 2 8 15 315 3
99999 2016 2 8 16 338 2
99999 2016 2 8 17 0 1
99999 2016 2 8 18 45 0
99999 2016 2 8 19 68 1
99999 2016 2 8 20 68 1
99999 2016 2 8 21 248 1
99999 2016 2 8 22 225 0
99999 2016 2 8 23 202 0
99999 2016 2 9 0 202 1
99999 2016 2 9 1 202 0
99999 2016 2 9 2 202 0
99999 2016 2 9 3 202 0
99999 2016 2 9 4 202 0
99999 2016 2 9 5 292 1
99999 2016 2 9 6 315 2
99999 2016 2 9 7 270 1
99999 2016 2 9 8 270 1
99999 2016 2 9 9 292 0
99999 2016 2 9 10 90 1
99999 2016 2 9 11 22 2
99999 2016 2 9 12 112 3
99999 2016 2 9 13 180 6
99999 2016 2 9 14 135 4
99999 2016 2 9 15 158 4
99999 2016 2 9 16 180 6
99999 2016 2 9 17 158 3
99999 2016 2 9 18 158 4
99999 2016 2 9 19 135 3
99999 2016 2 9 20 135 3
99999 2016 2 9 21 112 1
99999 2016 2 9 22 135 3
99999 2016 2 9 23 180 6
99999 2016 2 10 0 202 3
99999 2016 2 10 1 292 4
99999 2016 2 10 2 270 5
99999 2016 2 10 3 292 2
99999 2016 2 10 4 248 3
99999 2016 2 10 5 270 3
99999 2016 2 10 6 270 5
99999 2016 2 10 7 248 5
99999 2016 2 10 8 270 5
99999 2016 2 10 9 270 5
99999 2016 2 10 10 270 7
99999 2016 2 10 11 270 7
99999 2016 2 10 12 270 8
99999 2016 2 10 13 270 8
99999 2016 2 10 14 315 9
99999 2016 2 10 15 292 9
99999 2016 2 10 16 270 7
99999 2016 2 10 17 315 5
99999 2016 2 10 18 292 3
99999 2016 2 10 19 270 2
99999 2016 2 10 20 225 2
99999 2016 2 10 21 225 1
99999 2016 2 10 22 180 3
99999 2016 2 10 23 225 3
99999 2016 2 11 0 180 4
99999 2016 2 11 1 180 1
99999 2016 2 11 2 225 3
99999 2016 2 11 3 202 4
99999 2016 2 11 4 202 1
99999 2016 2 11 5 338 2
99999 2016 2 11 6 270 3
99999 2016 2 11 7 248 3
99999 2016 2 11 8 248 3
99999 2016 2 11 9 270 3
99999 2016 2 11 10 315 3
99999 2016 2 11 11 292 5
99999 2016 2 11 12 315 4
99999 2016 2 11 13 315 4
99999 2016 2 11 14 270 4
99999 2016 2 11 15 270 3
99999 2016 2 11 16 315 3
99999 2016 2 11 17 315 1
99999 2016 2 11 18 45 1
99999 2016 2 11 19 90 2
99999 2016 2 11 20 90 1
99999 2016 2 11 21 90 0
99999 2016 2 11 22 135 1
99999 2016 2 11 23 0 1
99999 2016 2 12 0 0 0
99999 2016 2 12 1 45 1
99999 2016 2 12 2 90 1
99999 2016 2 12 16 90 3
99999 2016 2 12 17 90 4
99999 2016 2 12 18 90 4
99999 2016 2 12 19 90 5
99999 2016 2 12 20 90 4
99999 2016 2 12 21 90 2
99999 2016 2 12 22 22 2
99999 2016 2 12 23 0 2
99999 2016 2 13 0 315 3
99999 2016 2 13 1 270 4
99999 2016 2 13 2 270 4
99999 2016 2 13 3 248 3
99999 2016 2 13 4 315 2
99999 2016 2 13 5 270 1
99999 2016 2 13 6 292 2
99999 2016 2 13 7 270 3
99999 2016 2 13 8 270 3
99999 2016 2 13 9 270 3
99999 2016 2 13 10 315 4
99999 2016 2 13 11 315 3
99999 2016 2 13 12 338 3
99999 2016 2 13 13 338 3
99999 2016 2 13 14 45 2
99999 2016 2 13 15 112 2
99999 2016 2 13 16 22 2
99999 2016 2 13 17 90 2
99999 2016 2 13 18 90 2
99999 2016 2 13 19 90 2
99999 2016 2 13 20 112 2
99999 2016 2 13 21 112 1
99999 2016 2 13 22 112 1
99999 2016 2 13 23 45 1
99999 2016 2 14 0 338 3
99999 2016 2 14 1 0 1
99999 2016 2 14 2 0 0
99999 2016 2 14 3 0 0
99999 2016 2 14 4 68 1
99999 2016 2 14 5 90 2
99999 2016 2 14 6 90 1
99999 2016 2 14 7 90 2
99999 2016 2 14 8 90 3
99999 2016 2 14 9 90 3
99999 2016 2 14 10 22 1
99999 2016 2 14 11 0 1
99999 2016 2 14 12 0 3
99999 2016 2 14 13 0 3
99999 2016 2 14 14 0 4
99999 2016 2 14 15 292 3
99999 2016 2 14 16 315 2
99999 2016 2 14 17 315 1
99999 2016 2 14 18 292 2
99999 2016 2 14 19 315 1
99999 2016 2 14 20 0 1
99999 2016 2 14 21 292 2
99999 2016 2 14 22 292 3
99999 2016 2 14 23 270 2
99999 2016 2 15 0 292 2
99999 2016 2 16 0 202 1
99999 2016 2 16 1 225 2
99999 2016 2 16 2 202 1
99999 2016 2 16 3 248 1
99999 2016 2 16 4 248 2
99999 2016 2 16 5 248 2
99999 2016 2 16 6 270 3
99999 2016 2 16 7 270 2
99999 2016 2 16 8 270 1
99999 2016 2 16 9 0 2
99999 2016 2 16 10 202 0
99999 2016 2 16 11 0 1
99999 2016 2 16 12 0 3
99999 2016 2 16 13 270 3
99999 2016 2 16 14 292 3
99999 2016 2 16 15 0 3
99999 2016 2 16 16 0 2
99999 2016 2 16 17 0 3
99999 2016 2 16 18 338 3
99999 2016 2 16 19 22 2
99999 2016 2 16 20 22 2
99999 2016 2 16 21 0 2
99999 2016 2 16 22 0 1
99999 2016 2 16 23 0 3
99999 2016 2 17 0 22 2
99999 2016 2 17 1 22 3
99999 2016 2 17 2 0 3
99999 2016 2 17 3 0 3
99999 2016 2 17 4 338 2
99999 2016 2 17 5 292 3
99999 2016 2 17 6 270 3
99999 2016 2 17 7 270 4
99999 2016 2 17 8 270 3
99999 2016 2 17 9 248 3
99999 2016 2 17 10 270 3
99999 2016 2 17 11 270 3
99999 2016 2 17 12 292 3
99999 2016 2 17 13 338 3
99999 2016 2 17 14 338 2
99999 2016 2 17 15 338 2
99999 2016 2 17 16 22 1
99999 2016 2 17 17 22 1
99999 2016 2 17 18 22 1
99999 2016 2 17 19 112 1
99999 2016 2 17 20 112 1
99999 2016 2 17 21 112 1
99999 2016 2 17 22 338 3
99999 2016 2 17 23 0 1
99999 2016 2 18 0 270 2
99999 2016 2 18 1 270 2
99999 2016 2 18 2 270 2
99999 2016 2 18 3 270 2
99999 2016 2 18 4 270 2
99999 2016 2 18 5 248 2
99999 2016 2 18 6 248 2
99999 2016 2 18 7 248 1
99999 2016 2 18 8 292 2
99999 2016 2 18 9 248 3
99999 2016 2 18 10 270 3
99999 2016 2 18 11 270 3
99999 2016 2 18 12 315 5
99999 2016 2 18 13 270 5
99999 2016 2 18 14 315 5
99999 2016 2 18 15 270 5
99999 2016 2 18 16 270 4
99999 2016 2 18 17 270 3
99999 2016 2 18 18 270 2
99999 2016 2 18 19 248 3
99999 2016 2 18 20 248 3
99999 2016 2 18 21 248 2
99999 2016 2 18 22 270 3
99999 2016 2 18 23 225 1
99999 2016 2 19 0 225 1
99999 2016 2 19 1 248 1
99999 2016 2 19 2 202 1
99999 2016 2 19 3 225 1
99999 2016 2 19 4 292 1
99999 2016 2 19 5 292 0
99999 2016 2 19 6 292 1
99999 2016 2 19 7 270 0
99999 2016 2 19 8 270 0
99999 2016 2 19 9 315 1
99999 2016 2 19 10 338 2
99999 2016 2 19 11 338 3
99999 2016 2 19 12 338 3
99999 2016 2 19 13 292 2
99999 2016 2 19 14 202 3
99999 2016 2 19 15 180 7
99999 2016 2 19 16 180 7
99999 2016 2 19 17 202 6
99999 2016 2 19 18 202 4
99999 2016 2 19 19 202 3
99999 2016 2 19 20 202 3
99999 2016 2 19 21 202 3
99999 2016 2 19 22 202 3
99999 2016 2 19 23 315 2
99999 2016 2 20 0 338 4
99999 2016 2 20 1 90 1
99999 2016 2 20 2 68 1
99999 2016 2 20 3 135 1
99999 2016 2 20 4 292 1
99999 2016 2 20 5 292 2
99999 2016 2 20 6 292 2
99999 2016 2 20 7 270 2
99999 2016 2 20 8 248 2
99999 2016 2 20 9 270 2
99999 2016 2 20 10 292 3
99999 2016 2 20 11 292 3
99999 2016 2 20 12 338 3
99999 2016 2 20 13 338 3
99999 2016 2 20 14 338 2
99999 2016 2 20 15 315 1
99999 2016 2 20 16 45 1
99999 2016 2 20 17 90 2
99999 2016 2 20 18 90 2
99999 2016 2 20 19 90 1
99999 2016 2 20 20 135 1
99999 2016 2 20 21 180 0
99999 2016 2 20 22 180 1
99999 2016 2 20 23 180 2
99999 2016 2 21 0 225 3
99999 2016 2 21 13 0 3
99999 2016 2 21 14 338 2
99999 2016 2 21 15 270 1
99999 2016 2 21 16 22 2
99999 2016 2 21 17 90 2
99999 2016 2 21 18 90 2
99999 2016 2 21 19 90 1
99999 2016 2 21 20 135 2
99999 2016 2 21 21 248 1
99999 2016 2 21 22 315 0
99999 2016 2 21 23 315 0
99999 2016 2 22 13 0 2
99999 2016 2 22 14 0 3
99999 2016 2 22 15 90 3
99999 2016 2 22 16 90 3
99999 2016 2 22 17 90 5
99999 2016 2 22 18 90 2
99999 2016 2 22 19 90 1
99999 2016 2 22 20 0 2
99999 2016 2 22 21 22 1
99999 2016 2 22 22 22 1
99999 2016 2 22 23 45 1
99999 2016 2 23 0 45 2
99999 2016 2 23 1 0 1
99999 2016 2 23 2 90 0
99999 2016 2 23 3 90 1
99999 2016 2 23 4 112 6
99999 2016 2 23 5 0 3
99999 2016 2 23 6 338 2
99999 2016 2 23 7 68 1
99999 2016 2 23 8 292 2
99999 2016 2 23 9 0 3
99999 2016 2 23 10 315 3
99999 2016 2 23 11 292 3
99999 2016 2 23 12 292 3
99999 2016 2 23 13 292 3
99999 2016 2 23 14 338 3
99999 2016 2 23 15 0 3
99999 2016 2 23 16 338 2
99999 2016 2 23 17 0 2
99999 2016 2 23 18 338 0
99999 2016 2 23 19 338 0
99999 2016 2 23 20 135 1
99999 2016 2 23 21 135 0
99999 2016 2 23 22 135 1
99999 2016 2 23 23 270 2
99999 2016 2 24 0 292 1
99999 2016 2 24 1 270 1
99999 2016 2 24 2 270 0
99999 2016 2 24 3 270 0
99999 2016 2 24 4 270 0
99999 2016 2 24 5 292 0
99999 2016 2 24 6 292 0
99999 2016 2 24 7 292 0
99999 2016 2 24 8 0 1
99999 2016 2 24 9 0 2
99999 2016 2 24 10 0 1
99999 2016 2 24 11 90 2
99999 2016 2 24 12 90 3
99999 2016 2 24 13 90 3
99999 2016 2 24 14 90 6
99999 2016 2 24 15 90 7
99999 2016 2 24 16 90 5
99999 2016 2 24 17 90 5
99999 2016 2 24 18 90 4
99999 2016 2 24 19 90 4
99999 2016 2 24 20 90 4
99999 2016 2 24 21 90 5
99999 2016 2 24 22 90 4
99999 2016 2 24 23 90 4
99999 2016 2 25 0 90 4
99999 2016 2 25 1 90 3
99999 2016 2 26 0 68 0
99999 2016 2 26 1 68 0
99999 2016 2 26 2 225 1
99999 2016 2 26 3 225 1
99999 2016 2 26 4 270 1
99999 2016 2 26 5 270 1
99999 2016 2 26 6 270 1
99999 2016 2 26 7 270 1
99999 2016 2 26 8 270 2
99999 2016 2 26 9 68 1
99999 2016 2 26 10 90 1
99999 2016 2 26 11 90 2
99999 2016 2 26 12 90 3
99999 2016 2 26 13 90 3
99999 2016 2 26 14 90 3
99999 2016 2 26 15 90 3
99999 2016 2 26 16 90 3
99999 2016 2 26 17 90 4
99999 2016 2 26 18 90 6
99999 2016 2 26 19 90 6
99999 2016 2 26 20 112 5
99999 2016 2 26 21 90 4
99999 2016 2 26 22 90 3
99999 2016 2 26 23 112 3
99999 2016 2 27 0 112 3
99999 2016 2 27 1 90 2
99999 2016 2 27 2 112 1
99999 2016 2 27 21 90 3
99999 2016 2 27 22 90 3
99999 2016 2 27 23 90 3
99999 2016 2 28 0 90 7
99999 2016 2 28 1 90 6
99999 2016 2 28 2 112 3
99999 2016 2 28 3 90 3
99999 2016 2 28 4 90 2
99999 2016 2 28 5 90 0
99999 2016 2 28 6 45 1
99999 2016 2 28 7 90 2
99999 2016 2 28 8 90 1
99999 2016 2 28 9 112 3
99999 2016 2 28 10 112 3
99999 2016 2 28 11 112 1
99999 2016 2 28 12 22 0
99999 2016 2 28 13 338 1
99999 2016 2 28 14 338 1
99999 2016 2 28 15 338 0
99999 2016 2 28 16 338 1
99999 2016 2 28 17 45 1
99999 2016 2 28 18 90 1
99999 2016 2 28 19 90 2
99999 2016 2 28 20 90 4
99999 2016 2 28 21 90 3
99999 2016 2 28 22 90 6
99999 2016 2 28 23 90 6
99999 2016 2 29 0 22 4
99999 2016 2 29 1 90 3
99999 2016 2 29 2 90 4
99999 2016 2 29 3 22 3
99999 2016 2 29 4 22 2
99999 2016 2 29 5 112 0
99999 2016 2 29 6 112 0
99999 2016 2 29 7 270 0
99999 2016 2 29 8 112 2
99999 2016 2 29 9 90 3
99999 2016 2 29 10 112 4
99999 2016 2 29 11 112 3
99999 2016 2 29 12 135 3
99999 2016 2 29 13 112 3
99999 2016 2 29 14 90 3
99999 2016 2 29 15 112 2
99999 2016 2 29 16 22 2
99999 2016 2 29 17 180 2
99999 2016 2 29 18 180 1
99999 2016 2 29 19 90 0
99999 2016 2 29 20 90 0
99999 2016 2 29 21 90 1
99999 2016 2 29 22 90 1
99999 2016 2 29 23 112 1
99999 2016 3 1 0 112 0
99999 2016 3 1 1 112 1
99999 2016 3 1 2 112 0
99999 2016 3 1 3 112 1
99999 2016 3 1 4 248 1
99999 2016 3 1 5 248 2
99999 2016 3 1 6 270 2
99999 2016 3 1 7 292 1
99999 2016 3 1 8 292 3
99999 2016 3 1 9 315 2
99999 2016 3 1 10 292 3
99999 2016 3 1 11 0 3
99999 2016 3 1 12 338 3
99999 2016 3 1 13 338 2
99999 2016 3 1 14 338 3
99999 2016 3 1 15 338 2
99999 2016 3 1 16 90 2
99999 2016 3 1 17 90 1
99999 2016 3 1 18 90 2
99999 2016 3 1 19 90 2
99999 2016 3 1 20 112 2
99999 2016 3 1 21 112 0
99999 2016 3 1 22 112 1
99999 2016 3 1 23 112 0
99999 2016 3 2 12 0 3
99999 2016 3 2 13 90 3
99999 2016 3 2 14 90 5
99999 2016 3 2 15 90 4
99999 2016 3 2 16 90 3
99999 2016 3 2 17 90 3
99999 2016 3 2 18 180 7
99999 2016 3 2 19 180 7
99999 2016 3 2 20 180 4
99999 2016 3 2 21 158 3
99999 2016 3 2 22 135 4
99999 2016 3 2 23 135 5
99999 2016 3 3 0 90 4
99999 2016 3 3 1 135 4
99999 2016 3 3 2 248 10
99999 2016 3 3 3 248 6
99999 2016 3 3 4 270 9
99999 2016 3 3 5 270 7
99999 2016 3 3 6 248 7
99999 2016 3 3 7 270 7
99999 2016 3 3 8 270 6
99999 2016 3 3 9 0 7
99999 2016 3 3 10 292 6
99999 2016 3 3 11 0 4
99999 2016 3 3 12 0 3
99999 2016 3 3 13 0 4
99999 2016 3 3 14 0 3
99999 2016 3 3 15 270 1
99999 2016 3 3 16 0 3
99999 2016 3 3 17 0 3
99999 2016 3 3 18 90 2
99999 2016 3 3 19 90 2
99999 2016 3 3 20 90 1
99999 2016 3 3 21 112 2
99999 2016 3 3 22 112 2
99999 2016 3 3 23 90 1
99999 2016 3 4 0 112 0
99999 2016 3 4 1 202 1
99999 2016 3 4 2 202 1
99999 2016 3 4 3 202 2
99999 2016 3 4 4 202 3
99999 2016 3 4 5 202 3
99999 2016 3 4 6 248 3
99999 2016 3 4 7 248 2
99999 2016 3 4 8 248 1
99999 2016 3 4 9 248 2
99999 2016 3 4 10 248 2
99999 2016 3 4 11 292 3
99999 2016 3 4 12 292 3
99999 2016 3 4 13 248 3
99999 2016 3 4 14 338 2
99999 2016 3 4 15 270 1
99999 2016 3 4 16 0 2
99999 2016 3 4 17 90 2
99999 2016 3 4 18 90 3
99999 2016 3 4 19 112 3
99999 2016 3 4 20 112 1
99999 2016 3 4 21 112 0
99999 2016 3 4 22 202 2
99999 2016 3 4 23 180 5
99999 2016 3 5 0 180 5
99999 2016 3 5 1 180 5
99999 2016 3 5 2 158 4
99999 2016 3 5 3 135 3
99999 2016 3 5 4 112 3
99999 2016 3 5 5 112 1
99999 2016 3 5 6 112 2
99999 2016 3 5 7 112 3
99999 2016 3 5 8 112 4
99999 2016 3 5 9 112 8
99999 2016 3 5 10 112 6
99999 2016 3 5 11 135 9
99999 2016 3 5 12 135 8
99999 2016 3 5 13 135 10
99999 2016 3 5 14 135 11
99999 2016 3 5 15 112 9
99999 2016 3 5 16 135 6
99999 2016 3 5 17 270 5
99999 2016 3 5 18 292 2
99999 2016 3 5 19 112 3
99999 2016 3 5 20 90 1
99999 2016 3 5 21 270 3
99999 2016 3 5 22 270 3
99999 2016 3 5 23 292 3
99999 2016 3 6 0 315 3
99999 2016 3 6 1 270 3
99999 2016 3 6 2 292 3
99999 2016 3 6 3 292 3
99999 2016 3 6 4 270 2
99999 2016 3 6 5 270 1
99999 2016 3 6 6 248 1
99999 2016 3 6 7 180 0
99999 2016 3 6 8 270 2
99999 2016 3 6 9 338 2
99999 2016 3 6 10 338 2
99999 2016 3 6 11 338 3
99999 2016 3 6 12 292 3
99999 2016 3 6 13 315 3
99999 2016 3 6 14 0 2
99999 2016 3 6 15 0 2
99999 2016 3 6 16 112 1
99999 2016 3 6 17 90 2
99999 2016 3 6 18 112 0
99999 2016 3 6 19 292 2
99999 2016 3 6 20 292 2
99999 2016 3 6 21 338 3
99999 2016 3 6 22 338 3
99999 2016 3 6 23 338 2
99999 2016 3 7 16 315 3
99999 2016 3 7 17 315 3
99999 2016 3 7 18 292 2
99999 2016 3 7 19 202 1
99999 2016 3 7 20 202 3
99999 2016 3 7 21 202 2
99999 2016 3 7 22 225 1
99999 2016 3 7 23 158 1
99999 2016 3 8 0 112 1
99999 2016 3 8 1 112 1
99999 2016 3 8 2 112 1
99999 2016 3 8 3 112 1
99999 2016 3 8 4 158 3
99999 2016 3 8 5 158 1
99999 2016 3 8 6 112 0
99999 2016 3 8 7 112 0
99999 2016 3 8 23 292 1
99999 2016 3 9 0 270 3
99999 2016 3 9 1 270 3
99999 2016 3 9 2 270 3
99999 2016 3 9 3 270 3
99999 2016 3 9 4 292 2
99999 2016 3 9 5 22 1
99999 2016 3 9 6 22 2
99999 2016 3 9 19 270 2
99999 2016 3 9 20 270 2
99999 2016 3 9 21 270 2
99999 2016 3 9 22 248 2
99999 2016 3 9 23 248 2
99999 2016 3 10 0 248 1
99999 2016 3 10 1 248 2
99999 2016 3 10 14 338 4
99999 2016 3 10 15 315 3
99999 2016 3 10 16 292 3
99999 2016 3 10 17 338 2
99999 2016 3 10 18 22 1
99999 2016 3 10 19 22 0
99999 2016 3 10 20 315 1
99999 2016 3 10 21 270 3
99999 2016 3 10 22 270 2
99999 2016 3 10 23 270 2
99999 2016 3 11 0 270 2
99999 2016 3 11 1 338 2
99999 2016 3 11 2 90 3
99999 2016 3 11 3 180 2
99999 2016 3 11 4 248 0
99999 2016 3 11 5 90 1
99999 2016 3 11 6 112 3
99999 2016 3 11 7 135 1
99999 2016 3 11 8 112 0
99999 2016 3 12 0 270 2
99999 2016 3 12 1 270 2
99999 2016 3 12 2 292 2
99999 2016 3 12 3 292 2
99999 2016 3 12 4 292 2
99999 2016 3 12 5 270 2
99999 2016 3 12 6 270 3
99999 2016 3 12 7 270 3
99999 2016 3 12 8 270 3
99999 2016 3 12 9 292 3
99999 2016 3 12 10 315 3
99999 2016 3 12 11 292 2
99999 2016 3 12 12 22 3
99999 2016 3 12 13 0 3
99999 2016 3 12 14 0 5
99999 2016 3 12 15 22 4
99999 2016 3 12 16 22 3
99999 2016 3 12 17 90 3
99999 2016 3 12 18 45 1
99999 2016 3 12 19 22 1
99999 2016 3 12 20 90 3
99999 2016 3 12 21 112 2
99999 2016 3 12 22 0 1
99999 2016 3 12 23 0 2
99999 2016 3 13 0 0 1
99999 2016 3 13 1 68 1
99999 2016 3 13 2 90 2
99999 2016 3 13 3 22 1
99999 2016 3 13 4 22 1
99999 2016 3 13 5 22 1
99999 2016 3 13 6 90 1
99999 2016 3 13 7 90 2
99999 2016 3 13 8 22 2
99999 2016 3 13 9 22 3
99999 2016 3 13 10 22 3
99999 2016 3 13 11 22 3
99999 2016 3 13 12 22 5
99999 2016 3 13 13 22 4
99999 2016 3 13 14 90 3
99999 2016 3 13 15 22 3
99999 2016 3 13 16 22 3
99999 2016 3 13 17 22 3
99999 2016 3 13 18 22 1
99999 2016 3 13 19 22 2
99999 2016 3 13 20 68 1
99999 2016 3 13 21 112 3
99999 2016 3 13 22 90 2
99999 2016 3 13 23 112 1
99999 2016 3 14 0 112 1
99999 2016 3 14 1 90 1
99999 2016 3 14 2 90 2
99999 2016 3 14 3 90 2
99999 2016 3 14 4 90 1
99999 2016 3 14 5 112 1
99999 2016 3 14 6 22 1
99999 2016 3 14 7 0 2
99999 2016 3 14 8 0 2
99999 2016 3 14 9 338 2
99999 2016 3 14 10 22 2
99999 2016 3 14 11 90 3
99999 2016 3 14 12 112 3
99999 2016 3 14 13 90 3
99999 2016 3 14 14 90 4
99999 2016 3 14 15 90 4
99999 2016 3 14 16 90 3
99999 2016 3 14 17 90 3
99999 2016 3 14 18 90 2
99999 2016 3 14 19 90 2
99999 2016 3 14 20 90 1
99999 2016 3 14 21 90 0
99999 2016 3 14 22 90 0
99999 2016 3 14 23 90 1
99999 2016 3 15 0 202 1
99999 2016 3 15 1 248 2
99999 2016 3 15 2 248 1
99999 2016 3 15 3 248 1
99999 2016 3 15 4 202 3
99999 2016 3 15 5 202 0
99999 2016 3 15 6 202 0
99999 2016 3 15 7 202 0
99999 2016 3 15 8 202 1
99999 2016 3 15 9 225 3
99999 2016 3 15 10 248 3
99999 2016 3 15 11 292 2
99999 2016 3 15 12 292 3
99999 2016 3 15 13 338 3
99999 2016 3 15 14 0 3
99999 2016 3 15 15 0 3
99999 2016 3 15 16 22 3
99999 2016 3 15 17 90 3
99999 2016 3 15 18 90 5
99999 2016 3 15 19 90 5
99999 2016 3 15 20 90 5
99999 2016 3 15 21 90 3
99999 2016 3 15 22 90 2
99999 2016 3 15 23 90 2
99999 2016 3 16 0 90 3
99999 2016 3 16 1 22 2
99999 2016 3 16 2 90 3
99999 2016 3 16 3 90 2
99999 2016 3 16 4 90 3
99999 2016 3 16 5 90 3
99999 2016 3 16 6 22 3
99999 2016 3 16 7 90 4
99999 2016 3 16 8 22 3
99999 2016 3 16 9 90 3
99999 2016 3 16 10 90 3
99999 2016 3 16 11 90 3
99999 2016 3 16 12 112 4
99999 2016 3 16 13 90 4
99999 2016 3 16 14 90 5
99999 2016 3 16 15 90 4
99999 2016 3 16 16 112 2
99999 2016 3 16 17 90 3
99999 2016 3 16 18 90 0
99999 2016 3 16 19 90 2
99999 2016 3 16 20 112 1
99999 2016 3 16 21 112 0
99999 2016 3 16 22 112 0
99999 2016 3 16 23 0 1
99999 2016 3 17 0 292 1
99999 2016 3 17 1 338 1
99999 2016 3 17 2 0 2
99999 2016 3 17 3 0 2
99999 2016 3 17 4 0 1
99999 2016 3 17 5 292 2
99999 2016 3 17 6 248 2
99999 2016 3 17 7 248 2
99999 2016 3 17 20 248 1
99999 2016 3 17 21 248 1
99999 2016 3 17 22 248 1
99999 2016 3 17 23 248 1
99999 2016 3 18 0 248 1
99999 2016 3 18 1 248 0
99999 2016 3 18 2 248 1
99999 2016 3 18 3 248 1
99999 2016 3 18 4 248 1
99999 2016 3 18 5 225 1
99999 2016 3 18 6 202 2
99999 2016 3 18 7 202 2
99999 2016 3 18 8 202 1
99999 2016 3 18 9 248 2
99999 2016 3 18 10 315 3
99999 2016 3 18 11 315 3
99999 2016 3 18 12 338 3
99999 2016 3 18 13 315 3
99999 2016 3 18 14 338 3
99999 2016 3 18 15 248 3
99999 2016 3 18 16 0 2
99999 2016 3 18 17 90 2
99999 2016 3 18 18 22 1
99999 2016 3 18 19 90 1
99999 2016 3 18 20 158 0
99999 2016 3 18 21 158 0
99999 2016 3 18 22 158 0
99999 2016 3 18 23 202 3
99999 2016 3 19 12 338 3
99999 2016 3 19 13 338 3
99999 2016 3 19 14 0 3
99999 2016 3 19 15 0 2
99999 2016 3 19 16 0 2
99999 2016 3 19 17 22 2
99999 2016 3 19 18 90 2
99999 2016 3 19 19 90 1
99999 2016 3 19 20 202 2
99999 2016 3 19 21 158 3
99999 2016 3 19 22 202 4
99999 2016 3 19 23 202 3
99999 2016 3 20 0 202 3
99999 2016 3 20 1 202 4
99999 2016 3 20 2 225 4
99999 2016 3 20 3 248 1
99999 2016 3 20 4 248 2
99999 2016 3 20 5 202 3
99999 2016 3 20 6 202 2
99999 2016 3 20 7 202 1
99999 2016 3 20 8 225 2
99999 2016 3 20 9 202 3
99999 2016 3 20 10 248 2
99999 2016 3 20 11 248 2
99999 2016 3 20 12 270 3
99999 2016 3 20 13 22 3
99999 2016 3 20 14 22 2
99999 2016 3 20 15 22 2
99999 2016 3 20 16 0 1
99999 2016 3 20 17 180 2
99999 2016 3 20 18 202 3
99999 2016 3 20 19 225 2
99999 2016 3 20 20 180 3
99999 2016 3 20 21 202 3
99999 2016 3 20 22 202 3
99999 2016 3 20 23 202 4
99999 2016 3 21 0 202 3
99999 2016 3 21 1 202 3
99999 2016 3 21 2 202 3
99999 2016 3 21 3 225 1
99999 2016 3 21 4 225 1
99999 2016 3 21 17 90 2
99999 2016 3 21 18 90 3
99999 2016 3 21 19 90 3
99999 2016 3 21 20 90 1
99999 2016 3 21 21 90 1
99999 2016 3 21 22 90 2
99999 2016 3 21 23 90 3
