16862	2016	3	2	0	0	0	112.5
16862	2016	3	2	1	0	0.447	157.5
16862	2016	3	2	2	0	0.447	135
16862	2016	3	2	3	0	0	135
16862	2016	3	2	4	0	0	135
16862	2016	3	2	5	0	0	135
16862	2016	3	2	6	0	0	135
16862	2016	3	2	7	0	0.447	292.5
16862	2016	3	2	8	0	0.447	247.5
16862	2016	3	2	9	0	0.447	247.5
16862	2016	3	2	10	0	0.447	90
16862	2016	3	2	11	0	0.447	0
16867	2016	3	7	0	0	0.894	337.5
16867	2016	3	7	1	0	0.894	315
16867	2016	3	7	2	0	1.341	292.5
16867	2016	3	7	3	0	0.894	337.5
16867	2016	3	7	4	0	1.788	337.5
16867	2016	3	7	5	0	1.341	337.5
16867	2016	3	7	6	0	0.894	315
16867	2016	3	7	7	0	0.894	292.5
16867	2016	3	7	8	0	1.341	292.5
16867	2016	3	7	9	0	1.341	315
16867	2016	3	7	10	0	0.894	315
16867	2016	3	7	11	0	1.341	292.5
16868	2016	3	7	12	0	1.341	315
16868	2016	3	7	13	0	1.341	315
16868	2016	3	7	14	0	1.788	292.5
16868	2016	3	7	15	0	1.341	315
16868	2016	3	8	8	0	0.447	112.5
16868	2016	3	8	9	0	0.894	112.5
16868	2016	3	8	10	0	0.894	270
16868	2016	3	8	11	0	1.341	270
16868	2016	3	8	12	0	0.447	292.5
16869	2016	3	8	13	0	0.447	292.5
16869	2016	3	8	14	0	0.447	292.5
16869	2016	3	8	15	0	0.894	0
16869	2016	3	8	16	0	1.341	0
16869	2016	3	8	17	0	1.341	292.5
16869	2016	3	8	18	0	1.341	315
16869	2016	3	8	19	0	0.894	315
16869	2016	3	8	20	0	0.894	202.5
16869	2016	3	8	21	0	0.894	247.5
16869	2016	3	8	22	0	0.894	225
16869	2016	3	9	7	0	0.894	22.5
16869	2016	3	9	8	0	1.788	0
16869	2016	3	9	9	0	1.788	0
16869	2016	3	9	10	0	1.341	0
16869	2016	3	9	11	0	1.341	0
16870	2016	3	9	12	0	1.788	270
16870	2016	3	9	13	0	1.788	270
16870	2016	3	9	14	0	1.788	0
16870	2016	3	9	15	0	1.788	270
16870	2016	3	9	16	0	1.788	270
16870	2016	3	9	17	0	1.788	270
16870	2016	3	9	18	0	1.341	292.5
16870	2016	3	10	2	0	1.341	270
16870	2016	3	10	3	0	1.341	270
16870	2016	3	10	4	0	1.341	292.5
16870	2016	3	10	5	0	1.341	292.5
16870	2016	3	10	6	0	1.341	270
16870	2016	3	10	7	0	1.341	270
16870	2016	3	10	8	0	1.341	270
16870	2016	3	10	9	0	1.788	270
16870	2016	3	10	10	0	2.235	292.5
16870	2016	3	10	11	0	2.235	292.5
16870	2016	3	10	12	0	2.235	315
16871	2016	3	10	13	0	1.788	337.5
16871	2016	3	11	9	0	0.447	45
16871	2016	3	11	10	0	0.894	0
16871	2016	3	11	11	0	0.894	337.5
16872	2016	3	11	12	0	1.341	337.5
16872	2016	3	11	13	0	0.894	292.5
16872	2016	3	11	14	0	0.894	315
16872	2016	3	11	15	0	0.447	315
16872	2016	3	11	16	0	0.447	247.5
16872	2016	3	11	17	0	0.894	247.5
16872	2016	3	11	18	0	0.894	247.5
16872	2016	3	11	19	0	1.341	270
16872	2016	3	11	20	0	0.894	292.5
16872	2016	3	11	21	0	1.341	270
16872	2016	3	11	22	0	0.894	270
16872	2016	3	11	23	0	0.894	270
16877	2016	3	17	8	0	1.341	270
16877	2016	3	17	9	0	1.788	292.5
16877	2016	3	17	10	0	1.341	270
16877	2016	3	17	11	0	1.788	315
16878	2016	3	17	12	0	1.788	247.5
16878	2016	3	17	13	0	1.788	337.5
16878	2016	3	17	14	0	0.894	337.5
16878	2016	3	17	15	0	0.894	270
16878	2016	3	17	16	0	0.894	22.5
16878	2016	3	17	17	0	0.894	337.5
16878	2016	3	17	18	0	0.894	292.5
16878	2016	3	17	19	0	1.341	270
16879	2016	3	19	0	0	0.447	202.5
16879	2016	3	19	1	0	0.894	225
16879	2016	3	19	2	0	0.894	202.5
16879	2016	3	19	3	0	0.447	202.5
16879	2016	3	19	4	0	1.341	202.5
16879	2016	3	19	5	0	1.341	202.5
16879	2016	3	19	6	0	0.894	202.5
16879	2016	3	19	7	0	0.894	202.5
16879	2016	3	19	8	0	0.894	202.5
16879	2016	3	19	9	0	0.894	247.5
16879	2016	3	19	10	0	1.341	292.5
16879	2016	3	19	11	0	0.894	337.5
16881	2016	3	21	5	0	0	337.5
16881	2016	3	21	6	0	0.447	337.5
16881	2016	3	21	7	0	0	337.5
16881	2016	3	21	8	0	0.447	337.5
16881	2016	3	21	9	0	0.447	337.5
16881	2016	3	21	10	0	0.894	337.5
16881	2016	3	21	11	0	0.894	337.5
16882	2016	3	21	12	0	0.894	90
16882	2016	3	21	13	0	0.894	0
16882	2016	3	21	14	0	0.894	90
16882	2016	3	21	15	0	0.894	90
16882	2016	3	21	16	0	0.447	90
16882	2016	3	22	0	0	0	135
16882	2016	3	22	1	0	0.447	90
16882	2016	3	22	2	0	0	112.5
16882	2016	3	22	3	0	0.447	180
16882	2016	3	22	4	0	0.447	270
16882	2016	3	22	5	0	0.894	270
16882	2016	3	22	6	0	0.894	292.5
16882	2016	3	22	7	0	0.894	292.5
16882	2016	3	22	8	0	0.447	292.5
16882	2016	3	22	9	0	0.447	292.5
16882	2016	3	22	10	0	0.447	292.5
16882	2016	3	22	11	0	0.447	292.5
16882	2016	3	22	12	0	0	292.5
16883	2016	3	22	13	0	0.447	292.5
16885	2016	3	25	2	0	0.447	112.5
16885	2016	3	25	3	0	0.447	112.5
16885	2016	3	25	4	0	0.894	90
16885	2016	3	25	5	0	1.341	112.5
16885	2016	3	25	6	0	0.447	67.5
16885	2016	3	25	7	0	0.447	67.5
16885	2016	3	25	8	0	0.894	337.5
16885	2016	3	25	9	0	0.894	337.5
16885	2016	3	25	10	0	0.894	337.5
16885	2016	3	25	11	0	1.341	337.5
16886	2016	3	25	12	0	1.341	22.5
16886	2016	3	25	13	0	0.894	337.5
16886	2016	3	26	6	0	0.447	247.5
16886	2016	3	26	7	0	0.894	247.5
16886	2016	3	26	8	0	1.341	247.5
16886	2016	3	26	9	0	0.894	292.5
16886	2016	3	26	10	0	1.341	292.5
16886	2016	3	26	11	0	0.894	315
16886	2016	3	26	12	0	1.341	337.5
16887	2016	3	26	13	0	1.341	337.5
16887	2016	3	26	14	0	1.341	315
16887	2016	3	26	15	0	1.341	0
16887	2016	3	26	16	0	1.341	0
16887	2016	3	26	17	0	0.894	90
16887	2016	3	26	18	0	1.788	90
16887	2016	3	26	19	0	1.341	90
16888	2016	3	28	0	0	0.447	67.5
16888	2016	3	28	1	0	0.894	0
16888	2016	3	28	2	0	0.447	292.5
16888	2016	3	28	3	0	0.447	292.5
16888	2016	3	28	4	0	0.447	337.5
16888	2016	3	28	5	0	0.447	337.5
16888	2016	3	28	6	0	0.447	337.5
16888	2016	3	28	7	0	0.447	112.5
16888	2016	3	28	8	0	0.894	90
16888	2016	3	28	9	0	0.894	90
16888	2016	3	28	10	0	0.894	90
16888	2016	3	28	11	0	0.894	112.5
16888	2016	3	28	12	0	1.341	90
16889	2016	3	28	13	0	0.894	112.5
16889	2016	3	28	14	0	1.341	0
16889	2016	3	28	15	0	0.894	0
16889	2016	3	28	16	0	1.341	0
16889	2016	3	28	17	0	0.894	0
16889	2016	3	28	18	0	1.341	337.5
16889	2016	3	28	19	0	0.894	337.5
16889	2016	3	28	20	0	0.447	315
16889	2016	3	28	21	0	0.447	315
16889	2016	3	28	22	0	0.447	247.5
16889	2016	3	28	23	0	0.894	225
16892	2016	4	1	12	0	0.894	292.5
16893	2016	4	1	13	0	0.447	337.5
16893	2016	4	1	14	0	0.447	337.5
16893	2016	4	1	15	0	0.894	337.5
16893	2016	4	1	16	0	0.447	67.5
16893	2016	4	1	17	0	0.447	90
16893	2016	4	1	18	0	0.447	157.5
16893	2016	4	1	19	0	0.447	337.5
16893	2016	4	1	20	0	0.894	337.5
16893	2016	4	1	21	0	0.447	337.5
16893	2016	4	1	22	0	0	337.5
16893	2016	4	1	23	0	0.447	337.5
16893	2016	4	2	1	0	0	337.5
16893	2016	4	2	2	0	0.447	337.5
16893	2016	4	2	3	0	0.447	45
16893	2016	4	2	4	0	0.447	45
16893	2016	4	2	5	0	0.447	45
16893	2016	4	2	6	0	0.447	67.5
16893	2016	4	2	7	0	0.894	90
16893	2016	4	2	8	0	0.447	90
16893	2016	4	2	9	0	0	90
16893	2016	4	2	10	0	0.894	45
16893	2016	4	2	11	0	0.894	337.5
16894	2016	4	2	12	0	0.447	0
16894	2016	4	2	13	0	0.894	22.5
16894	2016	4	2	14	0	0.894	112.5
16894	2016	4	2	15	0	0.894	90
16894	2016	4	2	16	0	0.894	90
16894	2016	4	2	17	0	1.341	112.5
16894	2016	4	2	18	0	0.894	90
16894	2016	4	2	19	0	0.894	90
16894	2016	4	2	20	0	0.894	90
16894	2016	4	2	21	0	0.894	90
16894	2016	4	3	0	0	0	90
16894	2016	4	3	1	0	0	90
16894	2016	4	3	2	0	0	90
16894	2016	4	3	3	0	0.447	90
16894	2016	4	3	4	0	0.447	90
16894	2016	4	3	5	0	0.447	90
16894	2016	4	3	6	0	0.447	90
16894	2016	4	3	7	0	0	90
16894	2016	4	3	8	0	0	90
16894	2016	4	3	9	0	0.447	225
16894	2016	4	3	10	0	0.894	270
16894	2016	4	3	11	0	0.447	270
16894	2016	4	3	12	0	0.447	292.5
16895	2016	4	3	13	0	0.447	45
16895	2016	4	4	2	0	0.447	112.5
16895	2016	4	4	3	0	1.341	90
16895	2016	4	4	4	0	0.894	90
16895	2016	4	4	5	0	0.894	90
16895	2016	4	4	6	0	0.894	90
16895	2016	4	4	7	0	1.341	90
16895	2016	4	4	8	0	1.341	90
16895	2016	4	4	9	0	0.894	90
16895	2016	4	4	10	0	0.447	90
16895	2016	4	4	11	0	0.447	0
16896	2016	4	4	12	0	0.447	337.5
16896	2016	4	4	13	0	0.894	0
16897	2016	4	6	0	0	0.894	270
16897	2016	4	6	1	0	0.894	270
16897	2016	4	6	2	0	0.447	270
16897	2016	4	6	3	0	0.894	270
16897	2016	4	6	4	0	0.894	270
16897	2016	4	6	5	0	0.447	270
16897	2016	4	6	6	0	0.447	270
16897	2016	4	6	7	0	0.894	270
16897	2016	4	6	8	0	0.894	270
16897	2016	4	6	9	0	0.894	270
16897	2016	4	6	10	0	0.447	292.5
16897	2016	4	6	11	0	0.447	292.5
16898	2016	4	6	12	0	0.894	315
16898	2016	4	6	13	0	0.894	0
16898	2016	4	6	14	0	0.894	22.5
16898	2016	4	6	15	0	0.894	22.5
16898	2016	4	6	16	0	0.894	90
16898	2016	4	6	17	0	0.894	22.5
16898	2016	4	7	2	0	0.447	90
16898	2016	4	7	3	0	0.447	90
16898	2016	4	7	4	0	1.341	90
16898	2016	4	7	5	0	1.341	90
16898	2016	4	7	6	0	0.447	90
16898	2016	4	7	7	0	0.894	90
16898	2016	4	7	8	0	0.447	90
16898	2016	4	7	9	0	0.447	90
16898	2016	4	7	10	0	0.447	90
16898	2016	4	7	11	0	0.447	90
16898	2016	4	7	12	0	0.894	22.5
16899	2016	4	7	13	0	0.894	90
16899	2016	4	7	14	0	0.447	45
16899	2016	4	7	15	0	1.341	90
16899	2016	4	7	16	0	0.894	90
16899	2016	4	8	1	0	0.447	90
16899	2016	4	8	2	0	1.341	90
16899	2016	4	8	3	0	1.341	90
16899	2016	4	8	4	0	1.341	90
16899	2016	4	8	5	0	0.447	112.5
16899	2016	4	8	6	0	0.447	90
16899	2016	4	8	7	0	0.447	157.5
16899	2016	4	8	8	0	0.894	0
16899	2016	4	8	9	0	1.341	0
16899	2016	4	8	10	0	1.341	0
16899	2016	4	8	11	0	1.341	0
16900	2016	4	8	12	0	0.894	337.5
16900	2016	4	8	13	0	1.341	247.5
16900	2016	4	8	14	0	0.894	315
16900	2016	4	8	15	0	0.894	292.5
16900	2016	4	8	16	0	0.894	315
16903	2016	4	12	8	0	0.894	292.5
16903	2016	4	12	9	0	0.894	292.5
16903	2016	4	12	10	0	1.788	202.5
16903	2016	4	12	11	0	1.341	202.5
16904	2016	4	12	12	0	0.894	180
16904	2016	4	12	13	0	1.341	180
16904	2016	4	12	14	0	1.341	247.5
16904	2016	4	12	15	0	1.341	22.5
16904	2016	4	12	16	0	1.341	45
16904	2016	4	12	17	0	1.341	22.5
16904	2016	4	12	18	0	1.341	22.5
16904	2016	4	12	19	0	1.341	22.5
16906	2016	4	15	7	0	0.894	292.5
16906	2016	4	15	8	0	0.894	292.5
16906	2016	4	15	9	0	1.341	292.5
16906	2016	4	15	10	0	0.894	337.5
16906	2016	4	15	11	0	1.341	315
16906	2016	4	15	12	0	1.788	0
16907	2016	4	15	13	0	1.788	337.5
16907	2016	4	15	14	0	0.894	22.5
16907	2016	4	15	15	0	1.341	112.5
16907	2016	4	15	16	0	1.341	22.5
16907	2016	4	15	17	0	1.341	0
16907	2016	4	15	18	0	1.341	0
16919	2016	4	28	0	0	0.894	22.5
16919	2016	4	28	1	0	1.341	90
16919	2016	4	28	2	0	0.894	90
16919	2016	4	28	3	0	0.894	112.5
16919	2016	4	28	4	0	0.447	112.5
16919	2016	4	28	5	0	0.894	0
16919	2016	4	28	6	0	0.894	0
16919	2016	4	28	7	0	0.894	337.5
16919	2016	4	28	8	0	0.894	337.5
16919	2016	4	28	9	0	0.447	90
16919	2016	4	28	10	0	0.447	90
16919	2016	4	28	11	0	0.894	337.5
16920	2016	4	28	12	0	0.894	90
16920	2016	4	28	13	0	0.894	22.5
16920	2016	4	29	2	0	0.894	90
16920	2016	4	29	3	0	0.447	90
16920	2016	4	29	4	0	0.894	90
16920	2016	4	29	5	0	0.447	90
16920	2016	4	29	6	0	0.447	45
16920	2016	4	29	7	0	0.447	0
16920	2016	4	29	8	0	1.341	0
16920	2016	4	29	9	0	0.447	0
16920	2016	4	29	10	0	0.447	337.5
16920	2016	4	29	11	0	0.447	292.5
16920	2016	4	29	12	0	0.447	337.5
16921	2016	4	29	13	0	0.894	112.5
16921	2016	4	29	14	0	0.894	112.5
16921	2016	4	29	15	0	1.341	90
16921	2016	4	29	16	0	1.341	22.5
16921	2016	4	29	17	0	0.894	112.5
16921	2016	4	29	18	0	0.894	90
16923	2016	5	2	3	0	1.788	270
16923	2016	5	2	4	0	1.788	270
16923	2016	5	2	5	0	1.788	270
16923	2016	5	2	6	0	1.341	270
16923	2016	5	2	7	0	1.788	292.5
16923	2016	5	2	8	0	1.788	0
16923	2016	5	2	9	0	1.341	0
16923	2016	5	2	10	0	1.341	0
16923	2016	5	2	11	0	1.341	0
16924	2016	5	2	12	0	1.341	315
16924	2016	5	2	13	0	2.235	337.5
16924	2016	5	2	14	0	1.788	337.5
16924	2016	5	2	15	0	1.341	292.5
16924	2016	5	2	16	0	1.341	270
16924	2016	5	2	17	0	1.788	270
16924	2016	5	3	8	0	1.788	270
16924	2016	5	3	9	0	1.788	270
16924	2016	5	3	10	0	1.788	270
16924	2016	5	3	11	0	1.341	270
16924	2016	5	3	12	0	1.341	270
16925	2016	5	3	13	0	1.341	0
16925	2016	5	3	14	0	0.894	337.5
16925	2016	5	3	15	0	1.341	135
16925	2016	5	3	16	0	1.788	112.5
16925	2016	5	3	17	0	1.788	90
16925	2016	5	3	18	0	1.788	112.5
16925	2016	5	3	19	0	1.341	135
16927	2016	5	6	7	0	0.894	247.5
16927	2016	5	6	8	0	1.341	247.5
16927	2016	5	6	9	0	1.341	315
16927	2016	5	6	10	0	1.341	270
16927	2016	5	6	11	0	1.341	337.5
16928	2016	5	6	12	0	0.894	337.5
16928	2016	5	6	13	0	0.894	0
16928	2016	5	6	14	0	1.788	0
16928	2016	5	6	15	0	1.341	112.5
16928	2016	5	6	16	0	1.341	90
16928	2016	5	6	17	0	1.341	112.5
16928	2016	5	6	18	0	1.341	90
16928	2016	5	6	19	0	1.341	112.5
16941	2016	5	20	0	0	1.788	292.5
16941	2016	5	20	1	0	1.341	270
16941	2016	5	20	2	0	1.341	270
16941	2016	5	20	3	0	1.788	270
16941	2016	5	20	4	0	1.788	315
16941	2016	5	20	5	0	1.788	292.5
16941	2016	5	20	6	0	1.788	292.5
16941	2016	5	20	7	0	1.788	292.5
16941	2016	5	20	8	0	2.235	270
16941	2016	5	20	9	0	2.235	270
16941	2016	5	20	10	0	1.788	292.5
16941	2016	5	20	11	0	1.788	337.5
16942	2016	5	20	12	0	1.788	0
16942	2016	5	20	13	0	1.788	0
17232	2017	3	7	1	0	2.235	337.5
17232	2017	3	7	2	0	1.788	337.5
17232	2017	3	7	3	0	1.788	292.5
17232	2017	3	7	4	0	1.341	292.5
17232	2017	3	7	5	0	1.788	292.5
17232	2017	3	7	6	0	1.788	292.5
17232	2017	3	7	7	0	1.341	315
17232	2017	3	7	8	0	1.788	270
17232	2017	3	7	9	0	2.235	270
17232	2017	3	7	10	0	1.788	270
17232	2017	3	7	11	0	2.235	270
17232	2017	3	7	12	0	1.788	270
17233	2017	3	7	13	0	1.788	337.5
17233	2017	3	7	14	0	1.788	292.5
17233	2017	3	8	4	0	1.341	270
17233	2017	3	8	5	0	0.894	270
17233	2017	3	8	6	0	0.894	270
17233	2017	3	8	7	0	0.894	270
17233	2017	3	8	8	0	0.894	270
17233	2017	3	8	9	0	1.788	270
17233	2017	3	8	10	0	1.788	270
17233	2017	3	8	11	0	1.341	315
17234	2017	3	8	12	0	1.341	337.5
17234	2017	3	8	13	0	1.341	337.5
17234	2017	3	8	14	0	1.788	337.5
17234	2017	3	8	15	0	1.341	0
17234	2017	3	8	16	0	1.341	22.5
17239	2017	3	14	0	0	0.447	202.5
17239	2017	3	14	1	0	0.894	157.5
17239	2017	3	14	2	0	0.894	157.5
17239	2017	3	14	3	0	0.447	180
17239	2017	3	14	4	0	0.447	202.5
17239	2017	3	14	5	0	0.894	180
17239	2017	3	14	6	0	0.447	202.5
17239	2017	3	14	7	0	0.447	180
17239	2017	3	14	8	0	0.447	337.5
17239	2017	3	14	9	0	1.341	247.5
17239	2017	3	14	10	0	0.894	315
17239	2017	3	14	11	0	0.894	337.5
17240	2017	3	14	12	0	1.341	0
17240	2017	3	14	13	0	1.341	0
17240	2017	3	14	14	0	0.894	292.5
17240	2017	3	14	15	0	0.894	337.5
17240	2017	3	14	16	0	0.894	90
17241	2017	3	16	9	0	0.894	337.5
17241	2017	3	16	10	0	0.894	270
17241	2017	3	16	11	0	0.894	0
17242	2017	3	16	12	0	0.894	0
17242	2017	3	16	13	0	0.894	90
17242	2017	3	16	14	0	0.894	315
17242	2017	3	16	15	0	0.894	0
17242	2017	3	16	16	0	0.894	90
17242	2017	3	16	17	0	0.894	112.5
17242	2017	3	16	18	0	0.894	90
17242	2017	3	16	19	0	1.341	90
17242	2017	3	16	20	0	0.894	90
17245	2017	3	20	5	0	0.447	90
17245	2017	3	20	6	0	0.447	90
17245	2017	3	20	7	0	0.447	90
17245	2017	3	20	8	0	0.447	0
17245	2017	3	20	9	0	0.894	67.5
17245	2017	3	20	10	0	0.894	337.5
17245	2017	3	20	11	0	1.341	337.5
17246	2017	3	20	12	0	1.341	0
17246	2017	3	20	13	0	1.341	337.5
17246	2017	3	20	14	0	1.341	0
17246	2017	3	20	15	0	1.341	22.5
17246	2017	3	20	16	0	0.894	0
17246	2017	3	20	17	0	0.894	112.5
17249	2017	3	24	0	0	0.447	337.5
17249	2017	3	24	1	0	0.447	337.5
17249	2017	3	24	2	0	0.447	90
17249	2017	3	24	3	0	0	90
17249	2017	3	24	4	0	0.894	337.5
17249	2017	3	24	5	0	0.447	337.5
17249	2017	3	24	6	0	0.894	90
17249	2017	3	24	7	0	0	90
17249	2017	3	24	8	0	0.447	90
17249	2017	3	24	9	0	0	90
17249	2017	3	24	10	0	0.447	337.5
17249	2017	3	24	11	0	0.447	0
17258	2017	4	2	3	0	0.894	315
17258	2017	4	2	4	0	0.894	247.5
17258	2017	4	2	5	0	0.894	292.5
17258	2017	4	2	6	0	0.894	315
17258	2017	4	2	7	0	0.894	315
17258	2017	4	2	8	0	0.894	315
17258	2017	4	2	9	0	0.894	292.5
17258	2017	4	2	10	0	1.341	270
17258	2017	4	2	11	0	1.341	292.5
17258	2017	4	2	12	0	1.341	270
17259	2017	4	2	13	0	1.341	270
17259	2017	4	2	14	0	0.894	270
17259	2017	4	2	15	0	0.894	337.5
17259	2017	4	2	16	0	1.788	90
17259	2017	4	2	17	0	1.341	22.5
17259	2017	4	2	18	0	1.341	22.5
17261	2017	4	5	0	0	0.894	135
17261	2017	4	5	1	0	1.341	112.5
17261	2017	4	5	2	0	0.894	112.5
17261	2017	4	5	3	0	0.447	112.5
17261	2017	4	5	4	0	1.341	315
17261	2017	4	5	5	0	0.894	0
17261	2017	4	5	6	0	1.341	337.5
17261	2017	4	5	7	0	0.894	337.5
17261	2017	4	5	8	0	1.341	337.5
17261	2017	4	5	9	0	0.894	337.5
17261	2017	4	5	10	0	0.894	0
17261	2017	4	5	11	0	0.894	112.5
17262	2017	4	5	12	0	0.447	22.5
17262	2017	4	5	13	0	0.894	0
17262	2017	4	5	14	0	0.894	0
17262	2017	4	5	15	0	0.894	337.5
17262	2017	4	5	16	0	1.341	337.5
17262	2017	4	5	17	0	1.341	270
17262	2017	4	5	18	0	1.341	270
17262	2017	4	5	19	0	1.341	270
17262	2017	4	5	20	0	0.894	270
17272	2017	4	16	2	0	0.447	180
17272	2017	4	16	3	0	0.894	315
17272	2017	4	16	4	0	0.894	270
17272	2017	4	16	5	0	0.447	225
17272	2017	4	16	6	0	0.894	202.5
17272	2017	4	16	7	0	0.894	202.5
17272	2017	4	16	8	0	0.894	247.5
17272	2017	4	16	9	0	0.894	270
17272	2017	4	16	10	0	0.894	315
17272	2017	4	16	11	0	1.341	292.5
17272	2017	4	16	12	0	1.341	337.5
17273	2017	4	16	13	0	0.894	0
17273	2017	4	16	14	0	1.341	337.5
17273	2017	4	16	15	0	1.341	0
17273	2017	4	16	16	0	1.341	270
17273	2017	4	16	17	0	1.341	247.5
17273	2017	4	16	18	0	1.341	337.5
17273	2017	4	16	19	0	1.341	270
17273	2017	4	16	20	0	0.447	270
17273	2017	4	16	21	0	0.447	270
17273	2017	4	16	22	0	0.894	112.5
17278	2017	4	22	1	0	0.447	157.5
17278	2017	4	22	2	0	0.447	202.5
17278	2017	4	22	3	0	0.447	157.5
17278	2017	4	22	4	0	0.894	225
17278	2017	4	22	5	0	1.341	202.5
17278	2017	4	22	6	0	1.341	202.5
17278	2017	4	22	7	0	0.447	225
17278	2017	4	22	8	0	0.447	270
17278	2017	4	22	9	0	0.447	247.5
17278	2017	4	22	10	0	1.341	337.5
17278	2017	4	22	11	0	0.447	0
17278	2017	4	22	12	0	0.894	337.5
17280	2017	4	24	10	0	1.341	337.5
17280	2017	4	24	11	0	1.341	337.5
17280	2017	4	24	12	0	0.894	337.5
17281	2017	4	24	13	0	1.341	337.5
17281	2017	4	24	14	0	1.341	337.5
17281	2017	4	24	15	0	1.341	337.5
17281	2017	4	24	16	0	1.341	0
17281	2017	4	24	17	0	1.341	0
17281	2017	4	24	18	0	1.341	337.5
17281	2017	4	24	19	0	1.788	0
17281	2017	4	24	20	0	1.341	0
17281	2017	4	24	21	0	1.341	90
17281	2017	4	24	22	0	1.341	112.5
17285	2017	4	29	1	0	1.341	247.5
17285	2017	4	29	2	0	0.894	247.5
17285	2017	4	29	3	0	0.894	270
17285	2017	4	29	4	0	1.788	270
17285	2017	4	29	5	0	1.341	292.5
17285	2017	4	29	6	0	0.894	315
17285	2017	4	29	7	0	1.788	270
17285	2017	4	29	8	0	1.788	270
17285	2017	4	29	9	0	1.341	292.5
17285	2017	4	29	10	0	1.341	315
17285	2017	4	29	11	0	1.788	337.5
17286	2017	4	29	12	0	1.341	337.5
17286	2017	4	29	13	0	1.788	90
17286	2017	4	29	14	0	1.788	112.5
17286	2017	4	29	15	0	1.341	112.5
17286	2017	4	29	16	0	1.788	90
17286	2017	4	29	17	0	1.788	90
17286	2017	4	29	18	0	1.788	90
17290	2017	5	4	2	0	0.894	180
17290	2017	5	4	3	0	0.447	202.5
17290	2017	5	4	4	0	0	202.5
17290	2017	5	4	5	0	0	180
17290	2017	5	4	6	0	0.447	180
17290	2017	5	4	7	0	0.894	202.5
17290	2017	5	4	8	0	0	180
17290	2017	5	4	9	0	0.447	180
17290	2017	5	4	10	0	0.447	22.5
17290	2017	5	4	11	0	0.894	22.5
17290	2017	5	4	12	0	0.894	112.5
17291	2017	5	4	13	0	0.447	292.5
17291	2017	5	4	14	0	0.447	270
17291	2017	5	4	15	0	0.894	90
17291	2017	5	4	16	0	0.894	337.5
17291	2017	5	4	17	0	0.447	202.5
17291	2017	5	4	18	0	0.447	135
17291	2017	5	4	19	0	0.894	90
17291	2017	5	4	20	0	0.894	112.5
17291	2017	5	4	21	0	0.447	90
17291	2017	5	5	9	0	1.341	270
17291	2017	5	5	10	0	1.788	315
17291	2017	5	5	11	0	1.788	315
17292	2017	5	5	12	0	1.788	315
17292	2017	5	5	13	0	1.341	270
17292	2017	5	5	14	0	1.341	270
17292	2017	5	5	15	0	0.894	337.5
17292	2017	5	5	16	0	1.341	337.5
17292	2017	5	5	17	0	0.894	90
17292	2017	5	5	18	0	0.894	22.5
17292	2017	5	5	19	0	0.894	22.5
17292	2017	5	5	20	0	1.341	90
17297	2017	5	11	0	0	0.894	90
17297	2017	5	11	1	0	0.894	90
17297	2017	5	11	2	0	0.894	90
17297	2017	5	11	3	0	0.894	112.5
17297	2017	5	11	4	0	0.894	90
17297	2017	5	11	5	0	0.894	112.5
17297	2017	5	11	6	0	1.341	90
17297	2017	5	11	7	0	0.894	90
17297	2017	5	11	8	0	0.447	90
17297	2017	5	11	9	0	0.447	90
17297	2017	5	11	10	0	0.894	112.5
17297	2017	5	11	11	0	0.894	112.5
17298	2017	5	11	12	0	0.894	90
17301	2017	5	15	8	0	1.788	315
17301	2017	5	15	9	0	1.341	292.5
17301	2017	5	15	10	0	1.341	337.5
17301	2017	5	15	11	0	1.341	0
17302	2017	5	15	12	0	0.894	45
17302	2017	5	15	13	0	1.788	315
17302	2017	5	15	14	0	1.788	0
17302	2017	5	15	15	0	1.788	0
17302	2017	5	15	16	0	1.788	0
17302	2017	5	15	17	0	1.341	0
17302	2017	5	15	18	0	1.341	0
17302	2017	5	15	19	0	1.341	22.5
17306	2017	5	20	2	0	0.894	247.5
17306	2017	5	20	3	0	1.341	270
17306	2017	5	20	4	0	1.341	270
17306	2017	5	20	5	0	0.894	270
17306	2017	5	20	6	0	0.894	337.5
17306	2017	5	20	7	0	1.341	270
17306	2017	5	20	8	0	0.894	292.5
17306	2017	5	20	9	0	0.894	270
17306	2017	5	20	10	0	1.341	337.5
17306	2017	5	20	11	0	1.341	90
17306	2017	5	20	12	0	1.341	112.5
17307	2017	5	20	13	0	1.341	0
17310	2017	5	24	8	0	0.894	225
17310	2017	5	24	9	0	1.341	270
17310	2017	5	24	10	0	1.341	247.5
17310	2017	5	24	11	0	0.894	247.5
17310	2017	5	24	12	0	1.341	270
17311	2017	5	24	13	0	1.341	292.5
17311	2017	5	24	14	0	1.788	315
17311	2017	5	24	15	0	1.341	337.5
17311	2017	5	24	16	0	1.341	315
17311	2017	5	24	17	0	1.341	270
17311	2017	5	24	18	0	1.341	292.5
17311	2017	5	24	19	0	1.341	337.5
17316	2017	5	29	12	0	2.235	90
17316	2017	5	29	13	0	2.682	112.5
17316	2017	5	29	14	0	2.235	90
17316	2017	5	29	15	0	2.235	90
17316	2017	5	29	16	0	2.235	90
17316	2017	5	29	17	0	2.682	90
17316	2017	5	29	18	0	2.682	90
17316	2017	5	29	19	0	2.682	90
17316	2017	5	29	20	0	2.235	90
17316	2017	5	29	21	0	2.235	90
17316	2017	5	29	22	0	1.788	90
17316	2017	5	29	23	0	2.235	90
17317	2017	5	31	4	0	1.788	202.5
17317	2017	5	31	5	0	0.894	202.5
17317	2017	5	31	6	0	0.894	225
17317	2017	5	31	7	0	0.894	247.5
17317	2017	5	31	8	0	1.341	270
17317	2017	5	31	9	0	1.341	270
17317	2017	5	31	10	0	1.788	270
17317	2017	5	31	11	0	1.341	315
17318	2017	5	31	12	0	1.788	337.5
17318	2017	5	31	13	0	1.341	0
17318	2017	5	31	14	0	1.341	0
17318	2017	5	31	15	0	1.341	22.5
17318	2017	5	31	16	0	1.341	90
17591	2018	3	1	2	0	1.341	22.5
17591	2018	3	1	3	0	0.894	22.5
17591	2018	3	1	4	0	0.894	22.5
17591	2018	3	1	5	0	1.341	0
17591	2018	3	1	6	0	1.341	0
17591	2018	3	1	7	0	0.894	22.5
17591	2018	3	1	8	0	0.894	0
17591	2018	3	1	9	0	1.341	337.5
17591	2018	3	1	10	0	0.894	315
17591	2018	3	1	11	0	0.894	315
17592	2018	3	1	12	0	0.894	292.5
17592	2018	3	1	13	0	1.341	292.5
17592	2018	3	1	14	0	1.788	292.5
17592	2018	3	1	15	0	1.788	292.5
17592	2018	3	1	16	0	1.788	292.5
17592	2018	3	1	17	0	1.341	292.5
17592	2018	3	2	0	0	0.894	292.5
17592	2018	3	2	1	0	0.894	315
17592	2018	3	2	2	0	1.341	270
17592	2018	3	2	3	0	1.341	270
17592	2018	3	2	4	0	0.894	292.5
17592	2018	3	2	5	0	1.341	292.5
17592	2018	3	2	6	0	1.341	270
17592	2018	3	2	7	0	0.894	315
17592	2018	3	2	8	0	1.341	270
17592	2018	3	2	9	0	0.894	270
17592	2018	3	2	10	0	0.894	315
17592	2018	3	2	11	0	0.894	315
17592	2018	3	2	12	0	0.894	337.5
17593	2018	3	2	13	0	0.894	315
17593	2018	3	2	14	0	0.894	315
17593	2018	3	2	15	0	1.341	292.5
17593	2018	3	2	16	0	0.894	315
17593	2018	3	2	17	0	1.341	292.5
17593	2018	3	2	18	0	0.894	292.5
17593	2018	3	2	19	0	1.788	270
17593	2018	3	2	20	0	1.788	247.5
17593	2018	3	2	21	0	1.341	270
17594	2018	3	4	9	0	0.894	0
17594	2018	3	4	10	0	0.894	315
17594	2018	3	4	11	0	0.894	337.5
17594	2018	3	4	12	0	0.894	292.5
17595	2018	3	4	13	0	1.341	292.5
17595	2018	3	4	14	0	0.894	337.5
17595	2018	3	4	15	0	0.894	337.5
17595	2018	3	4	16	0	0.447	0
17595	2018	3	4	17	0	0.447	0
17595	2018	3	4	18	0	0.447	67.5
17595	2018	3	4	19	0	0.447	67.5
17595	2018	3	4	20	0	0.894	67.5
17595	2018	3	4	21	0	0.894	67.5
17595	2018	3	5	0	0	1.341	270
17595	2018	3	5	1	0	1.341	292.5
17595	2018	3	5	2	0	1.341	270
17595	2018	3	5	3	0	1.788	270
17595	2018	3	5	4	0	1.788	270
17595	2018	3	5	5	0	1.341	292.5
17595	2018	3	5	6	0	0.894	270
17595	2018	3	5	7	0	1.341	292.5
17595	2018	3	5	8	0	1.341	270
17595	2018	3	5	9	0	1.341	270
17595	2018	3	5	10	0	1.341	270
17595	2018	3	5	11	0	1.341	292.5
17596	2018	3	5	12	0	1.341	292.5
17596	2018	3	5	13	0	1.341	315
17596	2018	3	5	14	0	1.788	270
17596	2018	3	5	15	0	1.788	292.5
17596	2018	3	5	16	0	0.894	0
17596	2018	3	5	17	0	0.894	292.5
17596	2018	3	5	18	0	1.341	270
17596	2018	3	5	19	0	1.341	270
17596	2018	3	5	20	0	1.788	270
17596	2018	3	5	21	0	1.788	270
17596	2018	3	5	22	0	1.788	270
17596	2018	3	5	23	0	1.341	247.5
17596	2018	3	6	0	0	0.894	247.5
17596	2018	3	6	1	0	0.447	270
17596	2018	3	6	2	0	0.894	225
17596	2018	3	6	3	0	0.447	270
17596	2018	3	6	4	0	0.894	270
17596	2018	3	6	5	0	0.447	247.5
17596	2018	3	6	6	0	0.447	270
17596	2018	3	6	7	0	0	270
17596	2018	3	6	8	0	0.447	270
17596	2018	3	6	9	0	0	270
17596	2018	3	6	10	0	0.447	315
17596	2018	3	6	11	0	0.447	90
17596	2018	3	6	12	0	0.447	90
17597	2018	3	6	13	0	0.447	67.5
17597	2018	3	6	14	0	0.894	0
17597	2018	3	6	15	0	0.894	337.5
17597	2018	3	6	16	0	0.894	270
17597	2018	3	6	17	0	0.894	292.5
17597	2018	3	6	18	0	0.894	270
17597	2018	3	6	19	0	0.894	202.5
17597	2018	3	6	20	0	0.447	202.5
17597	2018	3	6	21	0	0.447	180
17597	2018	3	6	22	0	0	180
17597	2018	3	6	23	0	0.447	180
17598	2018	3	8	1	0	1.341	247.5
17598	2018	3	8	2	0	1.341	247.5
17598	2018	3	8	3	0	1.341	247.5
17598	2018	3	8	4	0	1.341	225
17598	2018	3	8	5	0	0.894	247.5
17598	2018	3	8	6	0	0.894	270
17598	2018	3	8	7	0	0.894	157.5
17598	2018	3	8	8	0	0.447	180
17598	2018	3	8	9	0	1.341	292.5
17598	2018	3	8	10	0	1.341	315
17598	2018	3	8	11	0	1.341	292.5
17598	2018	3	8	12	0	0.894	337.5
17599	2018	3	8	13	0	0.894	67.5
17606	2018	3	16	2	0	2.235	270
17606	2018	3	16	3	0	1.788	270
17606	2018	3	16	4	0	1.788	292.5
17606	2018	3	16	5	0	1.788	270
17606	2018	3	16	6	0	1.788	270
17606	2018	3	16	7	0	1.788	292.5
17606	2018	3	16	8	0	1.788	292.5
17606	2018	3	16	9	0	1.341	270
17606	2018	3	16	10	0	1.788	270
17606	2018	3	16	11	0	2.235	270
17606	2018	3	16	12	0	2.235	337.5
17607	2018	3	16	13	0	1.788	337.5
17607	2018	3	16	14	0	1.788	337.5
17607	2018	3	17	8	0	0.447	90
17607	2018	3	17	9	0	0.447	45
17607	2018	3	17	10	0	0.447	22.5
17607	2018	3	17	11	0	0.894	337.5
17608	2018	3	17	12	0	1.341	337.5
17608	2018	3	17	13	0	0.894	337.5
17608	2018	3	17	14	0	0.894	337.5
17608	2018	3	17	15	0	0.447	45
17608	2018	3	17	16	0	0.894	337.5
17608	2018	3	17	17	0	0.447	315
17608	2018	3	17	18	0	0.894	90
17608	2018	3	17	19	0	0.894	90
17608	2018	3	17	20	0	0.894	112.5
17624	2018	4	3	11	0	1.341	247.5
17624	2018	4	3	12	0	1.341	292.5
17625	2018	4	3	13	0	0.894	0
17625	2018	4	3	14	0	1.341	0
17625	2018	4	3	15	0	1.788	0
17625	2018	4	3	16	0	1.788	0
17625	2018	4	3	17	0	1.341	337.5
17625	2018	4	3	18	0	1.788	22.5
17625	2018	4	3	19	0	1.341	90
17625	2018	4	3	20	0	1.788	90
17625	2018	4	3	21	0	0.894	90
17625	2018	4	3	22	0	1.341	90
17626	2018	4	5	4	0	0.894	202.5
17626	2018	4	5	5	0	1.341	270
17626	2018	4	5	6	0	1.788	292.5
17626	2018	4	5	7	0	1.788	270
17626	2018	4	5	8	0	1.341	315
17626	2018	4	5	9	0	1.341	315
17626	2018	4	5	10	0	1.341	292.5
17626	2018	4	5	11	0	1.788	315
17626	2018	4	5	12	0	1.788	315
17627	2018	4	5	13	0	1.788	315
17627	2018	4	5	14	0	1.788	337.5
17627	2018	4	5	15	0	1.341	270
17627	2018	4	5	16	0	1.788	292.5
17627	2018	4	5	17	0	1.788	270
17627	2018	4	5	18	0	1.788	270
17627	2018	4	5	19	0	1.341	247.5
17627	2018	4	6	11	0	1.341	22.5
17628	2018	4	6	12	0	1.341	112.5
17628	2018	4	6	13	0	1.788	22.5
17628	2018	4	6	14	0	1.788	22.5
17628	2018	4	6	15	0	2.235	90
17628	2018	4	6	16	0	2.235	90
17628	2018	4	6	17	0	2.235	90
17628	2018	4	6	18	0	2.235	90
17628	2018	4	6	19	0	1.788	90
17628	2018	4	6	20	0	2.235	90
17628	2018	4	6	21	0	2.235	112.5
17628	2018	4	6	22	0	1.788	90
17634	2018	4	13	8	0	0.894	135
17634	2018	4	13	9	0	0.894	90
17634	2018	4	13	10	0	0.894	90
17634	2018	4	13	11	0	1.341	90
17634	2018	4	13	12	0	0.894	337.5
17635	2018	4	13	13	0	1.341	270
17635	2018	4	13	14	0	1.341	0
17635	2018	4	13	15	0	1.341	0
17635	2018	4	13	16	0	1.788	0
17635	2018	4	13	17	0	1.341	0
17635	2018	4	13	18	0	1.341	22.5
17635	2018	4	13	19	0	1.341	0
17637	2018	4	16	4	0	1.788	270
17637	2018	4	16	5	0	1.341	270
17637	2018	4	16	6	0	1.341	292.5
17637	2018	4	16	7	0	1.788	270
17637	2018	4	16	8	0	1.341	270
17637	2018	4	16	9	0	2.235	270
17637	2018	4	16	10	0	2.235	292.5
17637	2018	4	16	11	0	2.235	292.5
17638	2018	4	16	12	0	2.235	315
17638	2018	4	16	13	0	1.788	315
17638	2018	4	16	14	0	1.788	315
17638	2018	4	16	15	0	1.788	337.5
17643	2018	4	22	0	0	0.447	90
17643	2018	4	22	1	0	0.447	90
17643	2018	4	22	2	0	0	90
17643	2018	4	22	3	0	0.447	90
17643	2018	4	22	4	0	0	112.5
17643	2018	4	22	5	0	0	112.5
17643	2018	4	22	6	0	0	90
17643	2018	4	22	7	0	0.894	90
17643	2018	4	22	8	0	0.447	90
17643	2018	4	22	9	0	0.447	90
17643	2018	4	22	10	0	0.894	315
17643	2018	4	22	11	0	0.447	337.5
17644	2018	4	23	9	0	0.894	45
17644	2018	4	23	10	0	1.341	337.5
17644	2018	4	23	11	0	1.341	337.5
17644	2018	4	23	12	0	0.894	337.5
17645	2018	4	23	13	0	0.894	270
17645	2018	4	23	14	0	1.341	337.5
17645	2018	4	23	15	0	1.341	0
17645	2018	4	23	16	0	0.894	0
17645	2018	4	23	17	0	0.447	337.5
17645	2018	4	23	18	0	0.894	67.5
17645	2018	4	23	19	0	1.341	90
17645	2018	4	23	20	0	0.894	112.5
17645	2018	4	23	21	0	0.894	112.5
17645	2018	4	24	8	0	0.894	225
17645	2018	4	24	9	0	0.894	202.5
17645	2018	4	24	10	0	1.341	270
17645	2018	4	24	11	0	0.894	337.5
17646	2018	4	24	12	0	0.894	315
17646	2018	4	24	13	0	0.894	292.5
17646	2018	4	24	14	0	1.341	0
17646	2018	4	24	15	0	1.341	0
17646	2018	4	24	16	0	1.341	22.5
17646	2018	4	24	17	0	0.894	112.5
17646	2018	4	24	18	0	1.788	90
17646	2018	4	24	19	0	1.341	90
17646	2018	4	25	7	0	0.894	202.5
17646	2018	4	25	8	0	1.788	202.5
17646	2018	4	25	9	0	1.788	202.5
17646	2018	4	25	10	0	0.894	337.5
17646	2018	4	25	11	0	0.894	270
17646	2018	4	25	12	0	0.894	22.5
17647	2018	4	25	13	0	1.341	22.5
17647	2018	4	25	14	0	1.788	22.5
17647	2018	4	25	15	0	1.341	0
17647	2018	4	25	16	0	0.894	22.5
17647	2018	4	25	17	0	0.894	45
17647	2018	4	25	18	0	1.341	22.5
17647	2018	4	25	19	0	1.341	90
17647	2018	4	25	20	0	1.341	112.5
17647	2018	4	26	5	0	0.894	337.5
17647	2018	4	26	6	0	0.894	202.5
17647	2018	4	26	7	0	1.788	157.5
17647	2018	4	26	8	0	0.894	270
17647	2018	4	26	9	0	1.341	202.5
17647	2018	4	26	10	0	1.341	202.5
17647	2018	4	26	11	0	1.341	315
17648	2018	4	26	12	0	1.341	315
17648	2018	4	26	13	0	1.788	337.5
17648	2018	4	26	14	0	1.341	90
17648	2018	4	26	15	0	1.341	22.5
17648	2018	4	26	16	0	1.341	90
17648	2018	4	26	17	0	1.788	180
17648	2018	4	26	18	0	2.235	180
17648	2018	4	26	19	0	1.788	202.5
17648	2018	4	26	20	0	1.788	157.5
17650	2018	4	29	0	0	0	157.5
17650	2018	4	29	1	0	0.447	157.5
17650	2018	4	29	2	0	0	157.5
17650	2018	4	29	3	0	0	157.5
17650	2018	4	29	4	0	0	157.5
17650	2018	4	29	5	0	0	157.5
17650	2018	4	29	6	0	0.447	67.5
17650	2018	4	29	7	0	0.447	67.5
17650	2018	4	29	8	0	0.894	112.5
17650	2018	4	29	9	0	0.894	112.5
17650	2018	4	29	10	0	0.894	90
17650	2018	4	29	11	0	0.447	90
17650	2018	4	29	12	0	0.447	180
17654	2018	5	3	0	0	1.788	292.5
17654	2018	5	3	1	0	1.341	270
17654	2018	5	3	2	0	1.341	270
17654	2018	5	3	3	0	1.788	270
17654	2018	5	3	4	0	1.788	292.5
17654	2018	5	3	5	0	1.788	270
17654	2018	5	3	6	0	1.341	270
17654	2018	5	3	7	0	1.788	292.5
17654	2018	5	3	8	0	1.788	292.5
17654	2018	5	3	9	0	1.788	270
17654	2018	5	3	10	0	1.788	292.5
17654	2018	5	3	11	0	1.341	337.5
17654	2018	5	3	12	0	0.894	337.5
17655	2018	5	3	13	0	0.894	0
17655	2018	5	3	14	0	1.341	337.5
17655	2018	5	3	15	0	1.341	315
17655	2018	5	3	16	0	1.788	292.5
17655	2018	5	3	17	0	1.788	270
17655	2018	5	3	18	0	1.788	270
17655	2018	5	3	19	0	1.341	112.5
17656	2018	5	5	5	0	0.894	270
17656	2018	5	5	6	0	0.894	247.5
17656	2018	5	5	7	0	1.341	270
17656	2018	5	5	8	0	1.341	247.5
17656	2018	5	5	9	0	1.341	247.5
17656	2018	5	5	10	0	1.788	315
17656	2018	5	5	11	0	1.788	270
17656	2018	5	5	12	0	1.788	292.5
17657	2018	5	5	13	0	1.788	337.5
17657	2018	5	5	14	0	0.894	0
17657	2018	5	5	15	0	1.788	337.5
17657	2018	5	5	16	0	1.341	337.5
17657	2018	5	6	0	0	1.341	270
17657	2018	5	6	1	0	0.894	270
17657	2018	5	6	2	0	1.341	270
17657	2018	5	6	3	0	1.341	270
17657	2018	5	6	4	0	1.341	292.5
17657	2018	5	6	5	0	0.894	270
17657	2018	5	6	6	0	0.894	270
17657	2018	5	6	7	0	0.894	270
17657	2018	5	6	8	0	1.341	292.5
17657	2018	5	6	9	0	1.788	270
17657	2018	5	6	10	0	1.341	292.5
17657	2018	5	6	11	0	1.341	270
17658	2018	5	6	12	0	1.341	315
17658	2018	5	6	13	0	0.894	315
17658	2018	5	6	14	0	1.341	337.5
17658	2018	5	6	15	0	0.894	112.5
17658	2018	5	6	16	0	1.341	22.5
17658	2018	5	6	17	0	1.788	90
17658	2018	5	6	18	0	1.788	90
17658	2018	5	6	19	0	1.341	90
17658	2018	5	6	20	0	1.341	90
17660	2018	5	9	0	0	0.447	270
17660	2018	5	9	1	0	0.894	292.5
17660	2018	5	9	2	0	1.341	292.5
17660	2018	5	9	3	0	1.341	292.5
17660	2018	5	9	4	0	1.341	270
17660	2018	5	9	5	0	1.341	270
17660	2018	5	9	6	0	0.894	270
17660	2018	5	9	7	0	0.894	292.5
17660	2018	5	9	8	0	1.341	292.5
17660	2018	5	9	9	0	0.894	337.5
17660	2018	5	9	10	0	0.894	292.5
17660	2018	5	9	11	0	0.894	270
17660	2018	5	9	12	0	1.341	292.5
17661	2018	5	9	13	0	1.341	292.5
17661	2018	5	9	14	0	0.894	270
17662	2018	5	11	0	0	1.341	225
17662	2018	5	11	1	0	1.341	225
17662	2018	5	11	2	0	0.894	225
17662	2018	5	11	3	0	0.894	225
17662	2018	5	11	4	0	0.447	202.5
17662	2018	5	11	5	0	0.894	202.5
17662	2018	5	11	6	0	0.894	180
17662	2018	5	11	7	0	0.894	202.5
17662	2018	5	11	8	0	0.894	202.5
17662	2018	5	11	9	0	0.894	270
17662	2018	5	11	10	0	1.341	270
17662	2018	5	11	11	0	0.894	337.5
17662	2018	5	11	12	0	1.341	0
17663	2018	5	11	13	0	0.894	22.5
17665	2018	5	14	5	0	1.788	270
17665	2018	5	14	6	0	1.788	225
17665	2018	5	14	7	0	1.341	225
17665	2018	5	14	8	0	0.894	225
17665	2018	5	14	9	0	0.894	270
17665	2018	5	14	10	0	1.341	337.5
17665	2018	5	14	11	0	1.341	337.5
17666	2018	5	14	12	0	1.341	292.5
17666	2018	5	14	13	0	1.341	337.5
17666	2018	5	14	14	0	0.894	45
17666	2018	5	14	15	0	1.788	202.5
17666	2018	5	14	16	0	1.341	247.5
17668	2018	5	17	8	0	1.341	270
17668	2018	5	17	9	0	1.788	270
17668	2018	5	17	10	0	1.788	270
17668	2018	5	17	11	0	1.788	270
17668	2018	5	17	12	0	1.788	337.5
17669	2018	5	17	13	0	1.341	315
17669	2018	5	17	14	0	1.788	337.5
17669	2018	5	17	15	0	1.341	337.5
17669	2018	5	17	16	0	1.341	337.5
17669	2018	5	17	17	0	1.788	292.5
17669	2018	5	17	18	0	1.788	135
17669	2018	5	17	19	0	1.341	135
17669	2018	5	18	9	0	0.894	0
17669	2018	5	18	10	0	0.894	337.5
17669	2018	5	18	11	0	0.894	337.5
17670	2018	5	18	12	0	0.894	0
17670	2018	5	18	13	0	1.788	90
17670	2018	5	18	14	0	1.341	90
17670	2018	5	18	15	0	1.341	90
17670	2018	5	18	16	0	1.341	90
17670	2018	5	18	17	0	1.341	90
17670	2018	5	18	18	0	0.894	90
17670	2018	5	18	19	0	1.341	90
17670	2018	5	18	20	0	1.341	90
17670	2018	5	18	21	0	1.341	112.5
17670	2018	5	19	0	0	0	112.5
17670	2018	5	19	1	0	0	112.5
17670	2018	5	19	2	0	0	135
17670	2018	5	19	3	0	0.447	135
17670	2018	5	19	4	0	0.447	135
17670	2018	5	19	5	0	0.447	157.5
17670	2018	5	19	6	0	0.447	157.5
17670	2018	5	19	7	0	0	157.5
17670	2018	5	19	8	0	0.447	157.5
17670	2018	5	19	9	0	0.894	270
17670	2018	5	19	10	0	0.894	45
17670	2018	5	19	11	0	0.447	337.5
17672	2018	5	21	2	0	1.341	315
17672	2018	5	21	3	0	1.341	270
17672	2018	5	21	4	0	1.788	270
17672	2018	5	21	5	0	0.894	292.5
17672	2018	5	21	6	0	1.341	270
17672	2018	5	21	7	0	1.788	270
17672	2018	5	21	8	0	1.788	270
17672	2018	5	21	9	0	1.788	270
17672	2018	5	21	10	0	1.788	337.5
17672	2018	5	21	11	0	1.341	337.5
17672	2018	5	21	12	0	0.894	337.5
17673	2018	5	21	13	0	1.341	0
17673	2018	5	21	14	0	1.341	90
17673	2018	5	22	1	0	0.894	225
17673	2018	5	22	2	0	0.447	270
17673	2018	5	22	3	0	0.894	202.5
17673	2018	5	22	4	0	0.894	292.5
17673	2018	5	22	5	0	1.341	270
17673	2018	5	22	6	0	1.341	270
17673	2018	5	22	7	0	1.341	292.5
17673	2018	5	22	8	0	1.341	0
17673	2018	5	22	9	0	0.894	0
17673	2018	5	22	10	0	0.894	292.5
17673	2018	5	22	11	0	0.447	292.5
17674	2018	5	22	12	0	0.894	0
17674	2018	5	22	13	0	1.341	337.5
17674	2018	5	22	14	0	0.894	337.5
17674	2018	5	22	15	0	0.447	112.5
17674	2018	5	22	16	0	0.894	90
17674	2018	5	23	3	0	0.894	292.5
17674	2018	5	23	4	0	0.894	292.5
17674	2018	5	23	5	0	0.894	292.5
17674	2018	5	23	6	0	0.894	247.5
17674	2018	5	23	7	0	0.894	247.5
17674	2018	5	23	8	0	1.341	270
17674	2018	5	23	9	0	1.341	270
17674	2018	5	23	10	0	1.788	292.5
17674	2018	5	23	11	0	1.788	337.5
17674	2018	5	23	12	0	1.788	337.5
17675	2018	5	23	13	0	1.341	337.5
17675	2018	5	23	14	0	1.341	0
17675	2018	5	23	15	0	0.894	292.5
17675	2018	5	23	16	0	1.341	270
17675	2018	5	24	7	0	1.341	202.5
17675	2018	5	24	8	0	0.894	202.5
17675	2018	5	24	9	0	0.894	202.5
17675	2018	5	24	10	0	1.341	247.5
17675	2018	5	24	11	0	1.341	270
17676	2018	5	24	12	0	0.894	270
17676	2018	5	24	13	0	1.341	337.5
17676	2018	5	24	14	0	1.341	337.5
17676	2018	5	24	15	0	1.341	315
17676	2018	5	24	16	0	1.341	337.5
17676	2018	5	24	17	0	1.788	337.5
17676	2018	5	24	18	0	1.341	270
17676	2018	5	24	19	0	1.341	337.5
17676	2018	5	24	20	0	1.341	337.5
17677	2018	5	26	0	0	0.447	157.5
17677	2018	5	26	1	0	0	157.5
17677	2018	5	26	2	0	0.447	202.5
17677	2018	5	26	3	0	0.447	202.5
17677	2018	5	26	4	0	0	202.5
17677	2018	5	26	5	0	0.447	337.5
17677	2018	5	26	6	0	0	337.5
17677	2018	5	26	7	0	0.447	315
17677	2018	5	26	8	0	0.447	247.5
17677	2018	5	26	9	0	0.447	112.5
17677	2018	5	26	10	0	0.894	337.5
17677	2018	5	26	11	0	0.447	45
17680	2018	5	29	4	0	1.341	292.5
17680	2018	5	29	5	0	1.341	270
17680	2018	5	29	6	0	0.894	270
17680	2018	5	29	7	0	0.894	270
17680	2018	5	29	8	0	1.341	247.5
17680	2018	5	29	9	0	0.894	270
17680	2018	5	29	10	0	0.894	292.5
17680	2018	5	29	11	0	0.894	337.5
17680	2018	5	29	12	0	0.447	0
17681	2018	5	29	13	0	0.894	337.5
17681	2018	5	29	14	0	0.894	0
17681	2018	5	29	15	0	0.894	0
17681	2018	5	29	16	0	1.341	0
17681	2018	5	29	17	0	1.341	22.5
17681	2018	5	29	18	0	0.894	22.5
17681	2018	5	30	0	0	0.894	180
17681	2018	5	30	1	0	0.894	180
17681	2018	5	30	2	0	0.447	45
17681	2018	5	30	3	0	0.894	90
17681	2018	5	30	4	0	0.894	202.5
17681	2018	5	30	5	0	0.447	270
17681	2018	5	30	6	0	0.447	270
17681	2018	5	30	7	0	0.894	180
17681	2018	5	30	8	0	0.447	180
17681	2018	5	30	9	0	0.894	292.5
17681	2018	5	30	10	0	0.894	292.5
17681	2018	5	30	11	0	0.894	315
17682	2018	5	30	12	0	0.894	0
